2495358
27
[([[1, 0], [369, 0], [369, 131], [1, 131]], '[ 슬} 물', 0.032785208840605984), ([[531, 0], [1000, 0], [1000, 129], [531, 129]], '숨물 [싹', 0.003084232159005264), ([[6, 132], [314, 132], [314, 258], [6, 258]], '[ 목턱', 0.03657565265893936), ([[638, 128], [997, 128], [997, 260], [638, 260]], '깨다} []', 0.08376575526015537), ([[11, 269], [101, 269], [101, 377], [11, 377]], '[', 0.37059824342847847), ([[667, 257], [1000, 257], [1000, 393], [667, 393]], '적@', 0.017565439964767702), ([[682, 392], [997, 392], [997, 428], [682, 428]], '"동설 수중달짝이 450^깔개놈그림', 0.03929350484000864), ([[829, 421], [999, 421], [999, 457], [829, 457]], '))신(@94599)', 0.1391152640154836), ([[0, 396], [130, 396], [130, 524], [0, 524]], '[]', 0.5192294301555511), ([[18, 1324], [216, 1324], [216, 1402], [18, 1402]], '_-18', 0.25428483969447435), ([[222, 1368], [736, 1368], [736, 1400], [222, 1400]], '*얘 대학원생이없면 애라 나보다 나이 많은 성인이에요', 0.5547835058934819)]
[([[663, 127], [725, 127], [725, 163], [663, 163]], '아뇨', 0.9999834784753582), ([[95, 176], [276, 176], [276, 220], [95, 220]], '!? 이게 무슨', 0.6887567391074837), ([[731, 251], [881, 251], [881, 293], [731, 293]], '전 작품보단', 0.921888750168079), ([[723, 1175], [853, 1175], [853, 1237], [723, 1237]], "'여기'", 0.9999948740005493), ([[680, 1232], [880, 1232], [880, 1284], [680, 1284]], '틀 원해요9', 0.45213950914658063)]
[([[159, 179], [273, 179], [273, 227], [159, 227]], '변태]!', 0.4716479778289795), ([[148, 226], [286, 226], [286, 274], [148, 274]], '쓰레기생', 0.2845079302787781), ([[717, 253], [865, 253], [865, 295], [717, 295]], '죽어버려]', 0.6260424243210246)]
[([[143.0223806046284, 1118.017704687744], [451.1482550887515, 1232.2717940122511], [364.9776193953716, 1447.982295312256], [56.85174491124849, 1333.7282059877489]], "'셋%", 0.002755524555611233)]
[([[44, 420], [132, 420], [132, 472], [44, 472]], '히(아째니', 7.194721662518991e-05), ([[95, 1151], [321, 1151], [321, 1256], [95, 1256]], '파아 ', 0.24009741510047966), ([[676, 1230], [816, 1230], [816, 1326], [676, 1326]], '히수', 0.0636469981905623)]
[([[577, 103], [667, 103], [667, 167], [577, 167]], '0%', 0.48107918009328315), ([[419, 1026], [607, 1026], [607, 1267], [419, 1267]], '소', 0.7888146162009093), ([[23, 1171], [379, 1171], [379, 1381], [23, 1381]], '부욕', 0.03160333701589107), ([[30, 1354], [86, 1354], [86, 1414], [30, 1414]], '7', 0.9318657004041739)]
[([[151, 117], [269, 117], [269, 157], [151, 157]], '여기있는', 0.34385403990745544), ([[133, 151], [287, 151], [287, 191], [133, 191]], '사람들 전부', 0.7479028050655008), ([[740, 360], [782, 360], [782, 392], [740, 392]], '어?', 0.999620699435962), ([[679, 635], [817, 635], [817, 679], [679, 679]], '저와 같은', 0.9508142389551286), ([[603, 675], [895, 675], [895, 719], [603, 719]], '생각하고 있을 걸요?', 0.41074567813889934), ([[424, 1031], [597, 1031], [597, 1252], [424, 1252]], '쇼', 0.36323183698729977), ([[63.344788222795266, 47.35853409014958], [132.3792763022169, 40.85979167526262], [134.65521177720473, 76.64146590985042], [65.62072369778309, 83.14020832473737]], '사실~', 0.5202810168266296)]
[]
[]
[]
[]
[([[760, 190], [864, 190], [864, 238], [760, 238]], '키짓 ?', 0.08771069347858429)]
[]
[]
[]
[]
[]
[]
[([[424, 1031], [601, 1031], [601, 1252], [424, 1252]], '스', 0.5286131524401902)]
[([[663, 127], [725, 127], [725, 163], [663, 163]], '아뇨', 0.9999834784753582), ([[95, 177], [277, 177], [277, 221], [95, 221]], '!? 이게 무슨', 0.7227932039560405), ([[731, 251], [881, 251], [881, 293], [731, 293]], '전 작품보단', 0.9235147940624148), ([[455, 1097], [575, 1097], [575, 1161], [455, 1161]], "여기'", 0.9999576036029147), ([[404, 1154], [602, 1154], [602, 1206], [404, 1206]], '틀 원해요~', 0.2449811486700857)]
[([[99, 65], [177, 65], [177, 103], [99, 103]], '뭐야?', 0.677941327175246), ([[179, 151], [301, 151], [301, 189], [179, 189]], '너도 나름', 0.8640269883989224), ([[127, 183], [351, 183], [351, 223], [127, 223]], '방해할 생각이야?', 0.9488682794636133), ([[755, 171], [911, 171], [911, 209], [755, 209]], '네가? 감히?', 0.9851130496264177), ([[403, 1113], [866, 1113], [866, 1174], [403, 1174]], '너 따위가 내 작품에 발울', 0.47106624695857513), ([[443, 1165], [783, 1165], [783, 1225], [443, 1225]], '들여놓으려 하다니', 0.9765584104800401)]
[([[111, 57], [209, 57], [209, 95], [111, 95]], '너 같이', 0.9993064356020759), ([[93, 93], [225, 93], [225, 131], [93, 131]], '허~접한(', 0.11955128031667225), ([[170, 218], [216, 218], [216, 250], [170, 250]], '대~', 0.770443736922494), ([[212, 204], [328, 204], [328, 258], [212, 258]], '적자는', 0.6384666700998044), ([[715, 373], [895, 373], [895, 413], [715, 413]], '내 실험체로도', 0.8974168386444475), ([[713, 409], [891, 409], [891, 449], [713, 449]], '못 서먹켓네)', 0.1696278483232001), ([[129, 733], [247, 733], [247, 775], [129, 775]], '쓸모없어', 0.834517434217482), ([[149, 771], [229, 771], [229, 809], [149, 809]], '허~접', 0.9252284891959673), ([[250, 916], [570, 916], [570, 970], [250, 970]], '가서 내 사흉들에계', 0.5408699000211525), ([[196, 962], [616, 962], [616, 1016], [196, 1016]], '정신력 빨리다 뒤저버려어', 0.3927108150716007)]
[([[109, 59], [207, 59], [207, 99], [109, 99]], '하루 뒤', 0.9947581246675725)]
[([[103, 57], [211, 57], [211, 99], [103, 99]], '한달 뒤', 0.9336892561542317), ([[792, 252], [844, 252], [844, 260], [792, 260]], '06.. ..', 0.0052726683821123395)]
[([[93, 61], [225, 61], [225, 97], [93, 97]], '일 년 뒤!?', 0.823267309744683), ([[628, 161], [880, 161], [880, 210], [628, 210]], '아무모 내 작품올', 0.46614909092060286), ([[594, 202], [916, 202], [916, 250], [594, 250]], '보리 오지 안분 거야.?', 0.12205734947039901), ([[112, 279], [253, 279], [253, 333], [112, 333]], '왜왜 !', 0.9546188983359896), ([[143, 649], [299, 649], [299, 691], [143, 691]], '이 엄청나고', 0.8931604254790892), ([[56, 682], [385, 682], [385, 726], [56, 726]], '굉장한 작품올 안 본다고?', 0.6117887361227895), ([[587, 837], [679, 837], [679, 875], [587, 875]], '진짜 ', 0.9040572841108434), ([[560, 927], [913, 927], [913, 971], [560, 971]], '몇 년올 갈고닦아서 만문 건데.', 0.2610168728903383), ([[159, 1329], [289, 1329], [289, 1365], [159, 1365]], '에 그치만.', 0.9781707164908037), ([[26.51257083768542, 194.11759917275958], [164.98579186346834, 162.66205459988137], [174.48742916231458, 217.88240082724042], [37.01420813653168, 248.33794540011863]], '으애왜', 0.030132735707042498)]
[([[171, 161], [315, 161], [315, 201], [171, 201]], '카굉장은 .', 0.3802353953934629), ([[76, 198], [410, 198], [410, 246], [76, 246]], '나에컨 너무 먼 보스인걸', 0.49257235459214277), ([[807, 267], [891, 267], [891, 335], [807, 335]], '!!?', 0.3858571119069614), ([[107, 933], [185, 933], [185, 971], [107, 971]], '흐음~', 0.9587952515951116), ([[57, 967], [235, 967], [235, 1007], [57, 1007]], '돈이나 시간올', 0.6605766412315045), ([[27, 1001], [261, 1001], [261, 1043], [27, 1043]], '생각하다면 차라리', 0.9864834531778669), ([[666, 1084], [942, 1084], [942, 1136], [666, 1136]], '난 루시드 동꼬~', 0.4439418542976622), ([[97, 1178], [402, 1178], [402, 1223], [97, 1223]], '부캐놈 스껴올 올려서', 0.4965702242950621), ([[72, 1218], [428, 1218], [428, 1266], [72, 1266]], '하드 스데미 동고 따는 게', 0.8774380866163038), ([[41, 1259], [463, 1259], [463, 1303], [41, 1303]], '더 빠르고 효율적이지 않올까?', 0.5773694423540395), ([[625, 1283], [959, 1283], [959, 1325], [625, 1325]], '이이 더럽고 허접한 놈들!', 0.8884454343928979)]
[([[598, 428], [754, 428], [754, 552], [598, 552]], '@헬', 0.0773548173167295), ([[548, 995], [792, 995], [792, 1043], [548, 1043]], '@너는 이 카굉님의', 0.36661342716636225), ([[535, 1033], [805, 1033], [805, 1075], [535, 1075]], '작품올 보러 온 거야?', 0.7017131830511498), ([[29.647966665425557, 55.12608998845769], [310.1466570201313, 3.057260389264462], [330.35203333457446, 191.8739100115423], [49.8533429798687, 243.94273961073554]], '소유', 0.36732876051362073)]
