2499740
41
[([[64, 58], [142, 58], [142, 114], [64, 114]], ':', 0.002102820133787278), ([[56, 128], [144, 128], [144, 156], [56, 156]], '골피_가교', 0.0008051290185647689), ([[629, 321], [863, 321], [863, 387], [629, 387]], '류설입전로-', 1.2667559522635832e-05), ([[42, 366], [215, 366], [215, 406], [42, 406]], '6+흐 <*출리', 0.0007138007584547008), ([[11, 376], [452, 376], [452, 669], [11, 669]], '106', 0.8254817123363388)]
[([[6, 8], [78, 8], [78, 40], [6, 40]], '이성을', 0.26404790839013986), ([[820, 8], [896, 8], [896, 38], [820, 38]], '쾌락에', 0.6394308183762258), ([[6, 44], [80, 44], [80, 76], [6, 76]], '지켜내', 0.9987959947587929), ([[800, 44], [896, 44], [896, 76], [800, 76]], '지지말고', 0.9999488592147827), ([[6, 80], [54, 80], [54, 112], [6, 112]], '보럼', 0.5181466039093165)]
[([[886, 112], [912, 112], [912, 248], [886, 248]], '"', 0.6245661946824299), ([[418, 892], [464, 892], [464, 920], [418, 920]], '여긴', 0.9835950048058102), ([[108, 912], [174, 912], [174, 942], [108, 942]], '시간은', 0.999796554549263), ([[436, 924], [460, 924], [460, 948], [436, 948]], '내', 0.9999715091827319), ([[108, 942], [188, 942], [188, 972], [108, 972]], '자~안뜩', 0.5550949573516846), ([[382, 956], [470, 956], [470, 986], [382, 986]], '몸속이야 ', 0.5490811272784333), ([[108, 971], [197, 971], [197, 1007], [108, 1007]], '있으니까', 0.8996266722679138), ([[108, 1008], [174, 1008], [174, 1036], [108, 1036]], '천천히', 0.9990351974769086), ([[108, 1038], [196, 1038], [196, 1068], [108, 1068]], '녹여출게', 0.23883505165576935)]
[([[322, 126], [366, 126], [366, 152], [322, 152]], '귀도', 0.9985492767035775), ([[306, 156], [392, 156], [392, 186], [306, 186]], '약하구나', 0.9993351697921753), ([[757, 35], [873, 35], [873, 271], [757, 271]], '흙', 0.035471144835002244), ([[104, 346], [212, 346], [212, 376], [104, 376]], '알고 있없어', 0.9193533066381364), ([[784, 272], [834, 272], [834, 370], [784, 370]], '굽', 0.10858137925629308), ([[104, 376], [212, 376], [212, 408], [104, 408]], '당신의 몸을', 0.8818308342565293), ([[104, 410], [188, 410], [188, 440], [104, 440]], '먹어버럿', 0.5160946846008301), ([[104, 442], [168, 442], [168, 468], [104, 468]], '으니까', 0.9913993729666822), ([[863, 607], [885, 607], [885, 627], [863, 627]], '자', 0.999975204621478), ([[751, 635], [884, 635], [884, 662], [751, 662]], '가버리도록 해', 0.9980327526648014), ([[260, 864], [332, 864], [332, 896], [260, 896]], '어절 수', 0.956135243587324), ([[272, 898], [318, 898], [318, 928], [272, 928]], '없네', 0.984917984460302), ([[862, 1168], [886, 1168], [886, 1194], [862, 1194]], '극', 0.8324809518342278), ([[852, 1200], [896, 1200], [896, 1230], [852, 1230]], '견너', 0.12249588859212775), ([[832, 1232], [898, 1232], [898, 1262], [832, 1262]], '내켓어', 0.3423641609466199)]
[([[806, 172], [860, 172], [860, 198], [806, 198]], '루카 .', 0.537074089050293), ([[338, 652], [406, 652], [406, 682], [338, 682]], '엘리스.', 0.5495208777904858), ([[491, 1297], [515, 1297], [515, 1311], [491, 1311]], '14', 0.5299682555141457)]
[([[824, 850], [892, 850], [892, 878], [824, 878]], '아하하', 0.9997119019530689), ([[824, 882], [892, 882], [892, 910], [824, 910]], '하하하', 0.9990197825709978), ([[840, 916], [886, 916], [886, 942], [840, 942]], '사정', 0.9998019155586803), ([[824, 946], [892, 946], [892, 976], [824, 976]], '햇깊다', 0.17681851136334686), ([[54, 1192], [100, 1192], [100, 1218], [54, 1218]], '뛰야', 0.5534190930643709), ([[598, 1184], [706, 1184], [706, 1214], [598, 1214]], '유감이지만', 0.9252854311035619), ([[598, 1216], [642, 1216], [642, 1244], [598, 1244]], '나는', 0.9958500505341329), ([[489, 1295], [513, 1295], [513, 1313], [489, 1313]], '15', 0.997324134869729)]
[([[104, 159], [196, 159], [196, 189], [104, 189]], '말 조심해', 0.9985804007325032), ([[106, 194], [172, 194], [172, 222], [106, 222]], '여기엔', 0.9995690958881227), ([[512, 192], [622, 192], [622, 222], [512, 222]], '다른 사람의', 0.9927367264955677), ([[104, 224], [236, 224], [236, 256], [104, 256]], '다른 사람다위', 0.6820791583572521), ([[517, 224], [623, 224], [623, 254], [517, 254]], '마음까지논', 0.6777048655038677), ([[106, 258], [150, 258], [150, 286], [106, 286]], '없어', 0.9998917686085846), ([[506, 256], [622, 256], [622, 286], [506, 286]], '집어 삼길 수', 0.8156949950405507), ([[104, 289], [196, 289], [196, 319], [104, 319]], '내가 전부', 0.9926176519485653), ([[536, 288], [602, 288], [602, 318], [536, 318]], '없는게', 0.40832483003648173), ([[104, 318], [231, 318], [231, 354], [104, 354]], '먹어버럿으니', 0.3275703208131981), ([[530, 320], [608, 320], [608, 348], [530, 348]], '아난지?', 0.543632984161377), ([[810, 574], [874, 574], [874, 604], [810, 604]], '세계틀', 0.5537567871910875), ([[798, 606], [882, 606], [882, 636], [798, 636]], '집어심켜', 0.3322124481201172), ([[822, 638], [866, 638], [866, 668], [822, 668]], '별을', 0.2747334190811763), ([[548, 668], [646, 668], [646, 700], [548, 700]], '살아 남은건', 0.7308182266456781), ([[810, 672], [874, 672], [874, 698], [810, 698]], '지배해', 0.9996479657913797), ([[138, 702], [184, 702], [184, 728], [138, 728]], '할수', 0.3725003754247731), ([[570, 696], [610, 696], [610, 724], [570, 724]], '나뿐', 0.5359416724035415), ([[134, 730], [194, 730], [194, 758], [134, 758]], '앞는건', 0.23441346415331366), ([[122, 756], [198, 756], [198, 782], [122, 782]], '자문자답', 0.9822632074356079), ([[134, 782], [194, 782], [194, 810], [134, 810]], '뿐이야', 0.9793616255632708), ([[112, 1168], [176, 1168], [176, 1194], [112, 1194]], '그거면', 0.9995512711302034), ([[112, 1198], [158, 1198], [158, 1228], [112, 1228]], '충분', 0.4985208483119581), ([[275.719631200671, 1092.4635574408053], [308.6729222591595, 1088.9039474853782], [310.280368799329, 1107.5364425591947], [276.3270777408405, 1110.0960525146218]], "'.", 0.10366301477938832)]
[([[750, 264], [796, 264], [796, 290], [750, 290]], '내가', 0.9999478226002506), ([[725, 295], [833, 295], [833, 323], [725, 323]], '바람거니까', 0.451447052010714), ([[206, 430], [278, 430], [278, 460], [206, 460]], '무슨 차', 0.9998556298332597), ([[204, 462], [282, 462], [282, 490], [204, 490]], '마실래?', 0.9988865256309509)]
[]
[([[828, 160], [874, 160], [874, 190], [828, 190]], '몸이', 0.9853305572090133), ([[522, 196], [548, 196], [548, 222], [522, 222]], '뭐', 0.9999947547981378), ([[750, 280], [812, 280], [812, 308], [750, 308]], '이상해', 0.9999113532625694), ([[118, 726], [166, 726], [166, 754], [118, 754]], '뛰야', 0.6203736977454074), ([[118, 758], [162, 758], [162, 784], [118, 784]], '이거', 0.999817846180218), ([[856, 1048], [898, 1048], [898, 1074], [856, 1074]], '후후', 0.9983900330643769), ([[836, 1080], [924, 1080], [924, 1110], [836, 1110]], '성공이네', 0.601432079159454), ([[76, 1120], [188, 1120], [188, 1152], [76, 1152]], '클론인 나랑', 0.8018184111029304), ([[396, 1137], [500, 1137], [500, 1167], [396, 1167]], '도플경어의', 0.32192681521401134), ([[100, 1154], [166, 1154], [166, 1184], [100, 1184]], '인격올', 0.9665778610277798), ([[628, 1162], [694, 1162], [694, 1188], [628, 1188]], '후카양', 0.6093765828728496), ([[408, 1170], [496, 1170], [496, 1200], [408, 1200]], '특성이야', 0.9995888471603394), ([[88, 1186], [176, 1186], [176, 1216], [88, 1216]], '뒤바군다', 0.3877967298030853)]
[([[844, 230], [874, 230], [874, 258], [844, 258]], '단 ,', 0.5185424034108985), ([[826, 262], [892, 262], [892, 292], [826, 292]], '성별은', 0.80267972695717), ([[802, 294], [912, 294], [912, 322], [802, 322]], '여자인 채로', 0.570360053085594), ([[218, 398], [264, 398], [264, 428], [218, 428]], '무슨.', 0.9537466084553943), ([[116, 744], [248, 744], [248, 774], [116, 774]], '여자도 남자도', 0.9604703573681113), ([[535, 759], [575, 759], [575, 779], [535, 779]], '머리', 0.9690228904172243), ([[116, 776], [208, 776], [208, 806], [116, 806]], '월 수잇는', 0.3779591289283249), ([[492, 790], [578, 790], [578, 818], [492, 818]], '한견에서', 0.41129201650619507), ([[888, 796], [930, 796], [930, 820], [888, 820]], '후후', 0.998322040824368), ([[116, 808], [206, 808], [206, 836], [116, 836]], '날 보고서', 0.9991074065444727), ([[460, 820], [576, 820], [576, 848], [460, 848]], '상상해 온 거', 0.8182388342086075), ([[876, 828], [946, 828], [946, 856], [876, 856]], '실패 할', 0.8512482718012424), ([[116, 840], [232, 840], [232, 870], [116, 870]], '[여자아이가', 0.9997066257198615), ([[520, 852], [576, 852], [576, 878], [520, 878]], '아냐?', 0.9999237417184876), ([[116, 872], [216, 872], [216, 902], [116, 902]], '되고 싶다]', 0.9985403087446822), ([[856, 860], [968, 860], [968, 890], [856, 890]], '가능성도 뭐', 0.990591048651013), ([[116, 906], [160, 906], [160, 930], [116, 930]], '라고', 0.9861423879113184), ([[846, 892], [978, 892], [978, 922], [846, 922]], '없진 앞앗지만', 0.7675007352977528), ([[602, 1158], [696, 1158], [696, 1188], [602, 1188]], '네 의지가', 0.9884231750706352), ([[602, 1190], [690, 1190], [690, 1220], [602, 1220]], '생각보다', 0.9997461438179016), ([[602, 1222], [688, 1222], [688, 1252], [602, 1252]], '저항하지', 0.7953503131866455), ([[604, 1254], [690, 1254], [690, 1284], [604, 1284]], '않더라고', 0.6139616966247559)]
[([[205, 1063], [805, 1063], [805, 1101], [205, 1101]], '최껍스굶(하보소[} < 초05 ! 0-*쓸사다당', 6.0371698967635244e-05), ([[205, 1089], [709, 1089], [709, 1127], [205, 1127]], '주런스껴<클? 채-틈[우 자-" -1:', 0.0031644790276012945), ([[205, 1117], [597, 1117], [597, 1155], [205, 1155]], '주#논 숲 < 타*? 균#6 # 단스', 0.00299755860924723)]
[([[812, 254], [860, 254], [860, 284], [812, 284]], '그런.', 0.9127680235933159), ([[824, 286], [852, 286], [852, 312], [824, 312]], '적 .', 0.7652997374534607), ([[42, 428], [232, 428], [232, 506], [42, 506]], '14요', 0.04409283959165961), ([[76, 566], [120, 566], [120, 592], [76, 592]], '후후', 0.998627805935032), ([[50, 598], [144, 598], [144, 628], [50, 628]], '자기 혀에', 0.8302280122801715), ([[46, 630], [150, 630], [150, 660], [46, 660]], '느껴버리는', 0.38284092444384343), ([[68, 662], [114, 662], [114, 690], [68, 690]], '구나', 0.9997944138631749), ([[850, 880], [922, 880], [922, 906], [850, 906]], '종 하고', 0.25379334187684166), ([[858, 912], [914, 912], [914, 936], [858, 936]], '오지?', 0.999353825212631), ([[414, 1082], [566, 1082], [566, 1112], [414, 1112]], '그게 여자아이의', 0.601605937803242), ([[450, 1114], [518, 1114], [518, 1144], [450, 1144]], '으으응,', 0.9492917060852051), ([[268, 1140], [336, 1140], [336, 1166], [268, 1166]], '자 그럼', 0.9996667400390541), ([[402, 1146], [574, 1146], [574, 1176], [402, 1176]], '너라는 마조암컷의', 0.9448078005312829), ([[444, 1178], [532, 1178], [532, 1208], [444, 1208]], '감각이야', 0.5466840503887117), ([[487, 1295], [513, 1295], [513, 1313], [487, 1313]], '러', 0.07565587120330974)]
[([[522, 344], [588, 344], [588, 372], [522, 372]], '꼬추가', 0.9015428766673582), ([[104, 366], [148, 366], [148, 394], [104, 394]], '안돼', 0.4125523788184135), ([[480, 376], [590, 376], [590, 406], [480, 406]], '갖고 싶어서', 0.9879826619248655), ([[103, 395], [194, 395], [194, 428], [103, 428]], '전혀 기분', 0.9741187431389671), ([[438, 408], [588, 408], [588, 436], [438, 436]], '보지가 육신거려', 0.6089209751678968), ([[104, 428], [218, 428], [218, 460], [104, 460]], '종지가 않아 .', 0.2954408358700514), ([[474, 440], [592, 440], [592, 470], [474, 470]], '참을 수 없는', 0.3116557224038694), ([[104, 460], [198, 460], [198, 492], [104, 492]], '좀 더 혀름', 0.7044495757136905), ([[486, 472], [590, 472], [590, 502], [486, 502]], '마조암컷올', 0.9332863695099104), ([[104, 492], [190, 492], [190, 524], [104, 524]], '움지이지', 0.9225265979766846), ([[486, 504], [592, 504], [592, 532], [486, 532]], '조교해출게', 0.8804276778556881), ([[104, 526], [170, 526], [170, 556], [104, 556]], '않으면', 0.994609402572816), ([[358, 714], [442, 714], [442, 742], [358, 742]], '아~ 너무', 0.9879296396256185), ([[338, 742], [447, 742], [447, 778], [338, 778]], '꾸물거려서', 0.888612387686546), ([[334, 778], [446, 778], [446, 808], [334, 808]], '찢러 버럿어', 0.19743726407856746), ([[364, 810], [442, 810], [442, 836], [364, 836]], '미안해~', 0.9979780603480918), ([[147, 1005], [173, 1005], [173, 1025], [147, 1025]], '자', 0.9999876022723129), ([[118, 1034], [206, 1034], [206, 1062], [118, 1062]], '쌀테니까', 0.9207437634468079), ([[134, 1066], [182, 1066], [182, 1096], [134, 1096]], '전부', 0.9999737004678224), ([[124, 1130], [214, 1130], [214, 1158], [124, 1158]], '변 태 씨?', 0.6928029463999962), ([[489, 1295], [515, 1295], [515, 1313], [489, 1313]], '근근', 0.604129222845885), ([[78.25259068131633, 1032.0310881757962], [237.9994055285835, 1101.8965585571427], [205.74740931868365, 1169.9689118242038], [46.00059447141648, 1100.1034414428573]], '사야 회', 0.0315968282520771)]
[([[420, 488], [488, 488], [488, 516], [420, 516]], '아하하', 0.9997565681219585), ([[380, 520], [490, 520], [490, 550], [380, 550]], '자기 정자루', 0.6812115809107951), ([[8, 555], [161, 555], [161, 584], [8, 584]], '나는 변태마조가', 0.9260078378305763), ([[446, 552], [488, 552], [488, 578], [446, 578]], '마신', 0.9999566733146458), ([[38, 588], [124, 588], [124, 616], [38, 616]], '아니라서', 0.9998135566711426), ([[374, 584], [486, 584], [486, 614], [374, 614]], '느낌은 어때', 0.7136476957687022), ([[26, 619], [139, 619], [139, 649], [26, 649]], '모르켓는길!', 0.30308658102458685), ([[32, 652], [136, 652], [136, 680], [32, 680]], '아하하하! !', 0.9990200381007786), ([[260, 872], [304, 872], [304, 898], [260, 898]], '젖어', 0.9997787362156852), ([[456, 876], [522, 876], [522, 904], [456, 904]], '그런데', 0.9999569153517017), ([[820, 878], [892, 878], [892, 906], [820, 906]], '맛 없어', 0.8092261948807296), ([[258, 904], [372, 904], [372, 932], [258, 932]], '버리논 거지', 0.6833181087537599), ([[457, 911], [481, 911], [481, 931], [457, 931]], '왜', 0.9972910178908592), ([[487, 1295], [515, 1295], [515, 1313], [487, 1313]], '근3', 0.6414455829475411), ([[120.25580075178375, 1068.0277300739021], [198.6816083881861, 1061.7023788162758], [209.74419924821626, 1221.9722699260979], [132.3183916118139, 1229.2976211837242]], '85', 0.10193160953798094)]
[([[793, 55], [945, 55], [945, 91], [793, 91]], '월 하느거야', 0.6068777962786959), ([[127, 73], [331, 73], [331, 109], [127, 109]], '부끄러분 자세름', 0.6449932167812624), ([[882, 92], [942, 92], [942, 124], [882, 124]], '나는', 0.9619079476483224), ([[128, 110], [251, 110], [251, 142], [128, 142]], '할 때마다', 0.8448035840576308), ([[127, 143], [189, 143], [189, 179], [127, 179]], '볶이', 0.08627133541247282), ([[128, 180], [214, 180], [214, 212], [128, 212]], '뜨겁고', 0.8397947001460674), ([[126, 216], [214, 216], [214, 246], [126, 246]], '머리가', 0.9987272494825233), ([[128, 252], [188, 252], [188, 280], [128, 280]], '저려', 0.9622816097880812), ([[375, 263], [423, 263], [423, 305], [375, 305]], '8', 0.04323612370112162), ([[558, 812], [642, 812], [642, 844], [558, 844]], '대단한걸', 0.3544257879257202), ([[558, 844], [644, 844], [644, 874], [558, 874]], '알려주지', 0.999871015548706), ([[558, 876], [664, 876], [664, 906], [558, 906]], '않앗논데도', 0.21573191669532402), ([[558, 908], [668, 908], [668, 938], [558, 938]], '그런 자세름', 0.5282443137210173), ([[558, 940], [624, 940], [624, 970], [558, 970]], '하다니', 0.9997405323171569), ([[118, 974], [206, 974], [206, 1000], [118, 1000]], '너는 태생', 0.49559784704928267), ([[116, 1006], [200, 1006], [200, 1032], [116, 1032]], '변태마조', 0.9537496454555585), ([[122, 1036], [202, 1036], [202, 1066], [122, 1066]], '엿나 화!', 0.6951926424762279), ([[485, 1293], [515, 1293], [515, 1313], [485, 1313]], '24', 0.9495209853654445), ([[582.0867687507281, 104.03211626033942], [668.5902995919424, 65.01340897726611], [750.9132312492719, 271.9678837396606], [664.4097004080576, 310.9865910227339]], '통', 0.4636695051397375), ([[607.4518433132068, 293.0250921139549], [649.4498580359576, 281.01688812176434], [684.5481566867932, 413.9749078860451], [643.5501419640424, 425.98311187823566]], '출', 0.006992444685116672)]
[([[421, 77], [673, 77], [673, 391], [421, 391]], '사', 0.021948015412086797), ([[830, 854], [894, 854], [894, 882], [830, 882]], '년 지금', 0.9882027651779695), ([[296, 890], [338, 890], [338, 916], [296, 916]], '정말', 0.9999847428749291), ([[794, 882], [894, 882], [894, 910], [794, 910]], '아무 준비도', 0.944966232508525), ([[254, 916], [376, 916], [376, 944], [254, 944]], '최저의 용사야', 0.996385246254798), ([[834, 910], [892, 910], [892, 936], [834, 936]], '어무도', 0.787631779631186), ([[251, 941], [377, 941], [377, 1001], [251, 1001]], '출론원대', 0.15138030052185059), ([[543, 945], [651, 945], [651, 1005], [543, 1005]], '불화다9가', 0.031357872319525575), ([[705, 849], [791, 849], [791, 1069], [705, 1069]], '}', 0.00552358915445339), ([[781, 933], [905, 933], [905, 995], [781, 995]], '[범해지워없이', 0.2150807975230842), ([[264, 998], [362, 998], [362, 1024], [264, 1024]], '사과해주지', 0.9998732763925704), ([[552, 1002], [636, 1002], [636, 1028], [552, 1028]], '이월 때가', 0.17966385544540944), ([[280, 1026], [352, 1026], [352, 1052], [280, 1052]], '않켓어?', 0.626294732093811), ([[545, 1029], [643, 1029], [643, 1055], [545, 1055]], '아니라던가', 0.880895092631383), ([[536, 1056], [656, 1056], [656, 1084], [536, 1084]], '그런 생각까지', 0.9615660345284147), ([[516, 1084], [672, 1084], [672, 1110], [516, 1110]], '쾌락으로 이어지게', 0.7499910650668263), ([[550, 1110], [632, 1110], [632, 1140], [550, 1140]], '하느구나', 0.7489070892333984), ([[566, 1138], [616, 1138], [616, 1164], [566, 1164]], '너는!', 0.7152474847730474)]
[([[810, 188], [840, 188], [840, 212], [810, 212]], '제 ,', 0.999142620987243), ([[780, 218], [886, 218], [886, 248], [780, 248]], '제성해여어', 0.997374082622613), ([[769, 249], [892, 249], [892, 280], [769, 280]], '(제성해여어어', 0.9136617054144897), ([[772, 482], [846, 482], [846, 598], [772, 598]], '협', 0.4924935249698059), ([[380, 740], [466, 740], [466, 766], [380, 766]], '남자보다', 0.9999668002128601), ([[392, 772], [464, 772], [464, 800], [392, 800]], '몇 배는', 0.9668327910678346), ([[368, 802], [466, 802], [466, 832], [368, 832]], '대단하지?', 0.9998550967040076), ([[759, 759], [803, 759], [803, 853], [759, 853]], '곁', 0.018254222409163967), ([[382, 834], [464, 834], [464, 864], [382, 864]], '오늘부터', 0.9999004006385803), ([[668, 804], [718, 804], [718, 884], [668, 884]], '권', 0.0867794030202873), ([[398, 866], [458, 866], [458, 892], [398, 892]], '특특히', 0.9843528436295594), ([[350, 898], [462, 898], [462, 928], [350, 928]], '가르처 줄게', 0.9113809589887543), ([[518, 1006], [624, 1006], [624, 1036], [518, 1036]], '사과하면서', 0.8484254574233834), ([[493, 1036], [652, 1036], [652, 1068], [493, 1068]], '꽉 조이고 있다고', 0.9717421801543733), ([[512, 1070], [628, 1070], [628, 1100], [512, 1100]], '변태자식아!', 0.9178285403193289), ([[380, 1132], [472, 1132], [472, 1162], [380, 1162]], '네가 정말', 0.995463381222174), ([[386, 1164], [470, 1164], [470, 1192], [386, 1192]], '이상해저', 0.9436777830123901), ([[356, 1196], [470, 1196], [470, 1224], [356, 1224]], '버략 때 까지', 0.3400092856717055)]
[([[241, 209], [311, 209], [311, 269], [241, 269]], '@ "', 0.05695459619164467), ([[146, 1036], [260, 1036], [260, 1066], [146, 1066]], '나만 남자가', 0.999691795630053), ([[592, 1032], [640, 1032], [640, 1060], [592, 1060]], '맞아', 0.9998630254901355), ([[194, 1068], [262, 1068], [262, 1098], [194, 1098]], '맺다가', 0.27409273831668607), ([[556, 1064], [670, 1064], [670, 1092], [556, 1092]], '그는 자기가', 0.5586010583903201), ([[362, 1082], [408, 1082], [408, 1112], [362, 1112]], '조금', 0.9999979769518709), ([[804, 1078], [870, 1078], [870, 1108], [804, 1108]], '최면술', 0.9960365665314539), ([[130, 1100], [262, 1100], [262, 1130], [130, 1130]], '여자가 맺다가', 0.4037407422063191), ([[574, 1096], [660, 1096], [660, 1124], [574, 1124]], '여자라고', 0.9998934268951416), ([[328, 1114], [436, 1114], [436, 1142], [328, 1142]], '억울 해져서', 0.8134622424866267), ([[134, 1130], [262, 1130], [262, 1162], [134, 1162]], '불공평하잡아', 0.34872105758326993), ([[532, 1128], [704, 1128], [704, 1158], [532, 1158]], '생각하고 있는거야', 0.6151716113413552), ([[350, 1146], [420, 1146], [420, 1176], [350, 1176]], '말이야', 0.9996559491788378), ([[598.9838128076015, 153.05755270689252], [658.6192188245384, 125.02132704419316], [717.0161871923985, 258.9424472931075], [657.3807811754616, 287.97867295580687]], '$', 0.052741404228275)]
[([[830, 176], [894, 176], [894, 202], [830, 202]], '그래도', 0.9998782486562606), ([[770, 208], [898, 208], [898, 238], [770, 238]], '서방넘인데다', 0.6053874843876534), ([[784, 240], [894, 240], [894, 268], [784, 268]], '나머진 전부', 0.6651218098283851), ([[782, 270], [896, 270], [896, 302], [782, 302]], '똑같단 말야', 0.9644454733446253), ([[123, 1155], [205, 1155], [205, 1191], [123, 1191]], '부부는', 0.3780018946240191), ([[123, 1194], [257, 1194], [257, 1232], [123, 1232]], '공평해야지', 0.8481990444709602), ([[123, 1237], [221, 1237], [221, 1273], [123, 1273]], '안그래?', 0.9995145201683044), ([[267.2270049206229, 1100.0332570792255], [362.916594054749, 1174.7775637183006], [316.7729950793771, 1233.9667429207745], [221.08340594525103, 1160.2224362816994]], '*아', 0.02464270676569885)]
[([[800, 846], [876, 846], [876, 876], [800, 876]], '꿈인가 .', 0.32110093785224897), ([[426, 940], [544, 940], [544, 972], [426, 972]], '굽이없올까?', 0.45468966425431), ([[50, 978], [118, 978], [118, 1006], [50, 1006]], '하하하', 0.9999088067491786)]
[([[150, 1152], [410, 1152], [410, 1224], [150, 1224]], '로소규', 0.028189641836469475), ([[454, 1151], [648, 1151], [648, 1223], [454, 1223]], '1이출', 0.014860363224119722), ([[485, 1293], [515, 1293], [515, 1313], [485, 1313]], '3미', 0.34239480833253777)]
[]
[([[759, 683], [817, 683], [817, 719], [759, 719]], '여긴', 0.6261725863565305), ([[123, 853], [179, 853], [179, 889], [123, 889]], '분명', 0.9997502469115501), ([[122, 887], [279, 887], [279, 931], [122, 931]], '에르베티에량', 0.628595000604615), ([[123, 933], [177, 933], [177, 969], [123, 969]], '같이', 0.9878415766954431), ([[121, 973], [261, 973], [261, 1011], [121, 1011]], '마왕성에 와', 0.9806965749845253)]
[([[703, 83], [894, 83], [894, 126], [703, 126]], '미처버길 정도로', 0.6404089421511109), ([[701, 129], [811, 129], [811, 165], [701, 165]], '짜내저서', 0.759916365146637), ([[126, 992], [192, 992], [192, 1022], [126, 1022]], '어머나', 0.9970424659420721), ([[114, 1024], [212, 1024], [212, 1054], [114, 1054]], '일어낫어?', 0.9007427145722572), ([[487, 1295], [515, 1295], [515, 1313], [487, 1313]], '크근', 0.858645436419265)]
[([[578, 214], [686, 214], [686, 242], [578, 242]], '에르베티에', 0.9355103746701469), ([[586, 246], [678, 246], [678, 274], [586, 274]], '여긴 대체', 0.5786747057656408), ([[281, 261], [365, 261], [365, 321], [281, 321]], '쉬어숙든', 0.03729322925209999), ([[865, 241], [905, 241], [905, 336], [865, 336]], '꽤', 0.018387348044530905), ([[280, 318], [362, 318], [362, 348], [280, 348]], '것 같은데', 0.6771948085034986), ([[124, 382], [188, 382], [188, 408], [124, 408]], '제대로', 0.9999934615788997), ([[124, 412], [188, 412], [188, 442], [124, 442]], '산소틀', 0.43476364744401563), ([[118, 444], [204, 444], [204, 474], [118, 474]], '공급하고', 0.9999376780252406), ([[118, 476], [206, 476], [206, 506], [118, 506]], '있으니까', 0.9234978556632996), ([[494, 496], [572, 496], [572, 526], [494, 526]], '내몸속', 0.9999622148876789), ([[260, 756], [336, 756], [336, 782], [260, 782]], '뭐라고?', 0.9964720010757446), ([[794, 756], [886, 756], [886, 786], [794, 786]], '폐 안에도', 0.41562908105670554), ([[794, 788], [888, 788], [888, 818], [794, 818]], '위 속에도', 0.5350036293968716), ([[770, 820], [896, 820], [896, 848], [770, 848]], '나름 먹게 해서', 0.6409463267273939), ([[808, 852], [872, 852], [872, 882], [808, 882]], '영양을', 0.6513524663084297), ([[806, 886], [872, 886], [872, 914], [806, 914]], '보내고', 0.9999741216510661), ([[796, 918], [882, 918], [882, 946], [796, 946]], '있는거야', 0.671872079372406), ([[738, 1104], [794, 1104], [794, 1180], [738, 1180]], '4', 0.03841706110637966), ([[489, 1297], [513, 1297], [513, 1313], [489, 1313]], '33', 0.49780184527337884)]
[([[216, 148], [282, 148], [282, 178], [216, 178]], '하지만', 0.9999392273173023), ([[216, 180], [328, 180], [328, 210], [216, 210]], '그럴 생각도', 0.5386248412389989), ([[216, 212], [348, 212], [348, 242], [216, 242]], '없어저 버려서', 0.9937570929323748), ([[766, 224], [832, 224], [832, 254], [766, 254]], '당신올', 0.8428221819600811), ([[216, 244], [348, 244], [348, 274], [216, 274]], '왜냐하면 당신', 0.9749476893450361), ([[730, 254], [880, 254], [880, 287], [730, 287]], '군체의 하나로서', 0.9949064506726593), ([[216, 274], [342, 274], [342, 306], [216, 306]], '귀여운데다가', 0.9953498210292238), ([[742, 288], [862, 288], [862, 318], [742, 318]], '조종 할 수가', 0.8973016592801998), ([[216, 306], [348, 306], [348, 338], [216, 338]], '공존올 위해선', 0.9100811840324191), ([[768, 326], [832, 326], [832, 354], [768, 354]], '없없어', 0.9748347293801912), ([[216, 340], [370, 340], [370, 370], [216, 370]], '필요한 존재잖아', 0.7963087000026978), ([[788, 894], [852, 894], [852, 920], [788, 920]], '그래서', 0.9998920823720142), ([[766, 924], [874, 924], [874, 956], [766, 956]], '|내 장기로', 0.680485335314511), ([[764, 958], [896, 958], [896, 990], [764, 990]], '받아 들이기로', 0.8437568623956596), ([[798, 988], [847, 988], [847, 1019], [798, 1019]], '햇어', 0.634501553605263), ([[248, 1092], [316, 1092], [316, 1122], [248, 1122]], '그러니', 0.9999838948467685), ([[340, 1090], [492, 1090], [492, 1120], [340, 1120]], '영양과 산소 공급', 0.9684332274420155), ([[214, 1124], [320, 1124], [320, 1154], [214, 1154]], '당신이라는', 0.8974350704641997), ([[350, 1122], [466, 1122], [466, 1152], [350, 1152]], '노껴물 처리늄', 0.1362693412527905), ([[250, 1156], [314, 1156], [314, 1186], [250, 1186]], '장기의', 0.9999968340269625), ([[352, 1154], [466, 1154], [466, 1184], [352, 1184]], '나한테 맡거', 0.3812247807938102), ([[250, 1188], [316, 1188], [316, 1218], [250, 1218]], '역할은', 0.9989252981520348), ([[487, 1295], [515, 1295], [515, 1313], [487, 1313]], '34', 0.9698424102754528)]
[([[824, 154], [870, 154], [870, 184], [824, 184]], '몸의', 0.9999081211065581), ([[180, 196], [204, 196], [204, 222], [180, 222]], '무', 0.9999885559409449), ([[812, 186], [878, 186], [878, 216], [812, 216]], '안쪽도', 0.9923710227259737), ([[168, 228], [214, 228], [214, 258], [168, 258]], '무슨', 0.619004856331313), ([[800, 218], [886, 218], [886, 248], [800, 248]], '바깥쪽도', 0.9967796802520752), ([[788, 250], [894, 250], [894, 280], [788, 280]], '애무당해서', 0.7536634933415095), ([[600, 396], [642, 396], [642, 420], [600, 420]], '그저', 0.9999898847713415), ([[580, 426], [668, 426], [668, 456], [580, 456]], '싸주기만', 0.9751358032226562), ([[556, 456], [690, 456], [690, 488], [556, 488]], '하면 되는거야', 0.8409651690274056), ([[227, 434], [268, 434], [268, 553], [227, 553]], '#', 0.09884148667538284), ([[137, 517], [175, 517], [175, 625], [137, 625]], '#', 0.024781176638690505), ([[808, 700], [892, 700], [892, 728], [808, 728]], '직장에도', 0.9639961123466492), ([[290, 712], [356, 712], [356, 742], [290, 742]], '이쪽도', 0.9980979052860904), ([[278, 744], [364, 744], [364, 774], [278, 774]], '마찬가지', 0.9989606142044067), ([[850, 734], [896, 734], [896, 762], [850, 762]], '내가', 0.9999216920535273), ([[832, 764], [898, 764], [898, 792], [832, 792]], '들어가', 0.9999761864096554), ([[850, 796], [896, 796], [896, 826], [850, 826]], '있어', 0.9136296438049218), ([[516, 958], [580, 958], [580, 984], [516, 984]], '그리고', 0.9999888502748309), ([[94, 1030], [200, 1030], [200, 1060], [94, 1060]], '미끌미골한', 0.4811801494628211), ([[112, 1062], [176, 1062], [176, 1092], [112, 1092]], '축수로', 0.6786712815958685), ([[668, 1066], [752, 1066], [752, 1096], [668, 1096]], '손가락올', 0.5577995181083679), ([[112, 1096], [180, 1096], [180, 1124], [112, 1124]], '언제나', 0.9999790770726399), ([[666, 1098], [782, 1098], [782, 1128], [666, 1128]], '사용 할 것도', 0.9682832655242982), ([[100, 1126], [192, 1126], [192, 1156], [100, 1156]], '짜내 줄게', 0.63162223088957), ([[668, 1130], [776, 1130], [776, 1160], [668, 1160]], '없이 당신의', 0.9995101479556097), ([[668, 1162], [752, 1162], [752, 1192], [668, 1192]], '전립선은', 0.9949782490730286), ([[668, 1194], [732, 1194], [732, 1224], [668, 1224]], '단순한', 0.9994967647987779), ([[668, 1226], [730, 1226], [730, 1252], [668, 1252]], '스위치', 0.9999883684969583), ([[489, 1297], [513, 1297], [513, 1311], [489, 1311]], '35', 0.7620401533628093), ([[295.3720990679193, 378.0395826365625], [329.47404546314, 365.02252263703025], [365.6279009320807, 466.9604173634375], [332.52595453686, 479.97747736296975]], '류', 0.07978097702110531), ([[471.8712114190227, 448.00832792647475], [485.37812508342444, 451.07424548540916], [469.1287885809773, 526.9916720735253], [455.62187491657556, 523.9257545145908]], '1', 0.07440115745716014), ([[196.01941932430907, 558.0970966215453], [234.56454844022144, 539.0319737260514], [268.98058067569093, 617.9029033784547], [231.43545155977856, 636.9680262739486]], '$', 0.21394893158775208)]
[([[812, 146], [876, 146], [876, 176], [812, 176]], '당신은', 0.9999024060571949), ([[144, 180], [338, 180], [338, 210], [144, 210]], '영양과 산소홀 공급받고', 0.4962479443449648), ([[818, 178], [862, 178], [862, 206], [818, 206]], '우물', 0.9997790045418774), ([[142, 208], [336, 208], [336, 236], [142, 236]], '행복한 신음소리틀 내려', 0.3152794967558759), ([[138, 234], [352, 234], [352, 264], [138, 264]], '맛있는 정액올 만들어내는', 0.7333412732966307), ([[152, 262], [330, 262], [330, 290], [152, 290]], '장기로서 앞으로 함께', 0.9934735759972663), ([[172, 290], [292, 290], [292, 316], [172, 316]], '살아 가능거야', 0.3433105002324721), ([[760, 330], [826, 330], [826, 360], [760, 360]], '당신은', 0.9998715726931546), ([[768, 364], [812, 364], [812, 392], [768, 392]], '연못', 0.9656803421096473), ([[528, 512], [628, 512], [628, 654], [528, 654]], '셈', 0.00976103142027207), ([[172, 666], [250, 666], [250, 696], [172, 696]], '동포들도', 0.999299168586731), ([[99, 733], [179, 733], [179, 793], [99, 793]], '행복해', 0.8216005045269541), ([[430, 617], [639, 617], [639, 844], [430, 844]], '"\'', 0.08078743975362601), ([[787, 1035], [848, 1035], [848, 1063], [787, 1063]], '이런게', 0.9944914531963511), ([[774, 1062], [870, 1062], [870, 1092], [774, 1092]], '공존이라는', 0.6150548737248411), ([[800, 1092], [842, 1092], [842, 1116], [800, 1116]], '거야', 0.9999593706797852), ([[487, 1295], [513, 1295], [513, 1313], [487, 1313]], '35', 0.6348676727403956)]
[([[796, 122], [880, 122], [880, 152], [796, 152]], '그렇다고', 0.9995803236961365), ([[802, 154], [868, 154], [868, 184], [802, 184]], '하느데', 0.30898131614297725), ([[716, 238], [782, 238], [782, 268], [716, 268]], '들리지', 0.9215635728710383), ([[704, 270], [794, 270], [794, 298], [704, 298]], '않냐 보네', 0.7166351877796673), ([[591, 777], [651, 777], [651, 937], [591, 937]], '굶', 0.00037794028498919566), ([[136, 1082], [222, 1082], [222, 1112], [136, 1112]], '상관없어', 0.9998867511749268), ([[112, 1114], [244, 1114], [244, 1144], [112, 1144]], '이제 이성다위', 0.9138500841350491), ([[112, 1146], [244, 1146], [244, 1176], [112, 1176]], '필요 없어금고', 0.33087131505182077), ([[540.3816999397877, 928.0239292232616], [597.1892520033672, 916.0888888471665], [629.6183000602123, 1072.9760707767384], [571.8107479966328, 1084.9111111528337]], '$', 0.011126105924772256)]
[([[246, 28], [428, 28], [428, 178], [246, 178]], '숲 .', 0.3499479591846466), ([[734, 272], [840, 272], [840, 308], [734, 308]], '몇번이고', 0.8161545395851135), ([[733, 311], [865, 311], [865, 347], [733, 347]], '가버리도록', 0.9982443066467144), ([[734, 356], [764, 356], [764, 388], [734, 388]], '해', 0.9999915361583511), ([[221, 957], [361, 957], [361, 995], [221, 995]], '고이지 안는', 0.7274885437742835), ([[215, 997], [383, 997], [383, 1035], [215, 1035]], '은 결함품이야', 0.7611589906039521)]
[([[487, 1293], [513, 1293], [513, 1313], [487, 1313]], '3드', 0.1405496022588053)]
[]
[([[582, 164], [648, 164], [648, 194], [582, 194]], '여기논', 0.5956935078437621), ([[180, 330], [224, 330], [224, 354], [180, 354]], '대체', 0.9999967968410157), ([[166, 362], [232, 362], [232, 390], [166, 390]], '어디지', 0.9999567777014667), ([[854, 590], [900, 590], [900, 622], [854, 622]], "'", 0.04669640523238261), ([[782, 1150], [846, 1150], [846, 1176], [782, 1176]], '애초에', 0.9907904467271001), ([[782, 1182], [874, 1182], [874, 1212], [782, 1212]], '왜 이렇게', 0.8758656361958955), ([[782, 1212], [888, 1212], [888, 1244], [782, 1244]], '되버린건가', 0.9308369506597777), ([[523.0955116463432, 300.0455652987975], [626.8987748979371, 347.6539668221608], [593.9044883536568, 416.9544347012025], [490.10122510206287, 368.3460331778392]], '9 %', 0.4652073085308075), ([[348.57779240951163, 1081.1844092621054], [455.01590701068216, 1163.4752794960698], [319.42220759048837, 1334.8155907378946], [212.98409298931787, 1252.5247205039302]], '8', 0.0898172091673679)]
[([[489, 1297], [513, 1297], [513, 1311], [489, 1311]], '41', 0.9998546807591411)]
[([[199, 1093], [813, 1093], [813, 1129], [199, 1129]], '또절{,|:201448/117/(그 = ",?-5" 186)', 0.011914458184866328), ([[199, 1120], [413, 1120], [413, 1156], [199, 1156]], '3식: #) 기시웬#', 0.016997728516002716), ([[199, 1148], [411, 1148], [411, 1186], [199, 1186]], '태-: ) > ) #', 0.09528972360131295), ([[198, 1178], [537, 1178], [537, 1214], [198, 1214]], '소(( :/ / -갚(나-실;._실~하머.;머/', 9.270962717700717e-06), ([[199, 1231], [635, 1231], [635, 1269], [199, 1269]], '#어;|주& 7 " 7마-}춘*<*화', 0.0022558161630939952), ([[485, 1293], [515, 1293], [515, 1313], [485, 1313]], '4근', 0.8832652929219366)]
[([[798, 186], [880, 186], [880, 212], [798, 212]], '떠오르지', 0.9209443926811218), ([[816, 218], [862, 218], [862, 248], [816, 248]], '않아', 0.9997908737429317), ([[762, 670], [846, 670], [846, 700], [762, 700]], '어서오럼', 0.9644445776939392), ([[100, 744], [188, 744], [188, 770], [100, 770]], '아아시나요?', 0.4318976959793901), ([[340, 920], [384, 920], [384, 946], [340, 946]], '알다', 0.9998559451110108), ([[340, 952], [386, 952], [386, 978], [340, 978]], '마다', 0.9996148838220645), ([[416, 952], [464, 952], [464, 980], [416, 980]], '용사', 0.9999974711900259), ([[416, 984], [480, 984], [480, 1012], [416, 1012]], '루카군', 0.7779161497424691), ([[416, 1016], [460, 1016], [460, 1042], [416, 1042]], '여기', 0.9999831413022183), ([[416, 1048], [462, 1048], [462, 1076], [416, 1076]], '않아', 0.9995504070276385), ([[104, 1168], [170, 1168], [170, 1200], [104, 1200]], '뭐든지', 0.46777318148661007), ([[106, 1202], [170, 1202], [170, 1232], [106, 1232]], '말이지', 0.9998167887266494)]
[([[91, 35], [343, 35], [343, 301], [91, 301]], '(7요', 0.03025154904830804), ([[838, 252], [874, 252], [874, 276], [838, 276]], '에?', 0.9995820974305837), ([[803, 571], [853, 571], [853, 607], [803, 607]], '씨티', 0.04979383730695645), ([[806, 718], [832, 718], [832, 744], [806, 744]], '뭐', 0.9999940395444042), ([[250, 756], [298, 756], [298, 782], [250, 782]], '뛰야', 0.5473958807222716), ([[165, 1091], [686, 1091], [686, 1295], [165, 1295]], '기_거-꿀', 0.0010307438232884153), ([[430, 1264], [548, 1264], [548, 1294], [430, 1294]], '걸려들없다^', 0.6290791884033878), ([[784.2111456180002, 550.4222912360003], [847.2507844194349, 542.6692489068203], [849.7888543819998, 577.5777087639997], [787.7492155805651, 585.3307510931797]], '서-', 0.02400339319585776)]
[([[784, 246], [916, 246], [916, 276], [784, 276]], '나한터 저버린', 0.5260182334552017), ([[820, 278], [886, 278], [886, 308], [820, 308]], '당신올', 0.4167409408164864), ([[808, 310], [900, 310], [900, 340], [808, 340]], '잡아 먹어', 0.9884771414758361), ([[808, 342], [896, 342], [896, 372], [808, 372]], '버음는데', 0.052264273166656494), ([[130, 368], [216, 368], [216, 398], [130, 398]], '정신쪽이', 0.984171450138092), ([[136, 400], [200, 400], [200, 426], [136, 426]], '의외로', 0.9999812106579419), ([[136, 434], [202, 434], [202, 462], [136, 462]], '질겨서', 0.9695668013343454), ([[138, 464], [204, 464], [204, 494], [138, 494]], '말이야', 0.9997614545757654), ([[840, 666], [898, 666], [898, 696], [840, 696]], '당신은', 0.9987747311371556), ([[854, 694], [894, 694], [894, 720], [854, 720]], '용사', 0.9999962910793456), ([[820, 720], [894, 720], [894, 746], [820, 746]], '루카에게', 0.5859566926956177), ([[820, 748], [896, 748], [896, 776], [820, 776]], '남아있는', 0.3275699317455292), ([[452, 794], [530, 794], [530, 820], [452, 820]], '자그마한', 0.998784601688385), ([[452, 820], [512, 820], [512, 850], [452, 850]], '이성의', 0.99715075511147), ([[452, 848], [494, 848], [494, 872], [452, 872]], '조각', 0.9999898004778953), ([[836, 992], [896, 992], [896, 1022], [836, 1022]], '잠깐만', 0.9867403507232666), ([[820, 1020], [896, 1020], [896, 1046], [820, 1046]], '나한테도', 0.7986599599643289), ([[836, 1048], [892, 1048], [892, 1072], [836, 1072]], '시켜쥐', 0.8410669685291381), ([[447, 1149], [469, 1149], [469, 1169], [447, 1169]], '아', 0.9871719285892802), ([[446, 1174], [500, 1174], [500, 1202], [446, 1202]], '미안~', 0.9995158282052692), ([[278.1442531419223, 777.0244299836404], [397.0290007886503, 815.0387980702001], [342.8557468580777, 981.9755700163596], [223.97099921134966, 943.9612019297999]], '5', 0.006404204915989864)]
[([[770, 157], [864, 157], [864, 187], [770, 187]], '전부 손에', 0.9686802838547508), ([[760, 190], [870, 190], [870, 220], [760, 220]], '넣어 버려서', 0.9970977875335244), ([[94, 216], [206, 216], [206, 246], [94, 246]], '실제 당신은', 0.9984709327212591), ([[758, 220], [870, 220], [870, 252], [758, 252]], '여유가 생겨', 0.7658126878557416), ([[118, 248], [184, 248], [184, 276], [118, 276]], '녹아서', 0.9969517904545292), ([[770, 254], [856, 254], [856, 284], [770, 284]], '버럿거든', 0.5020985007286072), ([[89, 279], [213, 279], [213, 309], [89, 309]], '없어저버로어', 0.4090320268796432), ([[476, 522], [560, 522], [560, 548], [476, 548]], '자그마한', 0.9991822838783264), ([[734, 428], [860, 428], [860, 566], [734, 566]], '퍽', 0.016826621819646448), ([[476, 552], [564, 552], [564, 582], [476, 582]], '여(이야', 0.4495423138141632), ([[794, 820], [858, 820], [858, 844], [794, 844]], '그래서', 0.9999064667106126), ([[770, 852], [896, 852], [896, 882], [770, 882]], '대답해싶으면', 0.24732920239504833), ([[766, 884], [896, 884], [896, 914], [766, 914]], '하느게 잇는데', 0.40083868577020537), ([[392, 902], [470, 902], [470, 932], [392, 932]], '괜찮지?', 0.9840875267982483), ([[640, 1108], [752, 1108], [752, 1138], [640, 1138]], '세계 전부름', 0.8323387779659014), ([[630, 1142], [760, 1142], [760, 1170], [630, 1170]], '내가 차지해도', 0.9998616279307934), ([[459, 1149], [573, 1149], [573, 1285], [459, 1285]], '83', 0.3173184508146627), ([[170.67127232234017, 478.05526786808196], [274.16057113246114, 428.0421469286593], [359.32872767765986, 629.944732131918], [255.83942886753886, 679.9578530713407]], '$', 0.7270592650292116)]
[([[508, 186], [550, 186], [550, 212], [508, 212]], '자연', 0.9999876088490234), ([[274, 208], [336, 208], [336, 234], [274, 234]], '문화와', 0.9679596219790323), ([[830, 214], [892, 214], [892, 238], [830, 238]], '당신이', 0.9996985503304522), ([[280, 234], [324, 234], [324, 262], [280, 262]], '문명', 0.9952558817647171), ([[820, 238], [894, 238], [894, 264], [820, 264]], '사랑하는', 0.8364477753639221), ([[830, 264], [890, 264], [890, 288], [830, 288]], '사람들', 0.9200050035698826), ([[698, 390], [740, 390], [740, 416], [698, 416]], '마물', 0.9997971111001102), ([[226, 428], [286, 428], [286, 452], [226, 452]], '모든게', 0.9802561118966533), ([[224, 452], [286, 452], [286, 478], [224, 478]], '앞으로', 0.9995998591805324), ([[224, 478], [294, 478], [294, 502], [224, 502]], '내 것이', 0.8835411182683788), ([[226, 502], [286, 502], [286, 528], [226, 528]], '되랜데', 0.05963684878422598), ([[140, 702], [184, 702], [184, 730], [140, 730]], '괜참', 0.4118558571098863), ([[141, 729], [175, 729], [175, 749], [141, 749]], '지?', 0.8871889039288661), ([[423, 977], [567, 977], [567, 1015], [423, 1015]], '괜찬을 리가', 0.6169379348153128), ([[839, 1017], [895, 1017], [895, 1033], [839, 1033]], '11 / / ', 0.26951273160290967), ([[425, 1021], [519, 1021], [519, 1057], [425, 1057]], '없잖아!', 0.5155235528945923), ([[106, 1108], [146, 1108], [146, 1134], [106, 1134]], '그럼', 0.9998754161889402), ([[106, 1134], [206, 1134], [206, 1162], [106, 1162]], '작고 귀여운', 0.6022969347245817), ([[106, 1162], [176, 1162], [176, 1188], [106, 1188]], '이성씨?', 0.9990224242210388), ([[846, 1204], [872, 1204], [872, 1228], [846, 1228]], '꽤 ,', 0.6757751486031227), ([[491, 1297], [515, 1297], [515, 1313], [491, 1313]], '1미', 0.3378932125981585)]
