2499741
29
[([[48, 48], [124, 48], [124, 102], [48, 102]], ':', 0.0060098040606471614), ([[38, 116], [122, 116], [122, 142], [38, 142]], '"-,4-', 0.0015475204000709145), ([[634, 324], [861, 324], [861, 386], [634, 386]], '#짚하 훨록', 0.003173801158256396), ([[71, 445], [244, 445], [244, 484], [71, 484]], ' 03 <초하렉', 0.010266876323229058), ([[55, 475], [247, 475], [247, 657], [55, 657]], '5기국', 0.006736722070448684)]
[([[822, 104], [866, 104], [866, 132], [822, 132]], '그럼', 0.7714370358890191), ([[816, 136], [864, 136], [864, 162], [816, 162]], '이제.', 0.989897083614368), ([[550, 568], [638, 568], [638, 596], [550, 596]], '르카이', 0.3059625220670179), ([[812, 556], [898, 556], [898, 588], [812, 588]], '들겪나!?', 0.1319052670028211), ([[682, 964], [882, 964], [882, 1038], [682, 1038]], '사랑해', 0.9993858951944099)]
[([[126, 175], [278, 175], [278, 206], [126, 206]], '따듯한 무언가가', 0.4740250536801238), ([[126, 208], [278, 208], [278, 238], [126, 238]], '마음을 파고드는', 0.8959537069425791), ([[126, 240], [170, 240], [170, 270], [126, 270]], '표정', 0.9999672099093186), ([[598, 498], [642, 498], [642, 524], [598, 524]], '미안', 0.9992352889546424), ([[536, 526], [645, 526], [645, 563], [536, 563]], '그런베리아 ', 0.5626813623661575), ([[106, 592], [198, 592], [198, 622], [106, 622]], '내가 잘못', 0.9934714899240176), ([[106, 624], [192, 624], [192, 654], [106, 654]], '생각햇어', 0.5582869648933411), ([[529, 784], [641, 784], [641, 814], [529, 814]], '오늘은 이만', 0.6181954264857977), ([[546, 816], [622, 816], [622, 842], [546, 842]], '푹 자자.', 0.985259370701052), ([[464, 952], [610, 952], [610, 1118], [464, 1118]], '거7', 0.06217247594137843)]
[([[364, 45], [511, 45], [511, 272], [364, 272]], '국', 0.08248718035089553), ([[796, 216], [892, 216], [892, 246], [796, 246]], '큰일낫다!', 0.8084758250275841), ([[778, 248], [892, 248], [892, 276], [778, 276]], '깨버력나?', 0.36543439884594986), ([[400, 636], [444, 636], [444, 660], [400, 660]], '저기', 0.9999861758616755), ([[382, 666], [448, 666], [448, 696], [382, 696]], '잠고대', 0.48355461115963727), ([[334, 698], [450, 698], [450, 726], [334, 726]], '하느거지. ?', 0.41828878120250645), ([[536, 984], [596, 984], [596, 1016], [536, 1016]], '와아', 0.9980020658181652), ([[519, 1023], [619, 1023], [619, 1059], [519, 1059]], '커다래~', 0.9995008111000061)]
[([[333, 649], [373, 649], [373, 727], [333, 727]], '0', 0.0010085274503535274), ([[814.2281155986319, 1157.0599398312445], [852.5521576303743, 1144.0305813266318], [879.7718844013681, 1230.9400601687555], [841.4478423696257, 1243.9694186733682]], '흙', 0.1667616416186526)]
[([[554, 448], [586, 448], [586, 480], [554, 480]], '꽉', 0.9999819994782833), ([[553, 487], [667, 487], [667, 525], [553, 525]], '붙잡혀서.', 0.934557445464827), ([[105, 507], [187, 507], [187, 543], [105, 543]], '이대로', 0.9997153430967907), ([[105, 549], [251, 549], [251, 585], [105, 585]], '아침까지.. ?', 0.5022359629755719), ([[768, 640], [836, 640], [836, 668], [768, 668]], '으응 ,', 0.3321300745010376), ([[766, 668], [838, 668], [838, 694], [766, 694]], '로카아', 0.2839606878440702), ([[704, 1022], [834, 1022], [834, 1094], [704, 1094]], '너무', 0.999822313510716), ([[682, 1108], [816, 1108], [816, 1182], [682, 1182]], '좋아', 0.9850714764243014)]
[([[752, 618], [870, 618], [870, 650], [752, 650]], '왜 그러나', 0.9965487548332788), ([[777, 657], [845, 657], [845, 693], [777, 693]], '루카!', 0.31155964137843145), ([[253, 675], [403, 675], [403, 713], [253, 713]], '어제 한 말은', 0.9979602024462562), ([[245, 714], [415, 714], [415, 752], [245, 752]], '거짓말이없나!', 0.6542033911602054), ([[109, 979], [234, 979], [234, 1020], [109, 1020]], '아니, 진짜', 0.9331250562932558), ([[109, 1021], [217, 1021], [217, 1059], [109, 1059]], '화주세요', 0.8073908090591431), ([[244, 1158], [328, 1158], [328, 1184], [244, 1184]], '제가  잘못', 0.660721266594911), ([[246, 1190], [302, 1190], [302, 1216], [246, 1216]], '햇어요', 0.5381923504281806)]
[([[680, 920], [766, 920], [766, 948], [680, 948]], '수고햇다', 0.7459188103675842)]
[([[357, 1191], [665, 1191], [665, 1279], [357, 1279]], '4} 후 @풀', 0.037041724392448176), ([[489, 1293], [511, 1293], [511, 1313], [489, 1313]], '18', 0.9986565386487175)]
[([[662, 122], [688, 122], [688, 146], [662, 146]], '아', 0.9997208313303787), ([[180, 268], [268, 268], [268, 298], [180, 298]], '아우아우', 0.9977586269378662), ([[798, 362], [840, 362], [840, 388], [798, 388]], '흐흥', 0.14715211175759618), ([[780, 392], [866, 392], [866, 422], [780, 422]], '한심하긴', 0.9996755719184875), ([[762, 424], [894, 424], [894, 454], [762, 454]], '첫날밤 이후로', 0.998123187546588), ([[750, 456], [906, 456], [906, 486], [750, 486]], '나한터 이긴 적이', 0.7209673508689866), ([[74, 478], [142, 478], [142, 508], [74, 508]], '국왕이', 0.998304194411974), ([[768, 490], [880, 490], [880, 518], [768, 518]], '한번도 없네', 0.6253718088904712), ([[38, 510], [190, 510], [190, 540], [38, 540]], '되켓다는 사람이', 0.18006518539106045), ([[31, 541], [196, 541], [196, 572], [31, 572]], '창피하지도 않아?', 0.5114848819651686), ([[166.4076756117538, 1148.1275887928734], [223.67413857992324, 1105.022749017136], [306.5923243882462, 1229.8724112071266], [248.32586142007676, 1272.977250982864]], '꿀', 0.18583876562964807)]
[([[854, 94], [880, 94], [880, 158], [854, 158]], '콩', 0.2905107564913578), ([[270, 142], [316, 142], [316, 170], [270, 170]], '하아', 0.9999195004683767), ([[216, 174], [316, 174], [316, 204], [216, 204]], '살 것 같다', 0.5721799908117186), ([[276, 590], [345, 590], [345, 623], [276, 623]], '어떠나', 0.9950230311115614), ([[236, 624], [346, 624], [346, 656], [236, 656]], '신혼 생활은', 0.8175473800711797), ([[236, 656], [344, 656], [344, 686], [236, 686]], '순조로운가?', 0.9694497217638569), ([[486, 694], [528, 694], [528, 718], [486, 718]], '오오', 0.999933324336724), ([[466, 726], [550, 726], [550, 756], [466, 756]], '손주사위', 0.9993706815974619), ([[102, 746], [160, 746], [160, 772], [102, 772]], '(하하히', 0.4080948829650879), ([[472, 758], [540, 758], [540, 788], [472, 788]], '아난가', 0.4417463147076814), ([[106, 778], [164, 778], [164, 804], [106, 804]], '그렇조', 0.96987702511556), ([[264, 918], [308, 918], [308, 948], [264, 948]], '손주', 0.9998228192466125), ([[264, 950], [320, 950], [320, 976], [264, 976]], '사위?', 0.9999865790365606), ([[308, 1030], [366, 1030], [366, 1058], [308, 1058]], '성질도', 0.9994338627850055), ([[308, 1056], [366, 1056], [366, 1084], [308, 1084]], '급하지', 0.9986765339042888), ([[328, 1084], [368, 1084], [368, 1110], [328, 1110]], '벌써', 0.999692426155498), ([[308, 1112], [370, 1112], [370, 1138], [308, 1138]], '꽉 잡혀', 0.952024586341904), ([[102, 1136], [178, 1136], [178, 1164], [102, 1164]], '승부조차', 0.999725341796875), ([[298, 1138], [374, 1138], [374, 1166], [298, 1166]], '사능구나', 0.1593090146780014), ([[102, 1164], [178, 1164], [178, 1192], [102, 1192]], '성립하지', 0.8704945664373306), ([[102, 1192], [196, 1192], [196, 1220], [102, 1220]], '[못하는걸로', 0.33776412809685913), ([[102, 1218], [178, 1218], [178, 1246], [102, 1246]], '보이는군', 0.36294025182724), ([[797.3941368172834, 52.21889254222035], [834.7263262518662, 29.044124734696844], [874.6058631827166, 99.78110745777964], [838.2736737481338, 122.95587526530315]], '품', 0.9767984404903451)]
[([[35, 643], [417, 643], [417, 731], [35, 731]], '@지 시슬유상', 0.0036323328508574043), ([[36, 720], [827, 720], [827, 807], [36, 807]], '하서하히학 . {초학( 에0', 0.004025144662814003), ([[0, 756], [754, 756], [754, 1220], [0, 1220]], '@하다)', 0.0048309750854969025), ([[105, 935], [422, 935], [422, 1119], [105, 1119]], '고=스', 0.06405729680297804), ([[190, 1024], [332, 1024], [332, 1100], [190, 1100]], '그', 0.2798677221564141), ([[109, 1097], [261, 1097], [261, 1185], [109, 1185]], '대배', 0.03903299436079621), ([[36, 1174], [685, 1174], [685, 1262], [36, 1262]], '션 사하흐 슷 하뜯', 0.0026232161174378843), ([[31, 1245], [982, 1245], [982, 1344], [31, 1344]], '가#박(한이 0 한 품국중단 사', 0.00014033310622891385)]
[([[806, 126], [884, 126], [884, 154], [806, 154]], '사위라면', 0.9997751269361802), ([[806, 152], [882, 152], [882, 180], [806, 180]], '마왕과의', 0.9967835545539856), ([[106, 180], [194, 180], [194, 208], [106, 208]], '어디, 작은', 0.7779107344615033), ([[796, 179], [890, 179], [890, 205], [796, 205]], '교접이라도', 0.9456925210714539), ([[106, 208], [206, 208], [206, 236], [106, 236]], '결혼 선물올', 0.3560837417374192), ([[799, 204], [882, 204], [882, 234], [799, 234]], '참아날 수', 0.599064951723872), ([[106, 234], [206, 234], [206, 260], [106, 260]], '주도록 할까', 0.8785494852185751), ([[424, 236], [462, 236], [462, 260], [424, 260]], '아니', 0.9942130588356288), ([[802, 232], [880, 232], [880, 262], [802, 262]], '있을랜데', 0.1187407597899437), ([[422, 262], [464, 262], [464, 286], [422, 286]], '그게', 0.9992866969772306), ([[596, 298], [634, 298], [634, 322], [596, 322]], '한심', 0.9997738475016256), ([[584, 324], [644, 324], [644, 350], [584, 350]], '하구나', 0.9999687532814072), ([[191, 825], [281, 825], [281, 967], [191, 967]], '꼭', 0.8061475321594571)]
[([[622, 150], [662, 150], [662, 174], [622, 174]], '특제', 0.999536079016527), ([[556, 172], [596, 172], [596, 198], [556, 198]], '정말', 0.9999890418369728), ([[620, 176], [700, 176], [700, 202], [620, 202]], '정력제다', 0.9996801614761353), ([[824, 174], [868, 174], [868, 200], [824, 200]], '이건.', 0.5065699519230131), ([[558, 198], [596, 198], [596, 224], [558, 224]], '고맙', 0.926241865741212), ([[622, 204], [680, 204], [680, 230], [622, 230]], '이거면', 0.9997774904255272), ([[556, 224], [596, 224], [596, 250], [556, 250]], '니다', 0.4612183006035269), ([[622, 230], [704, 230], [704, 260], [622, 260]], '오늘 밤은', 0.9822108979279888), ([[622, 258], [686, 258], [686, 284], [622, 284]], '견달 수', 0.7934010696730786), ([[622, 284], [702, 284], [702, 314], [622, 314]], '있을거다', 0.13221925497055054), ([[104, 376], [180, 376], [180, 402], [104, 402]], '누구한테', 0.7050654888153076), ([[104, 402], [204, 402], [204, 430], [104, 430]], '준 선물인지', 0.6116179931515515), ([[104, 430], [164, 430], [164, 460], [104, 460]], '착각한', 0.9389718247510089), ([[104, 458], [202, 458], [202, 486], [104, 486]], '모양이구나', 0.9997963989681261), ([[529, 867], [625, 867], [625, 911], [529, 911]], '루카~', 0.8000204169595385), ([[814, 868], [878, 868], [878, 894], [814, 894]], '오온다', 0.9901060316893375), ([[59, 1209], [161, 1209], [161, 1253], [59, 1253]], '앓다! !', 0.564141447649549)]
[([[265, 199], [453, 199], [453, 417], [265, 417]], '[3;', 0.01805156207231983), ([[356, 530], [404, 530], [404, 556], [356, 556]], '뛰야', 0.5112671950764301), ([[338, 562], [402, 562], [402, 588], [338, 588]], '왜그래', 0.9963435089665382), ([[356, 594], [402, 594], [402, 620], [356, 620]], '루카', 0.5270410119114173), ([[266, 874], [364, 874], [364, 906], [266, 906]], '조 조금은', 0.9835668998437975), ([[266, 908], [358, 908], [358, 938], [266, 938]], '남편 답게', 0.6130334110317456), ([[278, 940], [344, 940], [344, 968], [278, 968]], '려고', 0.9995509970058561), ([[264, 972], [352, 972], [352, 1000], [264, 1000]], '생각해서', 0.9998568892478943)]
[([[712, 44], [886, 44], [886, 74], [712, 74]], '어떻게 되버린거야', 0.6846015054536243), ([[714, 78], [758, 78], [758, 102], [714, 102]], '루카', 0.5454693956775479), ([[134, 454], [220, 454], [220, 482], [134, 482]], '평소보다', 0.9996496438980103), ([[134, 486], [202, 486], [202, 514], [134, 514]], '커다래', 0.9996537468642032), ([[486, 595], [576, 595], [576, 625], [486, 625]], '무슨 짓을', 0.5208807215284598), ([[792, 598], [880, 598], [880, 624], [792, 624]], '평소보다', 0.9996233582496643), ([[484, 628], [550, 628], [550, 658], [484, 658]], '한건진', 0.8479738869970824), ([[794, 630], [860, 630], [860, 656], [794, 656]], '오래가', 0.9553020596504211), ([[484, 660], [592, 660], [592, 690], [484, 690]], '모르켓지만', 0.8139221929988483), ([[862, 772], [932, 772], [932, 800], [862, 800]], '이런거.', 0.8280513882637024), ([[488, 798], [584, 798], [584, 828], [488, 828]], '이런거어!', 0.9993132600960977), ([[257, 831], [475, 831], [475, 875], [257, 875]], '너무 귀엽잡아! ', 0.6207321608991453), ([[118, 1166], [184, 1166], [184, 1196], [118, 1196]], '그렇게', 0.9474443736824455), ([[124, 1198], [182, 1198], [182, 1228], [124, 1228]], '좋아?', 0.9994885062984529), ([[106, 1232], [202, 1232], [202, 1260], [106, 1260]], '음마보지시', 0.7033992121148612)]
[([[372, 162], [420, 162], [420, 190], [372, 190]], '잠깐 ,', 0.9917752853372084), ([[782, 190], [894, 190], [894, 218], [782, 218]], '나도 루카랑', 0.7066326426539487), ([[757, 220], [895, 220], [895, 252], [757, 252]], '좀 더 오랫동안', 0.9959995478729031), ([[764, 254], [896, 254], [896, 284], [764, 284]], '즐기고 싶없어', 0.9873666416149712), ([[430, 276], [476, 276], [476, 306], [430, 306]], '항상', 0.9998164132641267), ([[398, 308], [510, 308], [510, 338], [398, 338]], '세번 움직인', 0.9985173188118709), ([[230, 350], [278, 350], [278, 380], [230, 380]], '잠깐', 0.9999881146094074), ([[428, 342], [472, 342], [472, 368], [428, 368]], '걸로', 0.9424992605524863), ([[102, 374], [168, 374], [168, 406], [102, 406]], '싫은데', 0.9612554947241628), ([[230, 382], [274, 382], [274, 410], [230, 410]], '스톱', 0.999823746429284), ([[398, 372], [504, 372], [504, 402], [398, 402]], '가버리논길', 0.2096590882063282), ([[288, 742], [362, 742], [362, 772], [288, 772]], '대단해!', 0.9969034982752061), ([[489, 669], [549, 669], [549, 831], [489, 831]], '5', 0.07452597446746623), ([[361, 825], [377, 825], [377, 865], [361, 865]], '8', 0.023348584919347992), ([[100, 884], [164, 884], [164, 910], [100, 910]], '아직도', 0.9996817576019055), ([[100, 916], [164, 916], [164, 942], [100, 942]], '빵빵해', 0.9958135562425203), ([[346, 868], [394, 868], [394, 973], [346, 973]], '}', 0.7781751520903732), ([[810, 1002], [854, 1002], [854, 1028], [810, 1028]], '아니', 0.9999838999418298), ([[806, 1034], [870, 1034], [870, 1062], [806, 1062]], '그래도', 0.999884993449793), ([[806, 1064], [870, 1064], [870, 1096], [806, 1096]], '오늘은', 0.9997342694156262), ([[794, 1098], [876, 1098], [876, 1126], [794, 1126]], '여기까지', 0.999708354473114), ([[606, 1214], [670, 1214], [670, 1244], [606, 1244]], '싫은겉', 0.501636873897645), ([[542.7253751787239, 622.1170259651087], [591.6699868465098, 597.032136796298], [634.2746248212761, 689.8829740348913], [585.3300131534902, 714.967863203702]], '문', 0.004438847808061974), ([[241.74478330338695, 1036.0879614540474], [317.1901487783879, 1030.6472892306172], [321.25521669661305, 1124.9120385459526], [246.8098512216121, 1130.3527107693828]], '다', 0.0025141552967301722)]
[([[783, 157], [894, 157], [894, 189], [783, 189]], '이제야 조금', 0.9943699307828721), ([[784, 190], [894, 190], [894, 220], [784, 220]], '진심올 내도', 0.5367924592373363), ([[766, 222], [894, 222], [894, 252], [766, 252]], '부서지지 않을', 0.5528747280713894), ([[768, 254], [898, 254], [898, 284], [768, 284]], '루카가 뒷는데', 0.47546051583977783), ([[744, 524], [790, 524], [790, 554], [744, 554]], '밤은', 0.9809979674919145), ([[714, 556], [822, 556], [822, 586], [714, 586]], "'이제부터야", 0.9187682688912001), ([[260, 758], [326, 758], [326, 788], [260, 788]], '후카도', 0.6491187048005712), ([[245, 787], [335, 787], [335, 855], [245, 855]], '출륭음런', 0.009566236287355423), ([[536, 754], [632, 754], [632, 880], [536, 880]], '1', 0.16905109328814039), ([[260, 854], [326, 854], [326, 884], [260, 884]], '좋계어', 0.2178749090442227), ([[120, 1002], [156, 1002], [156, 1030], [120, 1030]], '응?', 0.9999006191776602), ([[857.0255489257318, 974.0237529775021], [1010.6252438316457, 995.3592100442564], [974.9744510742682, 1218.976247022498], [822.3747561683543, 1197.6407899557435]], '0', 0.9982367189093253)]
[([[140, 126], [226, 126], [226, 344], [140, 344]], '쇼', 0.01228356669265912), ([[320, 650], [386, 650], [386, 680], [320, 680]], '잘렉군', 0.2538335258445892), ([[772, 640], [884, 640], [884, 672], [772, 672]], "우리 손주가'", 0.5661926133299192), ([[320, 682], [386, 682], [386, 712], [320, 712]], '잘뒷어', 0.12624076540289733), ([[782, 674], [874, 674], [874, 704], [782, 704]], '즐거운 것', 0.7534264488182033), ([[794, 706], [862, 706], [862, 734], [794, 734]], '같구나', 0.8881189194565868), ([[232, 750], [308, 750], [308, 774], [232, 774]], '폐이지 1', 0.30599719304743805), ([[234, 776], [310, 776], [310, 800], [234, 800]], '넘겨도 대', 0.4990519274055889)]
[([[489, 1295], [511, 1295], [511, 1313], [489, 1313]], '28', 0.9994389872556879)]
[([[154, 1206], [236, 1206], [236, 1232], [154, 1232]], '어머님도', 0.9968497157096863), ([[154, 1236], [304, 1236], [304, 1266], [154, 1266]], '그러보고 싶어요', 0.5558990515155164), ([[152, 1268], [238, 1268], [238, 1298], [152, 1298]], '대빵물름', 0.11019524931907654), ([[489, 1293], [511, 1293], [511, 1313], [489, 1313]], '29', 0.6618923129857368)]
[([[325, 333], [671, 333], [671, 370], [325, 370]], '늘 신세지고 있습니다 세토우지입니다', 0.7474398132029685), ([[326, 370], [582, 370], [582, 400], [326, 400]], '이 시리즈도 7번째나 되는데', 0.9019143350373432), ([[326, 402], [612, 402], [612, 432], [326, 432]], '어울려 주서서 정말 감사합니다', 0.6816564452808332), ([[326, 434], [628, 434], [628, 464], [326, 464]], '7권이나 돼도 소재가 끊이지 안는', 0.6343016115375284), ([[326, 466], [578, 466], [578, 496], [326, 496]], '[온무스레스트!]의 속 깊음!', 0.4010134203161819), ([[326, 494], [528, 494], [528, 527], [326, 527]], '그리논 쪽도 읽는 쪽도', 0.5783448703322368), ([[326, 528], [616, 528], [616, 560], [326, 560]], '즐길 수 있다면 종은게 아날까요', 0.5184906506803828), ([[326, 592], [656, 592], [656, 624], [326, 624]], '그럼 , 다음은 겨울코미켜가 되련지요', 0.5935593856554843), ([[326, 625], [572, 625], [572, 656], [326, 656]], '만날 수 있으면 종깊습니다', 0.5153472875605036), ([[326, 658], [390, 658], [390, 688], [326, 688]], '안녕히', 0.9996512692610161), ([[219, 1073], [507, 1073], [507, 1137], [219, 1137]], '쫓수수로0 스% ( 묘님', 0.00022310233310470108), ([[410, 1072], [757, 1072], [757, 1137], [410, 1137]], '{(#입입&역+차 -^-}.3궁-위)', 1.158945562635433e-07), ([[224, 1128], [418, 1128], [418, 1160], [224, 1160]], '티]락: 채쇼 < 9 +', 0.011883125185889042), ([[653.5912052259251, 756.3283388133306], [805.399729724794, 732.8771101905272], [812.4087947740749, 809.6716611866694], [660.600270275206, 833.1228898094728]], '##지 ', 0.09028449654579163)]
[([[195, 1180], [806, 1180], [806, 1278], [195, 1278]], '소나시 규@올', 0.01121258455606949)]
[([[550, 202], [638, 202], [638, 232], [550, 232]], '아아야야', 0.809197723865509), ([[778, 566], [884, 566], [884, 596], [778, 596]], '한심하구나', 0.9846563314002168), ([[806, 598], [854, 598], [854, 624], [806, 624]], '무카', 0.14299216347665358), ([[164, 742], [228, 742], [228, 768], [164, 768]], '이전의', 0.9994576746446822), ([[128, 774], [260, 774], [260, 804], [128, 804]], '기백은 어디로', 0.683655521036238), ([[158, 806], [234, 806], [234, 834], [158, 834]], '간거나!', 0.9207219481468201), ([[116, 838], [274, 838], [274, 868], [116, 868]], '팔에 힘이 하나도', 0.8670883729975271), ([[122, 870], [262, 870], [262, 900], [122, 900]], '안 들어가 있다', 0.935385259169956), ([[408, 1126], [436, 1126], [436, 1154], [408, 1154]], '그', 0.9999902248621453)]
[([[802, 576], [898, 576], [898, 602], [802, 602]], '라베리아가', 0.8603190539723943), ([[116, 672], [182, 672], [182, 702], [116, 702]], '매일밤', 0.9953296565593761), ([[116, 704], [182, 704], [182, 732], [116, 732]], '매일밤', 0.9977546990782664), ([[116, 736], [188, 736], [188, 766], [116, 766]], '야한 짓', 0.9749173547493444), ([[116, 768], [248, 768], [248, 798], [116, 798]], '해오는 바람에', 0.9549076265441718), ([[434, 970], [500, 970], [500, 998], [434, 998]], '그런가', 0.9997211930447596), ([[107, 1193], [192, 1193], [192, 1223], [107, 1223]], '그렇다고', 0.999769389629364)]
[([[800, 138], [856, 138], [856, 170], [800, 170]], '그래', 0.9999489184017407), ([[793, 179], [877, 179], [877, 215], [793, 215]], '알앉다', 0.261830598115921), ([[167, 309], [251, 309], [251, 345], [167, 345]], '루카가', 0.5864699355080425), ([[127, 351], [301, 351], [301, 389], [127, 389]], '제대로 싸울 수', 0.6095594803767982), ([[141, 389], [283, 389], [283, 429], [141, 429]], '있을 체력이', 0.5119630744903284), ([[137, 433], [283, 433], [283, 469], [137, 469]], '붙을 때 까지', 0.37783892936733304), ([[167, 473], [251, 473], [251, 511], [167, 511]], '당분간', 0.9991179843247407), ([[119, 513], [303, 513], [303, 553], [119, 553]], '밤일 쪽은 금지!', 0.5710932530043191), ([[247, 631], [450, 631], [450, 696], [247, 696]], '불안 하다', 0.9721926473593373), ([[808, 984], [896, 984], [896, 1014], [808, 1014]], '왜그러나', 0.9980379939079285), ([[832, 1018], [896, 1018], [896, 1044], [832, 1044]], '그러길', 0.9994552659270977), ([[786, 1048], [890, 1048], [890, 1078], [786, 1078]], '바라느거지', 0.5615632224667494), ([[610, 1094], [638, 1094], [638, 1120], [610, 1120]], '아', 0.9998489675332713), ([[612, 1126], [658, 1126], [658, 1154], [612, 1154]], '으응', 0.9953616931119958), ([[520, 1248], [622, 1248], [622, 1274], [520, 1274]], '그렇긴 한데', 0.7610912230112048)]
[([[334, 529], [453, 529], [453, 567], [334, 567]], '같히 차기만', 0.5783473805177767), ([[338, 568], [404, 568], [404, 598], [338, 598]], '하느건', 0.49320125255709585), ([[339, 595], [454, 595], [454, 632], [339, 632]], '문제 없깊지', 0.4649778924083396), ([[219, 777], [294, 777], [294, 816], [219, 816]], '그렇제', 0.7051011323928833), ([[220, 811], [309, 811], [309, 847], [220, 847]], '말햇지런', 0.17414258420467377), ([[224, 848], [292, 848], [292, 880], [224, 880]], '역시 ?', 0.8836312294006348), ([[326, 982], [457, 982], [457, 1012], [326, 1012]], '못 움직이켓어', 0.5332653363632552)]
[([[502, 366], [528, 366], [528, 396], [502, 396]], '서', 0.05446427916634833), ([[798, 1199], [888, 1199], [888, 1225], [798, 1225]], '이거 혹시', 0.7040587313961906), ([[816, 1232], [890, 1232], [890, 1258], [816, 1258]], '찬스. ?', 0.4367461422296771), ([[8, 1266], [72, 1266], [72, 1292], [8, 1292]], '언제나', 0.9999056408148232), ([[6, 1298], [118, 1298], [118, 1328], [6, 1328]], '잡혀사는 데', 0.8169049807579611), ([[8, 1330], [74, 1330], [74, 1358], [8, 1358]], '복수가', 0.9971181443571728), ([[6, 1361], [111, 1361], [111, 1391], [6, 1391]], '가능활지도', 0.5810911255322649), ([[150.12703119981626, 849.1970466391365], [202.62783737180794, 801.0219255831464], [292.87296880018374, 913.8029533608635], [240.37216262819206, 961.9780744168536]], '통', 0.11314842003517711), ([[76.50835155873693, 930.2859117025688], [134.7174235145387, 875.0234202275578], [234.49164844126307, 994.7140882974312], [176.2825764854613, 1049.9765797724422]], '탑', 0.23525750787507604)]
[([[207, 63], [271, 63], [271, 99], [207, 99]], '들기면', 0.4850666357333215), ([[112, 120], [198, 120], [198, 146], [112, 146]], '못합나다', 0.7538771033287048), ([[750, 128], [862, 128], [862, 154], [750, 154]], '저절리버려', 0.42484026610050946), ([[112, 146], [274, 146], [274, 172], [112, 172]], '신중해야 합니다', 0.49525085957899345), ([[476, 564], [540, 564], [540, 590], [476, 590]], '평소에', 0.9904130036218067), ([[470, 594], [540, 594], [540, 624], [470, 624]], '들은 적', 0.8104942081939437), ([[434, 626], [544, 626], [544, 656], [434, 656]], '없는 소리블', 0.3427304198900696), ([[440, 658], [538, 658], [538, 686], [440, 686]], '내고 있어.', 0.5261879080316113), ([[110, 960], [178, 960], [178, 988], [110, 988]], '짜릿해.', 0.22375503182411194), ([[237, 985], [253, 985], [253, 1011], [237, 1011]], '0', 0.9983734551481263), ([[117.33741084355093, 43.03669759195829], [261.9998701565695, 94.96052717002257], [241.6625891564491, 144.9633024080417], [98.00012984343047, 94.03947282997743]], '멈 주세덩 어가지', 0.0021841253839170794)]
