2499742
69
[([[895, 459], [1217, 459], [1217, 547], [895, 547]], '콤주 -청개', 0.0002900679994930608), ([[33, 588], [186, 588], [186, 901], [33, 901]], '틀', 0.012310808645833726), ([[517.0054100676992, 818.2238042978769], [628.4721065719353, 799.7460543237479], [637.9945899323008, 879.7761957021231], [526.5278934280647, 898.2539456762521]], '져:', 0.0010931113811007758)]
[([[810, 62], [902, 62], [902, 94], [810, 94]], '암은 채로', 0.9744340485296604), ([[805, 97], [907, 97], [907, 133], [805, 133]], '기절햇어요', 0.6040087283741762), ([[652, 346], [734, 346], [734, 378], [652, 378]], '고집스런', 0.956660270690918), ([[637, 381], [747, 381], [747, 417], [637, 417]], '제물이네요', 0.6473174574892558), ([[842, 684], [874, 684], [874, 718], [842, 718]], '아', 0.6941368854245731), ([[803, 721], [919, 721], [919, 761], [803, 761]], '일어낫어?', 0.8694030803445487), ([[116, 1142], [156, 1142], [156, 1174], [116, 1174]], '싶~', 0.13434143765003098), ([[99, 1183], [175, 1183], [175, 1219], [99, 1219]], '가만히', 0.9999554011992565), ([[109, 1223], [161, 1223], [161, 1261], [109, 1261]], '있어', 0.7619098451484914), ([[714.0446053670523, 689.0765532757241], [756.6281087071083, 672.0329672824715], [788.9553946329477, 762.9234467242759], [745.3718912928917, 778.9670327175285]], '물', 0.06253116221142196)]
[([[835, 169], [901, 169], [901, 205], [835, 205]], '귀두~', 0.9953432754798189), ([[553, 317], [653, 317], [653, 355], [553, 355]], '패인 곳을', 0.9327065684444215), ([[557, 357], [651, 357], [651, 393], [557, 393]], '방글렉글', 0.3415040075778961), ([[571, 395], [635, 395], [635, 431], [571, 431]], '방글~', 0.9677222521863252), ([[289, 487], [375, 487], [375, 527], [289, 527]], '이거 화', 0.8612829774478816), ([[703, 491], [755, 491], [755, 527], [703, 527]], '힘출', 0.93717488776859), ([[269, 527], [391, 527], [391, 569], [269, 569]], '멋있어젯지', 0.4133118519170692), ([[769, 677], [849, 677], [849, 713], [769, 713]], '자 그럼', 0.9993724410245022), ([[951.0513167019495, 579.1539501058485], [971.5665421809504, 568.0539806590581], [994.9486832980505, 614.8460498941515], [974.4334578190496, 625.9460193409419]], '늘', 0.019405014104219243)]
[([[748, 100], [852, 100], [852, 280], [748, 280]], '뭐', 0.06933899138098187), ([[539, 381], [579, 381], [579, 437], [539, 437]], '굶', 0.008306218844156776), ([[437, 917], [487, 917], [487, 953], [437, 953]], '후후', 0.9982211081291027), ([[132, 1184], [204, 1184], [204, 1216], [132, 1216]], '아직 더', 0.9991226520417792), ([[112, 1214], [221, 1214], [221, 1252], [112, 1252]], '할 수 잇지?', 0.6967714674958847)]
[]
[([[539, 647], [587, 647], [587, 689], [539, 689]], '33', 0.051058335647925994), ([[378, 1130], [440, 1130], [440, 1184], [378, 1184]], '표', 0.1860540233727228), ([[351.4975064701907, 448.02531405488753], [391.01448651019984, 442.10399988555736], [405.5024935298093, 556.9746859451125], [365.98551348980016, 562.8960001144427]], '$', 0.19107779434823247), ([[615.1434032677021, 944.0152914956589], [852.9994840263146, 1106.8426263342537], [736.8565967322979, 1271.9847085043411], [500.0005159736854, 1109.1573736657463]], "'8 ", 0.010545558152297026), ([[176.20035989203598, 1134.1817634709764], [225.6648451696378, 1091.0245902098895], [310.799640107964, 1200.8182365290236], [260.33515483036217, 1243.9754097901105]], '&', 0.23303087241515996)]
[([[642, 138], [740, 138], [740, 170], [642, 170]], '골나나요?', 0.44095736867723717), ([[812, 502], [902, 502], [902, 534], [812, 534]], '그 아이랑', 0.614952166817805), ([[799, 535], [913, 535], [913, 571], [799, 571]], '할 이야기가', 0.9563115705757846), ([[821, 569], [888, 569], [888, 607], [821, 607]], '있어요', 0.7283372354979458), ([[576, 758], [622, 758], [622, 790], [576, 790]], '데려', 0.9988051774323715), ([[568, 796], [630, 796], [630, 828], [568, 828]], '오도록', 0.9994053712377595), ([[564, 832], [630, 832], [630, 864], [564, 864]], '하세요', 0.9988504271539494), ([[614, 1216], [648, 1216], [648, 1224], [614, 1224]], "577 '", 0.014964051369056585)]
[([[398, 126], [468, 126], [468, 164], [398, 164]], '저에계', 0.6151972303485208), ([[387, 163], [479, 163], [479, 199], [387, 199]], '몸을 바칠', 0.4911120732874621), ([[412, 200], [454, 200], [454, 230], [412, 230]], '거면', 0.936928348103072), ([[498, 300], [546, 300], [546, 330], [498, 330]], '저논', 0.7974343068333176), ([[497, 333], [613, 333], [613, 369], [497, 369]], '강한 남자틀', 0.6501420411745801), ([[127, 347], [221, 347], [221, 383], [127, 383]], '전력으로', 0.9934180974960327), ([[499, 368], [609, 368], [609, 404], [499, 404]], '좋아합니다', 0.9816056700614704), ([[127, 389], [223, 389], [223, 427], [127, 427]], '덩비세요', 0.4510546326637268), ([[245, 695], [277, 695], [277, 715], [245, 715]], '"카', 0.06883032161474484), ([[464, 1030], [510, 1030], [510, 1062], [464, 1062]], '울지', 0.9415799039973556), ([[454, 1064], [518, 1064], [518, 1096], [454, 1096]], '마세요', 0.5257530212402344), ([[110, 1178], [192, 1178], [192, 1210], [110, 1210]], '그러고도', 0.9988518953323364), ([[105, 1213], [195, 1213], [195, 1249], [105, 1249]], '사내아이', 0.9953019618988037), ([[114, 1252], [190, 1252], [190, 1284], [114, 1284]], '인가요?', 0.9998915791511536), ([[765.4356673520169, 698.0812689968575], [780.399920023992, 690.0403918824392], [802.5643326479831, 735.9187310031425], [787.600079976008, 742.9596081175608]], '틀', 0.839918992811878)]
[([[369, 141], [439, 141], [439, 177], [369, 177]], '저희논', 0.9707543737237099), ([[380, 178], [428, 178], [428, 210], [380, 210]], '지금', 0.9999063509870175), ([[805, 165], [877, 165], [877, 201], [805, 201]], '당신은', 0.9999478304416382), ([[359, 211], [449, 211], [449, 247], [359, 247]], '누군가을', 0.22435039281845093), ([[361, 243], [447, 243], [447, 279], [361, 279]], '기다리고', 0.9996814131736755), ([[361, 277], [447, 277], [447, 313], [361, 313]], '잇거든요', 0.4553954601287842), ([[759, 433], [827, 433], [827, 471], [759, 471]], '어째서', 0.9928776264161456), ([[182, 512], [226, 512], [226, 542], [182, 542]], '그때', 0.9985191967796669), ([[169, 545], [235, 545], [235, 581], [169, 581]], '까지의', 0.9994532701331168), ([[476, 566], [544, 566], [544, 598], [476, 598]], '저한례', 0.451882395618823), ([[124, 584], [170, 584], [170, 614], [124, 614]], '시간', 0.999965945516241), ([[475, 601], [571, 601], [571, 637], [475, 637]], '이런 훈련', 0.9992352785458036), ([[114, 620], [178, 620], [178, 652], [114, 652]], '때우기', 0.9964475916063706), ([[475, 637], [565, 637], [565, 673], [475, 673]], '같은 겉 ', 0.2588745859111474), ([[113, 653], [181, 653], [181, 689], [113, 689]], '입니다', 0.9957937456582536), ([[891, 797], [959, 797], [959, 833], [891, 833]], '즐겁게', 0.7397432520721076), ([[892, 836], [958, 836], [958, 868], [892, 868]], '즐겁게', 0.8182777663843886)]
[([[791, 147], [875, 147], [875, 275], [791, 275]], '뼈', 0.006890164587001701), ([[507.42022031558804, 71.01293506917197], [603.2006014416658, 52.18760938407908], [650.579779684412, 320.987064930828], [553.7993985583342, 339.8123906159209]], '품', 0.12493008387901572)]
[([[184, 352], [210, 352], [210, 392], [184, 392]], '2', 0.9360073111006101), ([[328, 538], [352, 538], [352, 580], [328, 580]], '3', 0.9219535855910365), ([[528, 752], [576, 752], [576, 780], [528, 780]], '꼬리틀', 0.18972284777807102), ([[534, 780], [570, 780], [570, 804], [534, 804]], '전부', 0.9999710873843435), ([[518, 804], [586, 804], [586, 830], [518, 830]], '만족시켜', 0.9963650703430176), ([[526, 830], [578, 830], [578, 856], [526, 856]], '주세요', 0.999951684644557), ([[478, 860], [522, 860], [522, 890], [478, 890]], '후후', 0.9995511655710799), ([[670, 934], [710, 934], [710, 964], [670, 964]], '이제', 0.9999223663877029), ([[720, 926], [766, 926], [766, 958], [720, 958]], '후후', 0.999175538636231), ([[670, 964], [710, 964], [710, 992], [670, 992]], '한계', 0.9995495642017902), ([[664, 994], [716, 994], [716, 1020], [664, 1020]], '인가요', 0.9998790057246187), ([[565, 1105], [639, 1105], [639, 1143], [565, 1143]], '나오지', 0.999544595459627), ([[678, 1126], [718, 1126], [718, 1154], [678, 1154]], '제물', 0.9998087429588072), ([[162, 1154], [222, 1154], [222, 1184], [162, 1184]], '발기만', 0.9999453527408126), ([[573, 1145], [629, 1145], [629, 1185], [573, 1185]], '암계', 0.31406400151791086), ([[689, 1159], [707, 1159], [707, 1181], [689, 1181]], '씨', 0.9999881983151546), ([[156, 1184], [228, 1184], [228, 1212], [156, 1212]], '해외으면', 0.8197131752967834), ([[576, 1192], [626, 1192], [626, 1224], [576, 1224]], '쾌도', 0.46183294514844636), ([[172, 1212], [212, 1212], [212, 1240], [172, 1240]], '가게', 0.9996333421090575), ([[144, 1240], [236, 1240], [236, 1268], [144, 1268]], '만들어 드럭', 0.33051988716801595), ([[156, 1268], [228, 1268], [228, 1298], [156, 1298]], '테니까요', 0.9969334006309509)]
[([[53, 105], [305, 105], [305, 168], [53, 168]], '여름 문무_ 책', 0.2436959927542618)]
[([[749, 117], [861, 117], [861, 285], [749, 285]], '품', 0.023232873693290523), ([[608, 878], [660, 878], [660, 908], [608, 908]], '자아 ,', 0.9817436337471008), ([[596, 910], [674, 910], [674, 940], [596, 940]], '일어나면', 0.99601811170578), ([[602, 942], [668, 942], [668, 972], [602, 972]], '또 훈련', 0.7145615220069885), ([[604, 974], [666, 974], [666, 1006], [604, 1006]], '입니다', 0.9977105953374295), ([[733, 1029], [763, 1029], [763, 1041], [733, 1041]], '1117', 0.1309674084186554), ([[391, 1179], [459, 1179], [459, 1215], [391, 1215]], '이러다', 0.9952303354905094), ([[295, 1213], [335, 1213], [335, 1233], [295, 1233]], '1', 0.03742070746276327), ([[402, 1218], [448, 1218], [448, 1248], [402, 1248]], '죽지', 0.9518636203260636), ([[375, 1249], [473, 1249], [473, 1285], [375, 1285]], '암울까요?', 0.8036268018565421), ([[782, 1336], [830, 1336], [830, 1364], [782, 1364]], '4고', 0.027308550783331425)]
[([[351, 1253], [429, 1253], [429, 1295], [351, 1295]], '7,/60', 0.16643528495597668)]
[([[281, 149], [365, 149], [365, 185], [281, 185]], '움직이지', 0.9985653162002563), ([[290, 186], [354, 186], [354, 218], [290, 218]], '마세요', 0.9993121206786143)]
[([[474, 92], [534, 92], [534, 122], [474, 122]], '자아~', 0.9976467490196228), ([[482, 126], [526, 126], [526, 158], [482, 158]], '가도', 0.9987333008396346), ([[460, 162], [546, 162], [546, 194], [460, 194]], '괜찮아요', 0.9986444115638733), ([[768, 174], [846, 174], [846, 260], [768, 260]], ')', 0.6656289551183505), ([[116, 310], [190, 310], [190, 342], [116, 342]], '모처럼의', 0.9907132983207703), ([[110, 344], [196, 344], [196, 374], [110, 374]], '제 육단지', 0.4906444021406647), ([[126, 376], [182, 376], [182, 406], [126, 406]], '나까요', 0.4465466823113043)]
[([[829, 103], [923, 103], [923, 139], [829, 139]], '제가 질을', 0.6986020657752993), ([[832, 140], [920, 140], [920, 172], [832, 172]], '허락하는', 0.647955596446991), ([[852, 176], [898, 176], [898, 206], [852, 206]], '것은', 0.9923297415624964), ([[794, 216], [854, 216], [854, 246], [794, 246]], '좀처럼', 0.8063919854757816), ([[804, 246], [846, 246], [846, 276], [804, 276]], '없는', 0.8830176304581991), ([[793, 272], [856, 272], [856, 310], [793, 310]], '일인데', 0.9658604993916747), ([[514, 406], [600, 406], [600, 436], [514, 436]], '못 말리논', 0.9784781183892126), ([[518, 438], [594, 438], [594, 468], [518, 468]], '아이네요', 0.9560009333407673), ([[421, 705], [451, 705], [451, 723], [421, 723]], '냄비', 0.028229698996764273), ([[391, 717], [415, 717], [415, 733], [391, 733]], '(나내', 0.043237959105347966), ([[756, 994], [828, 994], [828, 1026], [756, 1026]], '마을 쪽', 0.6488693311388406), ([[761, 1026], [820, 1026], [820, 1056], [761, 1056]], '으로는', 0.980314389088017), ([[752, 1060], [832, 1060], [832, 1092], [752, 1092]], '오랜만에', 0.9961654543876648), ([[234, 1058], [258, 1058], [258, 1134], [234, 1134]], '월', 0.12691753643148118), ([[760, 1094], [822, 1094], [822, 1126], [760, 1126]], '앞네요', 0.31470602894292415), ([[185, 1125], [215, 1125], [215, 1139], [185, 1139]], '{"1/"7', 0.20570897858376633), ([[386, 1134], [446, 1134], [446, 1164], [386, 1164]], '나나비', 0.999618785206446), ([[338, 1176], [392, 1176], [392, 1202], [338, 1202]], '오늘은', 0.9996420470786057), ([[405, 1167], [423, 1167], [423, 1191], [405, 1191]], '님', 0.8401394775134499), ([[346, 1206], [386, 1206], [386, 1234], [346, 1234]], '어떤', 0.9698185176193878), ([[328, 1236], [388, 1236], [388, 1268], [328, 1268]], "훈련올'", 0.41460174322128296)]
[([[398, 118], [486, 118], [486, 148], [398, 148]], '그렇게까지', 0.5541906629385766), ([[398, 146], [486, 146], [486, 174], [398, 174]], '단련햇으니', 0.7331267030588936), ([[406, 174], [480, 174], [480, 202], [406, 202]], '누군가가', 0.9486609697341919), ([[414, 202], [468, 202], [468, 228], [414, 228]], '고용해', 0.8026731610298157), ([[414, 228], [468, 228], [468, 256], [414, 256]], '주컷조', 0.755804634494899), ([[525, 287], [571, 287], [571, 323], [525, 323]], '이런', 0.9997421553182312), ([[526, 326], [570, 326], [570, 358], [526, 358]], '이런', 0.9996680675587991), ([[390, 400], [454, 400], [454, 432], [390, 432]], '생활이', 0.9659191407358779), ([[380, 432], [464, 432], [464, 464], [380, 464]], '안정되면', 0.9413145506096291), ([[356, 466], [486, 466], [486, 498], [356, 498]], '여동생올 다시', 0.8657119664623203), ([[366, 498], [476, 498], [476, 530], [366, 530]], '말으러 가면', 0.897992864668318), ([[388, 532], [456, 532], [456, 564], [388, 564]], '표니다', 0.12125475263401721), ([[110, 610], [148, 610], [148, 636], [110, 636]], '조금', 0.9995745327918711), ([[108, 640], [190, 640], [190, 672], [108, 672]], '아깝다는', 0.7825278043746948), ([[827, 637], [873, 637], [873, 675], [827, 675]], '유?', 0.4229612296868662), ([[110, 674], [168, 674], [168, 704], [110, 704]], '생각도', 0.999170767441495), ([[110, 706], [164, 706], [164, 732], [110, 732]], '드네요', 0.9947508755212272), ([[800, 816], [866, 816], [866, 848], [800, 848]], '동국을', 0.6557548642158508), ([[773, 849], [893, 849], [893, 885], [773, 885]], '찾울 수 없게', 0.313207102522687), ([[344, 882], [404, 882], [404, 914], [344, 914]], '강하고', 0.999755191656675), ([[775, 885], [889, 885], [889, 921], [775, 921]], '하는 설결계틀', 0.2606551874307812), ([[338, 916], [414, 916], [414, 946], [338, 946]], '건강하고', 0.9993227124214172), ([[770, 922], [894, 922], [894, 954], [770, 954]], '세워야켓균요', 0.866751251429281), ([[276, 1012], [358, 1012], [358, 1044], [276, 1044]], '귀여우면', 0.6952866315841675), ([[692, 1018], [750, 1018], [750, 1050], [692, 1050]], '아아~', 0.8933117985725403), ([[276, 1046], [356, 1046], [356, 1078], [276, 1078]], '좁계네요', 0.1278681755065918), ([[680, 1052], [762, 1052], [762, 1084], [680, 1084]], '어단가에', 0.9024831652641296), ([[676, 1086], [766, 1086], [766, 1118], [676, 1118]], '강한 남자', 0.9941977828489055), ([[673, 1119], [767, 1119], [767, 1151], [673, 1151]], '없올까요?', 0.4128348031199832), ([[121, 1231], [227, 1231], [227, 1293], [121, 1293]], '[국', 0.3209803476593042), ([[292.79907800167763, 653.1588936020131], [432.5419046807367, 631.9092819723593], [437.20092199832237, 672.8411063979869], [297.4580953192633, 694.0907180276407]], '맛있엿는데~', 0.32767032101093263)]
[([[837, 1105], [873, 1105], [873, 1189], [837, 1189]], '뿐', 0.07212083583212436), ([[856, 1000], [912, 1000], [912, 1192], [856, 1192]], '통', 0.11864522553538848)]
[([[89, 787], [203, 787], [203, 849], [89, 849]], '#보', 0.4117283201962237), ([[150, 824], [218, 824], [218, 880], [150, 880]], '{7', 0.04811446685582404), ([[66.5171823341929, 746.5378011352244], [187.17912561877642, 728.9707001097722], [191.4828176658071, 779.4621988647756], [70.82087438122358, 797.0292998902278]], '11761하', 0.1439465890811045)]
[([[148, 742], [260, 742], [260, 838], [148, 838]], '# !', 0.2525925287658821), ([[574, 824], [622, 824], [622, 882], [574, 882]], '영', 0.019905363730047476)]
[([[720, 195], [893, 195], [893, 264], [720, 264]], '그미논"!', 0.2093141557916139), ([[730, 255], [857, 255], [857, 320], [730, 320]], '174', 0.5155178357806047), ([[785, 305], [891, 305], [891, 365], [785, 365]], '최', 0.24039087507289025), ([[0, 598], [30, 598], [30, 630], [0, 630]], '"4 ,', 0.32293766736984253)]
[]
[([[547, 143], [741, 143], [741, 205], [547, 205]], '알마엘마편', 0.5093654661955708)]
[]
[([[740, 106], [816, 106], [816, 154], [740, 154]], '엔딩', 0.9166202376194338), ([[740, 154], [818, 154], [818, 204], [740, 204]], '이후', 0.9998470946577562), ([[795, 537], [813, 537], [813, 563], [795, 563]], '9', 1.0), ([[795, 565], [813, 565], [813, 613], [795, 613]], '욕', 0.9224207972977325), ([[163, 609], [183, 609], [183, 685], [163, 685]], '8', 0.3326908009885443), ([[421, 701], [441, 701], [441, 753], [421, 753]], '9', 0.4195781580019151), ([[425, 753], [441, 753], [441, 777], [425, 777]], '8', 1.0), ([[454, 830], [496, 830], [496, 860], [454, 860]], '오늘', 0.9999765664326473), ([[458, 864], [502, 864], [502, 896], [458, 896]], '연습', 0.9998918528996105), ([[468, 900], [502, 900], [502, 932], [468, 932]], '꼴!', 0.43262330534454124), ([[761, 923], [805, 923], [805, 961], [761, 961]], '천!', 0.8265705141072723), ([[127, 985], [177, 985], [177, 1021], [127, 1021]], '어머', 0.9999362745597775), ([[117, 1019], [185, 1019], [185, 1055], [117, 1055]], '어머니', 0.1867781745292844)]
[([[820, 0], [917, 0], [917, 73], [820, 73]], '|', 0.040072817533655325), ([[114, 46], [166, 46], [166, 110], [114, 110]], '"', 0.017768152798297798), ([[262, 398], [354, 398], [354, 446], [262, 446]], '안녕~', 0.9993997968173309), ([[240, 448], [370, 448], [370, 496], [240, 496]], '루카장"', 0.13704611361026764), ([[197, 777], [305, 777], [305, 819], [197, 819]], '지나가다', 0.9999748468399048), ([[197, 817], [311, 817], [311, 859], [197, 859]], '목이 말라', 0.9341153738732004), ([[187, 857], [289, 857], [289, 899], [187, 899]], '들뒷어요', 0.17689868807792664), ([[240, 1164], [338, 1164], [338, 1196], [240, 1196]], '무슨 카페', 0.9687139388763957), ([[239, 1197], [335, 1197], [335, 1233], [239, 1233]], '들어온 것', 0.6382898145279748), ([[219, 1233], [357, 1233], [357, 1269], [219, 1269]], '처럼 말해도;;', 0.9862547159261977)]
[([[521, 335], [584, 335], [584, 376], [521, 376]], '곤란 .', 0.8147851899785735), ([[317, 679], [377, 679], [377, 769], [317, 769]], '품', 0.14360606129128062), ([[472, 926], [546, 926], [546, 998], [472, 998]], '[', 0.995708787571914), ([[497, 985], [539, 985], [539, 1047], [497, 1047]], '8', 0.13332921535948916), ([[71, 1203], [131, 1203], [131, 1334], [71, 1334]], '쥐', 0.03572676638770056)]
[([[129, 89], [265, 89], [265, 129], [129, 129]], '(서규버스의', 0.9506023830878115), ([[737, 87], [871, 87], [871, 131], [737, 131]], '(아..이성올', 0.35641184013611893), ([[127, 129], [269, 129], [269, 169], [127, 169]], '드레인 키스)', 0.9943082210679325), ([[732, 128], [870, 128], [870, 170], [732, 170]], '마비시키논)', 0.8504426355085767), ([[664.3273272060037, 576.2600599266041], [689.4594229188738, 556.1117823568441], [698.6726727939963, 566.7399400733959], [673.5405770811262, 586.8882176431559]], '"47471 \'', 0.41704185025490637)]
[([[365, 787], [401, 787], [401, 823], [365, 823]], '아', 0.9991300806678147), ([[126, 972], [172, 972], [172, 1002], [126, 1002]], '아앗 .', 0.8544651195022782)]
[([[774, 616], [870, 616], [870, 718], [774, 718]], '창', 0.05363681442673851), ([[791, 711], [867, 711], [867, 777], [791, 777]], '1', 0.9373805930551704), ([[752.4372395806155, 96.01320306710862], [841.6308772663973, 113.99842678985074], [797.5627604193845, 332.98679693289137], [708.3691227336027, 315.0015732101493]], '뉴', 0.04522348326763481)]
[([[161, 143], [231, 143], [231, 181], [161, 181]], '그러니', 0.9992082732730003), ([[761, 253], [895, 253], [895, 295], [761, 295]], '역시 맛있어', 0.9955237857396542), ([[325, 305], [383, 305], [383, 343], [325, 343]], '다른', 0.9995337191145844), ([[759, 295], [897, 295], [897, 335], [759, 335]], '루카의 정액', 0.7065121771731906), ([[299, 343], [407, 343], [407, 383], [299, 383]], '남자들은', 0.9986976385116577), ([[301, 385], [405, 385], [405, 423], [301, 423]], '이런맛이', 0.9938381910324097), ([[301, 425], [407, 425], [407, 463], [301, 463]], '안나는데', 0.5184024572372437), ([[183, 529], [265, 529], [265, 569], [183, 569]], '맛있는', 0.49970977308460607), ([[168, 569], [283, 569], [283, 612], [168, 612]], '정액올 준', 0.7263666108261322), ([[171, 611], [277, 611], [277, 651], [171, 651]], '루카에게', 0.5604259371757507), ([[185, 653], [269, 653], [269, 689], [185, 689]], '답례야', 0.5967466258007361), ([[373, 795], [445, 795], [445, 831], [373, 831]], '사정올', 0.8508435147508298), ([[363, 831], [457, 831], [457, 867], [363, 867]], '봉인하는', 0.8177897334098816), ([[182, 856], [238, 856], [238, 888], [182, 888]], '이결로', 0.6376816247805761), ([[353, 865], [463, 865], [463, 901], [353, 901]], '매혹의 굉~', 0.849393238953659), ([[188, 888], [232, 888], [232, 918], [188, 918]], '같이', 0.9986471857446615), ([[180, 918], [242, 918], [242, 948], [180, 948]], '즐기자', 0.9968748753911584)]
[([[480, 62], [522, 62], [522, 88], [480, 88]], '후후', 0.34980459106742595), ([[804, 80], [848, 80], [848, 110], [804, 110]], '푸러', 0.7093637086417605), ([[447, 155], [503, 155], [503, 193], [447, 193]], '애원', 0.99799524203386), ([[808, 184], [868, 184], [868, 210], [808, 210]], '드레인', 0.9992311209545457), ([[433, 193], [517, 193], [517, 233], [433, 233]], '하는건', 0.6608684130026383), ([[566, 216], [606, 216], [606, 244], [566, 244]], '두세', 0.6557747806659235), ([[808, 210], [866, 210], [866, 234], [808, 234]], '키스로', 0.9931924343109131), ([[424, 232], [527, 232], [527, 276], [424, 276]], '기쁘지만', 0.9596974849700928), ([[566, 246], [590, 246], [590, 272], [566, 272]], '호', 0.5902887318872594), ([[796, 234], [876, 234], [876, 260], [796, 260]], '상태:매혹', 0.9272440964541604), ([[785, 317], [895, 317], [895, 359], [785, 359]], '오늘 내가', 0.62096456238926), ([[302, 344], [362, 344], [362, 374], [302, 374]], '평소량', 0.8619203567504883), ([[310, 374], [354, 374], [354, 404], [310, 404]], '다른', 0.9990545242723712), ([[789, 361], [889, 361], [889, 397], [789, 397]], '먹고심은', 0.9828477501869202), ([[284, 404], [364, 404], [364, 434], [284, 434]], '정액이야', 0.9734019637107849), ([[799, 401], [879, 401], [879, 439], [799, 439]], '정기늄', 0.21045381483909018)]
[([[154, 213], [344, 213], [344, 309], [154, 309]], '여우편', 0.9997550540101606)]
[]
[([[527, 883], [612, 883], [612, 927], [527, 927]], '후카장', 0.4454716240990058), ([[513, 1099], [575, 1099], [575, 1183], [513, 1183]], '개', 0.5898853521812839), ([[227, 1187], [285, 1187], [285, 1225], [227, 1225]], '기분', 0.9999423435980759), ([[217, 1227], [293, 1227], [293, 1267], [217, 1267]], '좋아?', 0.9946365690212547)]
[([[157, 219], [253, 219], [253, 309], [157, 309]], '0)', 0.012960475267468258), ([[797, 257], [857, 257], [857, 333], [797, 333]], '조', 0.9948292037572628), ([[786, 358], [864, 358], [864, 648], [786, 648]], '안', 0.15028757476962884), ([[153, 815], [201, 815], [201, 857], [153, 857]], '{', 0.06761560162907276), ([[80.866519581685, 107.03061226117232], [188.5341782427191, 3.0067950611392895], [473.133480418315, 333.96938773882766], [365.4658217572809, 437.9932049388607]], '@', 0.864674196773322)]
[([[235.2025477771711, 718.1658598874935], [273.9115580174439, 724.4118283023249], [269.7974522228289, 744.8341401125065], [231.0884419825561, 737.5881716976751]], '이시1내', 0.0026285580825060606)]
[([[766, 435], [834, 435], [834, 634], [766, 634]], '7', 0.5824794940282665), ([[741, 907], [827, 907], [827, 1219], [741, 1219]], '?', 0.21511772271985397), ([[528.3540577585338, 45.018981895075044], [610.9128889205217, 34.39268751583598], [634.6459422414662, 236.98101810492494], [552.0871110794783, 248.60731248416403]], '', 0.0), ([[180.44549987219114, 110.01709792949629], [250.9218390121237, 99.20758651953405], [276.55450012780886, 289.9829020705037], [207.0781609878763, 299.79241348046594]], '[', 0.06804136071227518), ([[720.3075142975482, 151.01999734758377], [814.9809714216881, 164.23956773449174], [787.6924857024518, 347.9800026524162], [693.0190285783119, 334.76043226550826]], '[', 0.3860017433919758)]
[([[173, 117], [281, 117], [281, 245], [173, 245]], '및', 0.10842056156931879), ([[389, 327], [499, 327], [499, 471], [389, 471]], '습', 0.007714569527807191), ([[601, 961], [641, 961], [641, 1039], [601, 1039]], '6', 0.007356323517298202), ([[835, 987], [875, 987], [875, 1087], [835, 1087]], '!', 0.006770723442388382), ([[393.3633013932322, 16.022549644573914], [460.04336662404154, 5.235032638979595], [484.6366986067678, 174.97745035542607], [417.95663337595846, 185.7649673610204]], '5', 0.011415021128385883)]
[]
[([[227, 831], [271, 831], [271, 871], [227, 871]], '"갑', 0.006002750812179764), ([[455, 839], [541, 839], [541, 929], [455, 929]], '빵 .', 0.1461448034440031), ([[609, 837], [672, 837], [672, 980], [609, 980]], '퍽', 0.1332829051577642), ([[859, 973], [919, 973], [919, 1015], [859, 1015]], '후춧', 0.4724820280041101), ([[711, 1179], [787, 1179], [787, 1224], [711, 1224]], "'쿠퍼액", 0.85587078332901), ([[714, 1220], [784, 1220], [784, 1252], [714, 1252]], '맛있어', 0.9973785527828988), ([[266.3010031509086, 268.01437656708003], [384.71701988126927, 337.490633054432], [262.6989968490914, 544.98562343292], [144.28298011873073, 476.509366945568]], '셈', 0.0108926532407439)]
[([[819, 49], [861, 49], [861, 111], [819, 111]], '주', 0.007824195905925535), ([[727, 257], [767, 257], [767, 433], [727, 433]], '&', 0.1236190750610291), ([[278, 678], [332, 678], [332, 706], [278, 706]], '앞으로', 0.9995023392916654), ([[450, 692], [486, 692], [486, 716], [450, 716]], '이제', 0.9988829541625196), ([[274, 708], [338, 708], [338, 736], [274, 736]], '10번만', 0.6696111166645619), ([[444, 716], [492, 716], [492, 740], [444, 740]], '(제대로', 0.7945842146873474), ([[375, 775], [433, 775], [433, 805], [375, 805]], '보지로', 0.9987193359028206), ([[384, 806], [428, 806], [428, 836], [384, 836]], '싸게', 0.9300114207576833), ([[88, 838], [170, 838], [170, 866], [88, 866]], '사정금지틀', 0.7714671187981818), ([[376, 836], [436, 836], [436, 868], [376, 868]], '해출계', 0.4891012854454592), ([[104, 864], [154, 864], [154, 890], [104, 890]], '참으면', 0.998782575961379), ([[96, 890], [158, 890], [158, 914], [96, 914]], '말이지~', 0.15221957862377167), ([[744, 996], [770, 996], [770, 1020], [744, 1020]], '에', 0.9682050765025753)]
[]
[]
[([[177, 689], [309, 689], [309, 845], [177, 845]], '선', 0.029747531465649013), ([[714, 872], [840, 872], [840, 996], [714, 996]], '"시1', 0.10540762154698341), ([[792, 1040], [822, 1040], [822, 1078], [792, 1078]], '0', 0.8185635916099763)]
[]
[([[146, 802], [180, 802], [180, 832], [146, 832]], '10', 0.6855481389118563)]
[]
[([[596, 220], [620, 220], [620, 376], [596, 376]], '}', 0.1095001047745292), ([[788, 292], [860, 292], [860, 348], [788, 348]], '무카', 0.20202700380265803), ([[103, 645], [159, 645], [159, 687], [103, 687]], '엄청', 0.994080057208534), ([[67, 689], [191, 689], [191, 729], [67, 729]], '매있없어"', 0.5649953908368057), ([[807, 1033], [891, 1033], [891, 1075], [807, 1075]], '잇잡아', 0.4834457148610884), ([[809, 1075], [889, 1075], [889, 1113], [809, 1113]], '다음에', 0.9516178709781814), ([[807, 1117], [891, 1117], [891, 1155], [807, 1155]], ' 와도', 0.5659409165382385), ([[242, 1150], [326, 1150], [326, 1182], [242, 1182]], '후카장 ~', 0.6488107607356803), ([[175, 1207], [259, 1207], [259, 1247], [175, 1247]], '후카장', 0.4936123527025155), ([[652, 1228], [750, 1228], [750, 1270], [652, 1270]], '괜찮지?', 0.9946683049201965), ([[183, 1249], [251, 1249], [251, 1287], [183, 1287]], '그치?', 0.981494722193518), ([[120, 1310], [190, 1310], [190, 1358], [120, 1358]], '[요', 0.01974565939533004)]
[([[856, 1038], [961, 1038], [961, 1093], [856, 1093]], '가년데', 0.15877745642285993), ([[620, 1096], [698, 1096], [698, 1144], [620, 1144]], '그결', 0.8859814845625598), ([[616, 1144], [726, 1144], [726, 1194], [616, 1194]], '어떻게', 0.30989270699875), ([[707, 1177], [775, 1177], [775, 1217], [707, 1217]], '오늘만', 0.9235854148864746), ([[704, 1214], [784, 1214], [784, 1251], [704, 1251]], '51점서', 0.2366805076599121), ([[877.9632031319512, 978.0902578521221], [963.6444873041869, 994.9653592275605], [952.0367968680488, 1046.909742147878], [866.3555126958131, 1030.0346407724394]], '게임', 0.4724700496701714), ([[719.4050955543422, 1254.331719774987], [782.3282011773514, 1249.7811992150992], [783.5949044456578, 1284.668280225013], [721.6717988226486, 1290.2188007849008]], '뛰0', 0.14285110454362634)]
[([[113, 907], [243, 907], [243, 976], [113, 976]], '#7', 0.1348294793720666), ([[130, 949], [247, 949], [247, 1010], [130, 1010]], "우스'", 0.3042877571203683), ([[311.65835921350015, 583.3167184270003], [357.32201957191825, 545.3069971683146], [372.34164078649985, 568.6832815729997], [327.67798042808175, 605.6930028316854]], '(~', 0.012819420914334828), ([[151.35167323261572, 1000.2308563141551], [254.98385996893657, 989.6591707900535], [257.6483267673843, 1046.769143685845], [154.01614003106343, 1057.3408292099464]], '{1', 0.22880016800768688)]
[([[577, 823], [769, 823], [769, 887], [577, 887]], '-거(#)', 0.01448387423851113), ([[641, 883], [829, 883], [829, 951], [641, 951]], '탓 추나0', 0.02303243957319522), ([[590, 972], [828, 972], [828, 1049], [590, 1049]], '#꾸소-2*', 0.013301321047005132), ([[688, 1037], [920, 1037], [920, 1125], [688, 1125]], '@청씨;', 0.03550654277205467)]
[([[153, 147], [383, 147], [383, 233], [153, 233]], '소니아 편', 0.42651368003127815)]
[]
[([[385, 125], [499, 125], [499, 167], [385, 167]], '기분 좋은', 0.8752753610405167), ([[377, 169], [505, 169], [505, 211], [377, 211]], '아침이네요', 0.7324701817636606), ([[149, 351], [265, 351], [265, 387], [149, 387]], '가뭄이 벌써', 0.8776251646959377), ([[151, 387], [249, 387], [249, 423], [151, 423]], '두 달째라', 0.7869840884822904), ([[151, 423], [237, 423], [237, 459], [151, 459]], '인간들도', 0.9970535039901733), ([[152, 462], [282, 462], [282, 494], [152, 494]], '고생하고 있을', 0.2608865197436889), ([[149, 497], [237, 497], [237, 533], [149, 533]], '테지만요', 0.9918068647384644), ([[518, 664], [554, 664], [554, 688], [518, 688]], '원가', 0.8749502232250255), ([[498, 690], [574, 690], [574, 716], [498, 716]], '놓여있어요', 0.7696097493544337), ([[502, 718], [572, 718], [572, 748], [502, 748]], '나나비 님', 0.9577857430093569), ([[539, 867], [581, 867], [581, 883], [539, 883]], '떼들 ', 0.01374134962378681), ([[545, 897], [575, 897], [575, 911], [545, 911]], '7]', 0.29542637547857575), ([[765, 1055], [847, 1055], [847, 1097], [765, 1097]], '원가요', 0.3470743000507355), ([[777, 1101], [835, 1101], [835, 1143], [777, 1143]], '저거', 0.9999949423819248), ([[651.0268234150113, 903.3241410735102], [717.300707007961, 865.7278833664554], [733.9731765849887, 899.6758589264898], [667.699292992039, 936.2721166335446]], '떠깨때_', 0.020647814497351646), ([[634.3167184270003, 1240.6583592135], [689.3002730189793, 1225.074190030622], [696.6832815729997, 1248.3416407865], [641.6997269810207, 1264.925809969378]], '떠때', 0.06688379658908913)]
[([[152, 176], [182, 176], [182, 218], [152, 218]], '헌', 0.011055066782240941), ([[304, 134], [426, 134], [426, 266], [304, 266]], '숲 ?', 0.24677472321592486), ([[426, 180], [456, 180], [456, 214], [426, 214]], '9', 0.9329523394558379), ([[856, 98], [884, 98], [884, 234], [856, 234]], '푹', 0.003395267423989337), ([[153, 197], [261, 197], [261, 317], [153, 317]], ':출', 0.051159429055737664), ([[53, 793], [141, 793], [141, 979], [53, 979]], '지', 0.021026839719722412), ([[160, 840], [238, 840], [238, 918], [160, 918]], '국', 0.008820445768079), ([[304, 824], [354, 824], [354, 884], [304, 884]], '미', 0.010132224857276384), ([[344, 858], [372, 858], [372, 888], [344, 888]], '0', 0.7084829004742375), ([[753, 634], [993, 634], [993, 948], [753, 948]], '물물', 0.12958178180413824), ([[894, 908], [922, 908], [922, 936], [894, 936]], '0', 0.8755031793242575), ([[243.13175685787553, 148.05405486300432], [296.84296926237414, 143.6033191596582], [304.86824314212447, 241.94594513699568], [251.15703073762586, 246.3966808403418]], '술', 0.5747929308823849), ([[157.32254187173427, 925.0383684712617], [202.90832784643314, 913.0691534732895], [229.67745812826573, 1024.9616315287383], [184.09167215356686, 1035.9308465267104]], '몸', 0.5651668552425271)]
[([[224, 134], [302, 134], [302, 162], [224, 162]], '이 가스틀', 0.6296407283859223), ([[232, 160], [296, 160], [296, 198], [232, 198]], '마시면', 0.9905302694401416), ([[805, 155], [933, 155], [933, 193], [805, 193]], '루카 루카"', 0.39940617552547597), ([[214, 190], [316, 190], [316, 220], [214, 220]], '몸에 변화가', 0.989781533399777), ([[797, 195], [941, 195], [941, 233], [797, 233]], '루카아아" >', 0.13112350301240291), ([[226, 220], [304, 220], [304, 250], [226, 250]], '생기니까', 0.9903602004051208), ([[113, 241], [197, 241], [197, 279], [113, 279]], '에에에에', 0.9963710904121399), ([[236, 248], [294, 248], [294, 278], [236, 278]], '조심해', 0.9993993150774895), ([[229, 477], [377, 477], [377, 513], [229, 513]], '변화는 생기지만', 0.5108272772100837), ([[239, 509], [371, 509], [371, 545], [239, 545]], '그리 길지 암은', 0.5907916679592696), ([[121, 531], [169, 531], [169, 567], [121, 567]], '동안', 0.9999013777989344), ([[259, 539], [347, 539], [347, 579], [259, 579]], '시간 내에', 0.6993985315046362), ([[91, 567], [179, 567], [179, 603], [91, 603]], '방에라동', 0.28479939699172974), ([[253, 571], [357, 571], [357, 607], [253, 607]], "'돌아오니까", 0.8407159446238552), ([[95, 601], [159, 601], [159, 645], [95, 645]], '틀어박', 0.9429036986361182), ([[111, 633], [159, 633], [159, 669], [111, 669]], "'있어", 0.9541625699401618), ([[253, 831], [333, 831], [333, 867], [253, 867]], '무슨 일', 0.8160145012835879), ([[259, 869], [329, 869], [329, 911], [259, 911]], '있어?', 0.8835741704928156), ([[823, 877], [885, 877], [885, 967], [823, 967]], '칸', 0.9163069063208731)]
[([[727, 765], [813, 765], [813, 803], [727, 803]], '그럼 난', 0.9908929718328084), ([[739, 807], [797, 807], [797, 845], [739, 845]], '이만', 0.9998212177498641), ([[636, 1078], [692, 1078], [692, 1154], [636, 1154]], '뼈', 0.8441963906395564), ([[536.9193618380847, 750.0839157637423], [646.6031867358618, 767.6766565188634], [635.0806381619153, 827.9160842362577], [525.3968132641382, 810.3233434811366]], '묘3이_', 0.012212159112095833)]
[([[509, 535], [579, 535], [579, 573], [509, 573]], '저기 ', 0.6680808494411802), ([[161, 717], [209, 717], [209, 753], [161, 753]], '이건', 0.9573573931320241), ([[139, 755], [231, 755], [231, 793], [139, 793]], '어떻게 ', 0.6978304386138916)]
[([[378, 94], [565, 94], [565, 397], [378, 397]], '#', 0.37577890849064843), ([[828, 682], [928, 682], [928, 871], [828, 871]], '{꿈', 0.10773976141930058), ([[393, 1063], [545, 1063], [545, 1173], [393, 1173]], '출썹', 0.00451254417515348), ([[838, 1078], [937, 1078], [937, 1265], [838, 1265]], '뼈', 0.006975859669164974), ([[173.52040911425178, 460.1224546855107], [226.62783737180794, 418.0219255831464], [308.4795908857482, 537.8775453144893], [255.37216262819206, 578.9780744168536]], '명', 0.0022490170261249554)]
[([[336, 338], [410, 338], [410, 438], [336, 438]], '[', 0.554079396280386), ([[95, 1097], [153, 1097], [153, 1135], [95, 1135]], '안아', 0.9963587711373847), ([[85, 1133], [159, 1133], [159, 1169], [85, 1169]], '안돼~', 0.044159215523052395), ([[129, 1207], [179, 1207], [179, 1243], [129, 1243]], '그런', 0.9961431323416551), ([[100, 1242], [207, 1242], [207, 1284], [100, 1284]], "'얼굴 하면", 0.9251524825385505), ([[115, 1283], [191, 1283], [191, 1319], [115, 1319]], '안돼"', 0.17536138653211408)]
[([[593, 309], [783, 309], [783, 395], [593, 395]], '못 참계', 0.8690383391902058), ([[569, 403], [811, 403], [811, 489], [569, 489]], "'되어버려!", 0.4818741145776668), ([[634, 1032], [684, 1032], [684, 1080], [634, 1080]], '계', 0.4366066728156426)]
[([[780, 202], [926, 202], [926, 278], [780, 278]], '이렇계 ', 0.7236362099647522), ([[758, 286], [948, 286], [948, 366], [758, 366]], '범해보고', 0.968126118183136), ([[778, 366], [926, 366], [926, 442], [778, 442]], '싶없어', 0.8270460055245545), ([[83, 487], [181, 487], [181, 547], [83, 547]], '루카', 0.5722954605710648), ([[36, 562], [234, 562], [234, 634], [36, 634]], '후카맛!', 0.22891899943351746)]
[([[798, 826], [848, 826], [848, 858], [798, 858]], '짧은', 0.9834275719214327), ([[773, 857], [873, 857], [873, 893], [773, 893]], '시간 안에', 0.9832758015965308), ([[326, 888], [378, 888], [378, 964], [326, 964]], '', 0.0), ([[764, 895], [880, 895], [880, 931], [764, 931]], '돌아온다고', 0.9875484850556422), ([[800, 930], [846, 930], [846, 962], [800, 962]], '해도', 0.999868082912787), ([[215, 949], [269, 949], [269, 987], [215, 987]], '(@세', 0.017908658670777435), ([[758, 962], [887, 962], [887, 1003], [758, 1003]], '한 달 정도는', 0.5513765880066449), ([[430, 996], [454, 996], [454, 1024], [430, 1024]], '0', 0.9814483567120114), ([[788, 1002], [856, 1002], [856, 1034], [788, 1034]], '되논데', 0.992723262637734), ([[468, 1096], [492, 1096], [492, 1124], [468, 1124]], '뭐', 0.9999028467888174), ([[435, 1129], [525, 1129], [525, 1165], [435, 1165]], '괜찮켓지', 0.3807222545146942)]
[([[126, 605], [389, 605], [389, 644], [126, 644]], '#금# 출 15 한 0#< 155', 0.05242786031190804), ([[132, 632], [542, 632], [542, 662], [132, 662]], '력소  -내교 * #벼*(*하  01- !', 0.00024511927830377973), ([[131, 655], [696, 655], [696, 686], [131, 686]], '논 +3+ +3+여4*뜨 0 #주썹 501:0200 _ 노 가', 0.0005374703000891654), ([[130, 678], [742, 678], [742, 710], [130, 710]], '플로 ? <장-솜6{ # (+-) , 벼 -숨구< ! 507 _ #둥', 0.0012102751372963072), ([[130, 704], [366, 704], [366, 730], [130, 730]], '란 ) -76 우간 -01', 0.016450783055986656), ([[126, 721], [531, 721], [531, 781], [126, 781]], '{535소포3 숙물{;톤노표다?_', 9.730703616544653e-05), ([[456, 717], [687, 717], [687, 784], [456, 784]], '뛰>국촌"5 !', 0.01878848908658991), ([[132, 794], [510, 794], [510, 826], [132, 826]], '**디1+ *7 논20 0/소가다', 0.006981598494010898), ([[606, 832], [706, 832], [706, 886], [606, 886]], '#"', 0.02985705190133638), ([[187, 1121], [251, 1121], [251, 1157], [187, 1157]], '몇사', 0.07145620146366266), ([[187, 1145], [779, 1145], [779, 1187], [187, 1187]], '쫓콜: #다 [처빛꽃 (^++권:/ / -~+어나<^;.}목하명;명/)', 5.4174807934464985e-06), ([[187, 1173], [847, 1173], [847, 1218], [187, 1218]], '출퓨터:2016385145 (그 ? "\'<-5" | 9 0)', 0.0677883192579078), ([[186, 1206], [404, 1206], [404, 1242], [186, 1242]], '티망: 치 월 / > +', 0.010671589862427684), ([[125.11152606349876, 492.1799355301935], [326.9052183518921, 476.450594972403], [327.88847393650127, 563.8200644698064], [125.09478164810795, 579.549405027597]], '슈{세눈', 0.04917674511671066)]
[([[745, 109], [799, 109], [799, 145], [745, 145]], '남자', 0.999969991575738), ([[731, 151], [809, 151], [809, 187], [731, 187]], '아이:', 0.4109844606948061), ([[812, 556], [876, 556], [876, 588], [812, 588]], '제물로', 0.9999050213930412), ([[800, 592], [888, 592], [888, 624], [800, 624]], '바치려논', 0.7598493695259094), ([[807, 625], [885, 625], [885, 661], [807, 661]], '걸까요?', 0.9137027859687805), ([[201, 707], [301, 707], [301, 743], [201, 743]], '이 가뭄은', 0.6772318827347533), ([[656, 698], [720, 698], [720, 730], [656, 730]], '상당히', 0.9998704026796171), ([[634, 732], [742, 732], [742, 764], [634, 764]], '긴장감 없는', 0.9392859807271546), ([[201, 745], [301, 745], [301, 781], [201, 781]], '우리 탓이', 0.9583677788474425), ([[628, 763], [749, 763], [749, 802], [628, 802]], '제물이네요"', 0.7976101477673205), ([[215, 783], [287, 783], [287, 819], [215, 819]], '아난데', 0.6889622810251361), ([[815, 933], [885, 933], [885, 969], [815, 969]], '뭐라도', 0.978966581877744), ([[805, 970], [897, 970], [897, 1009], [805, 1009]], '해보려고', 0.9631267786026001), ([[790, 1008], [909, 1008], [909, 1047], [790, 1047]], '햇단 걸까요', 0.2708525609152249), ([[517, 1137], [609, 1137], [609, 1173], [517, 1173]], '이력 거면', 0.17229975819344656), ([[354, 1158], [386, 1158], [386, 1190], [354, 1190]], '아', 0.9996737507884781), ([[527, 1173], [597, 1173], [597, 1209], [527, 1209]], '차라리', 0.9998568443008251), ([[347, 1193], [399, 1193], [399, 1235], [347, 1235]], '일어', 0.9797000775716113), ([[519, 1209], [605, 1209], [605, 1245], [519, 1245]], '아무것도', 0.9886313080787659), ([[337, 1239], [411, 1239], [411, 1275], [337, 1275]], '낫어요', 0.8303413391113281), ([[514, 1246], [614, 1246], [614, 1278], [514, 1278]], '안 하는 게', 0.9796466633509588), ([[521, 1281], [607, 1281], [607, 1317], [521, 1317]], '낫다구요', 0.9996169805526733)]
[([[152, 74], [254, 74], [254, 113], [152, 113]], '신 아니고 ,', 0.8414654735329166), ([[172, 110], [236, 110], [236, 142], [172, 142]], '가뭄도', 0.9818988964800671), ([[315, 105], [397, 105], [397, 145], [315, 145]], '시시시', 0.9999688909318631), ([[158, 144], [250, 144], [250, 176], [158, 176]], '우리 탓이', 0.9919224005441918), ([[305, 149], [409, 149], [409, 191], [305, 191]], '신념이신', 0.39873430132865906), ([[484, 90], [582, 90], [582, 218], [484, 218]], "1'", 0.022268524501929156), ([[170, 176], [240, 176], [240, 208], [170, 208]], '아니야', 0.9999733645730599), ([[556, 174], [582, 174], [582, 212], [556, 212]], '1', 0.2968165041008639), ([[159, 207], [247, 207], [247, 243], [159, 243]], '돌아가럼', 0.35891613364219666), ([[323, 197], [391, 197], [391, 237], [323, 237]], '가요!', 0.9304021474715354), ([[394, 610], [442, 610], [442, 640], [394, 640]], '저논', 0.5701444625256626), ([[373, 641], [463, 641], [463, 677], [373, 677]], '여동생올', 0.49646656325940863), ([[856, 642], [884, 642], [884, 676], [856, 676]], '못', 0.9998492059338595), ([[384, 676], [452, 676], [452, 708], [384, 708]], '대신해', 0.9999664820492523), ([[815, 681], [921, 681], [921, 721], [815, 721]], '돌아가요', 0.9999849796295166), ([[92, 706], [220, 706], [220, 738], [92, 738]], '부모넘이 없는', 0.6866024558840585), ([[383, 709], [453, 709], [453, 745], [383, 745]], '제물로', 0.9998009592634782), ([[100, 740], [212, 740], [212, 772], [100, 772]], '제 여동생올', 0.8104932443234002), ([[362, 740], [471, 740], [471, 781], [362, 781]], '바져젊어요', 0.06700712841001553), ([[112, 772], [200, 772], [200, 804], [112, 804]], '돌바주는', 0.45189806818962097), ([[499, 773], [567, 773], [567, 809], [499, 809]], '왜조?', 0.9581407346316072), ([[108, 804], [204, 804], [204, 836], [108, 836]], '조건으로요', 0.9980489819717612), ([[706, 1000], [782, 1000], [782, 1040], [706, 1040]], '마을에', 0.9570787434022522), ([[659, 1041], [831, 1041], [831, 1077], [659, 1077]], '제가 잇을 자리논', 0.23968348015489765), ([[195, 1077], [295, 1077], [295, 1117], [195, 1117]], '잡아먹어', 0.9996057748794556), ([[671, 1079], [817, 1079], [817, 1115], [671, 1115]], '더 이상 없어요', 0.7184222060618298), ([[209, 1121], [283, 1121], [283, 1159], [209, 1159]], '주세요', 0.9998991713009687)]
[([[421, 161], [477, 161], [477, 199], [421, 199]], '폐가', 0.9925695300089313), ([[808, 159], [893, 159], [893, 197], [808, 197]], '돌아가럼', 0.3442860543727875), ([[407, 201], [487, 201], [487, 243], [407, 243]], '덥니다', 0.08790208399295807), ([[538, 218], [602, 218], [602, 248], [538, 248]], '안 돌아', 0.6167695061660436), ([[546, 252], [594, 252], [594, 276], [546, 276]], '가요!', 0.5284898550857018), ([[124, 300], [184, 300], [184, 330], [124, 330]], '그치만', 0.9601367056424124), ([[566, 686], [683, 686], [683, 763], [566, 763]], '돌아', 0.9999618151687837), ([[569, 765], [681, 765], [681, 831], [569, 831]], '가라', 0.9997590971137061)]
