2502288
77
[([[1042.0638712293878, 2192.014137692734], [1271.9540273885632, 2287.6872468988563], [1146.9361287706122, 2584.985862307266], [917.0459726114369, 2489.3127531011437]], '4', 0.033701697081856)]
[([[342, 2358], [902, 2358], [902, 2497], [342, 2497]], "'훌흘분 전생죄?", 0.008131357915338588), ([[189, 2486], [459, 2486], [459, 2603], [189, 2603]], '똑시뜨미', 0.001815842348150909), ([[1743, 2526], [1823, 2526], [1823, 2590], [1743, 2590]], '7', 0.042090017001067404), ([[187, 2597], [1856, 2597], [1856, 2734], [187, 2734]], '초금 [ 특별향 주업올 만물증 싶@신기}요?', 0.06291852647980345), ([[1107.9264199099894, 2209.197623954103], [1266.0962993392072, 2324.632313225126], [1071.0735800900106, 2589.802376045897], [912.9037006607929, 2474.367686774874]], ')', 0.00970304523929233)]
[([[202, 2458], [1682, 2458], [1682, 2595], [202, 2595]], '\'특별향 주억" 묵 잔물 만물 생활@없숙', 0.030211117748986733), ([[1673, 2505], [1755, 2505], [1755, 2545], [1673, 2545]], '미)', 0.02143022866025962), ([[187, 2581], [1498, 2581], [1498, 2713], [187, 2713]], '마침 제절에 좋음 국이 왜립내라닷', 0.009634498401532784)]
[([[463, 2312], [2068, 2312], [2068, 2480], [463, 2480]], '그대로 노노미의 손에 이끌려', 0.7666108208343352), ([[454, 2477], [1910, 2477], [1910, 2653], [454, 2653]], '근처의 숲까지 이동있다  .', 0.3742090160869956)]
[([[152, 2332], [491, 2332], [491, 2455], [152, 2455]], '물직:~@}', 0.0336191297244903), ([[146, 2450], [1923, 2450], [1923, 2585], [146, 2585]], '제번에 콤로덧올 따련 짧율 때 탤음 못이에요', 0.0037783373957764933), ([[152, 2570], [1603, 2570], [1603, 2698], [152, 2698]], '여기라면 아무도 @율 손 없올 .에요', 0.026334340990386944)]
[([[487, 1324], [1621, 1324], [1621, 1447], [487, 1447]], '어떻게 확신할 수 왜는 거야?', 0.44200171702951874), ([[913.8807381459859, 2357.51651670219], [1186.0467912703025, 2197.363271267671], [1297.119261854014, 2395.48348329781], [1024.9532087296975, 2556.636728732329]], "'도", 0.31454999379668075), ([[1740.9120750480483, 2534.3186401537546], [1810.9205173246116, 2515.2009014573455], [1825.0879249519517, 2579.6813598462454], [1755.0794826753884, 2597.7990985426545]], '0', 0.056513645385045885)]
[([[152, 2462], [1587, 2462], [1587, 2590], [152, 2590]], '만순해 좀 멀어제 그사 켓물 외제만인', 0.015880480953792495), ([[1584, 2511], [1637, 2511], [1637, 2542], [1584, 2542]], '미마', 0.26452908636919525), ([[151, 2582], [1563, 2582], [1563, 2716], [151, 2716]], '일립음 선생님 말 @월 뵈콤실렉요3', 0.012358280323575015)]
[([[147, 2330], [1040, 2330], [1040, 2474], [147, 2474]], '발자움에 음접물 언페', 0.0073002462967904835), ([[154, 2460], [1236, 2460], [1236, 2584], [154, 2584]], '나뭇이 종말 옆멍죄 없어액', 0.021537147808734447), ([[1745, 2526], [1829, 2526], [1829, 2590], [1745, 2590]], '', 0.0), ([[156, 2577], [1882, 2577], [1882, 2706], [156, 2706]], '빗소트 _터 찌자묵 오제 @있다뭄 통거에요!', 0.006644104496649158)]
[([[145, 2330], [1871, 2330], [1871, 2470], [145, 2470]], '전생]픽의 주업올 만물기 딸 중음 장소에요', 0.04186115510296856), ([[149, 2458], [1546, 2458], [1546, 2584], [149, 2584]], '목말울 태태월주싶권 기 때텔럽 계쓸', 0.018879030716063023), ([[149, 2579], [1279, 2579], [1279, 2705], [149, 2705]], '@ @이망올 노리 왜없어외-', 0.13333979991259245), ([[1262, 2615], [1349, 2615], [1349, 2663], [1262, 2663]], '미)', 0.003922368651919242)]
[([[146, 2469], [616, 2469], [616, 2596], [146, 2596]], '"미떠완미어선생님', 4.070906299134137e-05), ([[145, 2579], [1508, 2579], [1508, 2727], [145, 2727]], '체 오늘 잔~뜩 예리황} 문립 폐어요', 0.004642113100067258), ([[1495, 2634], [1607, 2634], [1607, 2673], [1495, 2673]], '미너마', 0.013327497095769893), ([[1069.2967784503123, 2241.0130181584314], [1211.9427271734437, 2288.0926238542875], [1124.7032215496877, 2548.9869818415686], [982.0572728265563, 2500.9073761457125]], '7', 0.08575860178922401)]
[([[926, 1311], [2052, 1311], [2052, 1483], [926, 1483]], '더는 참올 수가 없다', 0.44081549287407007)]
[([[180, 2468], [1885, 2468], [1885, 2604], [180, 2604]], '와아~맛 정말물 터<지렉에 없문 센제에앗', 0.0008729631638508782), ([[178, 2589], [922, 2589], [922, 2725], [178, 2725]], '생님 같이 가페', 0.5087130075462281)]
[([[136, 2456], [451, 2456], [451, 2577], [136, 2577]], '미미끼워워', 0.0019446934569621532), ([[135, 2564], [1462, 2564], [1462, 2700], [135, 2700]], '선생님 어젠체 숨이 레칠으서요  _', 0.04058481266696406), ([[138, 2690], [1859, 2690], [1859, 2818], [138, 2818]], '신래움 업체록 당히다 뜻 같아서 신선하네요', 0.01619273884856758), ([[1216.3491310968109, 212.09257468439586], [1408.739159735612, 27.007189589538783], [1733.6508689031891, 430.90742531560414], [1541.260840264388, 616.9928104104612]], '{', 0.5144885896436477)]
[([[144, 2452], [666, 2452], [666, 2567], [144, 2567]], '퓨레교월-미', 0.00033955229769720143), ([[137, 2566], [1825, 2566], [1825, 2701], [137, 2701]], '쩐정넓이 움집여주문 권 @런이 처음이데요.', 0.02733016115495925), ([[137, 2684], [1437, 2684], [1437, 2816], [137, 2816]], '긴좀 [어" 제계 해문 괜찮아요?', 0.010101707918177147)]
[([[137, 2444], [943, 2444], [943, 2581], [137, 2581]], '매핏 명립하에 하@', 0.013400211935902066), ([[137, 2562], [941, 2562], [941, 2701], [137, 2701]], '맘핏 군얼에 물계5', 0.01671281349186413), ([[137, 2682], [1127, 2682], [1127, 2820], [137, 2820]], '질대 일즈 못 합 주업으물', 0.03764234614434345), ([[1211, 2692], [1857, 2692], [1857, 2813], [1211, 2813]], '만들어 버려요산', 0.19129121277909758), ([[1399.2278741398263, 34.00764406122591], [1778.443123314089, 363.4329405471134], [1558.7721258601737, 616.992355938774], [1180.556876685911, 287.5670594528866]], '끝', 0.005263225567464502)]
[([[138, 2453], [408, 2453], [408, 2577], [138, 2577]], '떠으육', 0.0181676887161481), ([[137, 2565], [1554, 2565], [1554, 2697], [137, 2697]], '@ 똑씩이 폐리 적접합 입문까지 .', 0.0025074089538475825), ([[137, 2684], [1529, 2684], [1529, 2823], [137, 2823]], '전생님음 정말물  따능숨따하나시네요 .', 0.010229317959890415)]
[([[141, 2457], [328, 2457], [328, 2571], [141, 2571]], '잇:려미 ', 0.0034905527739200583), ([[422, 2461], [610, 2461], [610, 2551], [422, 2551]], '@:]7', 0.005379622336477041), ([[136, 2568], [581, 2568], [581, 2694], [136, 2694]], '센규생님  드', 0.002663391130738393), ([[661, 2563], [1012, 2563], [1012, 2703], [661, 2703]], '폐기5 잇드', 0.036176439916520496), ([[1094, 2573], [1499, 2573], [1499, 2696], [1094, 2696]], '동아  옷 <', 0.33040926110289404)]
[([[138, 2451], [509, 2451], [509, 2575], [138, 2575]], "@@덧주히-무'", 3.2559297707706026e-05), ([[138, 2570], [482, 2570], [482, 2698], [138, 2698]], '기늄 앗다', 0.025006824010335677), ([[565, 2567], [1689, 2567], [1689, 2699], [565, 2699]], '기문 좋아요웃어 선생니임어', 0.0390965551700946)]
[([[139, 2452], [418, 2452], [418, 2567], [139, 2567]], '하아- 권', 0.00011539275071879268), ([[508, 2450], [794, 2450], [794, 2578], [508, 2578]], '@앗:하점 ', 0.004697074298944364), ([[139, 2576], [436, 2576], [436, 2691], [139, 2691]], '좀 [털멋', 0.025720155896505028), ([[527, 2563], [1572, 2563], [1572, 2698], [527, 2698]], '텔립히숙 하제도 괜찮아요-', 0.03831505522696887), ([[136, 2688], [1624, 2688], [1624, 2817], [136, 2817]], '진뜩 선생님울 ]낌 손 잎게 해 주세요', 0.028788046897722148)]
[([[140, 2451], [876, 2451], [876, 2575], [140, 2575]], '성륙 @@블렉-의히미', 0.00419961762498837), ([[135, 2567], [1774, 2567], [1774, 2696], [135, 2696]], '&메움 주없럼어-저어치 운리-리만 해버리논', 0.0020243973285647694), ([[135, 2684], [1525, 2684], [1525, 2816], [135, 2816]], '메거들@로미 평소되다} 떼 느껴버려-', 0.018518341945805754)]
[([[57, 2449], [421, 2449], [421, 2572], [57, 2572]], '선생드이', 0.01498494204133749), ([[57, 2566], [934, 2566], [934, 2694], [57, 2694]], '눈젯재권 계센기}_"?', 0.0006732857052843229), ([[58, 2689], [1986, 2689], [1986, 2821], [58, 2821]], '저 넣어쨌젊올 때분럽 계속    가고 있없어요 . 9', 0.007027317507693263)]
[([[157, 2448], [811, 2448], [811, 2576], [157, 2576]], '해외- - 전생]밑]', 0.0011123767287075127)]
[([[169, 2447], [1613, 2447], [1613, 2584], [169, 2584]], '오늘음 문물이세 질컷 }아보자옆요', 0.055961524926776966)]
[([[158, 2451], [516, 2451], [516, 2575], [158, 2575]], '옛] @앗다', 0.037550342788390506), ([[158, 2573], [536, 2573], [536, 2694], [158, 2694]], '@아이양', 0.33272692561149597), ([[158, 2689], [1009, 2689], [1009, 2818], [158, 2818]], '그따가-5 밑기앗', 0.00918514516046779), ([[1101, 2684], [1647, 2684], [1647, 2818], [1101, 2818]], '트렬하게 에', 0.07584457991534935)]
[([[160, 2445], [735, 2445], [735, 2578], [160, 2578]], '인돼-입태 ', 0.005154298323796864), ([[158, 2570], [433, 2570], [433, 2692], [158, 2692]], '@렌면', 0.223771011104647), ([[527, 2570], [1744, 2570], [1744, 2692], [527, 2692]], '다제 떠 가[라터 말아요오-', 0.0465251750116732), ([[161, 2694], [680, 2694], [680, 2815], [161, 2815]], '센-생님 미미미 ', 0.0005941388883591383)]
[([[160, 2462], [323, 2462], [323, 2559], [160, 2559]], '떠', 0.023052254686889206), ([[152, 2567], [1169, 2567], [1169, 2704], [152, 2704]], '어 생립핵 @"@어없', 0.0011356747499141411), ([[158, 2692], [491, 2692], [491, 2818], [158, 2818]], '센문 웃드', 0.2600144194874231), ([[581, 2690], [1607, 2690], [1607, 2813], [581, 2813]], '@아 떼_내훨세요    옷!', 0.028310797794844644)]
[([[300, 2568], [1045, 2568], [1045, 2692], [300, 2692]], '@@아@@이@앗디', 0.019193776727084264), ([[184.52623374873056, 695.0023878740722], [511.33787517200557, 635.3040998732428], [700.4737662512695, 1780.9976121259278], [373.66212482799443, 1839.6959001267571]], '틀', 0.12559165621997082)]
[([[159, 2454], [697, 2454], [697, 2569], [159, 2569]], '@@:그무-@-@:리욕권', 1.542986419591995e-05), ([[158, 2570], [1463, 2570], [1463, 2694], [158, 2694]], '@:즐무무 @직음미  때체 말아똑세요:-', 0.0006195484320760435), ([[158, 2687], [603, 2687], [603, 2811], [158, 2811]], '올렉버렉요', 0.03034758293546448), ([[590, 2723], [757, 2723], [757, 2771], [590, 2771]], '질))착)', 2.193090777484889e-05)]
[([[162, 2457], [351, 2457], [351, 2567], [162, 2567]], '앗:둘 즐다', 0.0009291638418878331), ([[444, 2449], [1526, 2449], [1526, 2577], [444, 2577]], '다써 떨픽해젊지 @나요 ?', 0.0036090808796210507), ([[155, 2565], [1860, 2565], [1860, 2699], [155, 2699]], '따무녀생님 간음 @직 @콩 남앞으니까 -', 0.003781139190748922), ([[157, 2681], [1872, 2681], [1872, 2822], [157, 2822]], '좀프 잔뜩5 좀업 만만물기5 @지 않울래요   ?', 0.043381186199966)]
[([[1932, 0], [2248, 0], [2248, 283], [1932, 283]], "다'", 0.028880207341857367), ([[592, 394], [733, 394], [733, 542], [592, 542]], '뉴늘', 0.007002594492997834), ([[744, 260], [1206, 260], [1206, 626], [744, 626]], '70', 0.8945216803544739), ([[2072, 259], [2344, 259], [2344, 571], [2072, 571]], '뉴', 0.18346654145011598), ([[21, 687], [122, 687], [122, 795], [21, 795]], '닿', 0.016402943185989338), ([[2189, 578], [2407, 578], [2407, 772], [2189, 772]], '사', 0.5002819007313839), ([[2339, 768], [2462, 768], [2462, 914], [2339, 914]], '2', 0.10715331411077855), ([[2363, 1378], [2690, 1378], [2690, 1691], [2363, 1691]], '4', 0.2071691533003781), ([[2220, 1765], [2455, 1765], [2455, 1940], [2220, 1940]], '75', 0.22915538532585927), ([[324, 2057], [589, 2057], [589, 2416], [324, 2416]], '5', 0.5376883739968754), ([[335, 2423], [598, 2423], [598, 2663], [335, 2663]], '나', 0.3258585790607782), ([[516, 2743], [613, 2743], [613, 2879], [516, 2879]], '2', 0.9693458604287777), ([[48.84361183074447, -10.958156735726275], [160.80518150722347, -50.7521730790241], [227.15638816925554, 158.95815673572628], [116.19481849277653, 199.7521730790241]], '5', 0.9656408154293707), ([[2601.813255485028, -11.952980888645055], [2705.0563369180895, -46.685326167406764], [2761.186744514972, 143.95298088864504], [2657.9436630819105, 179.68532616740677]], '5', 0.15510249250070274), ([[1109.9416755028624, 518.2617179166017], [1206.7588184932486, 428.01600171001166], [1351.0583244971376, 611.7382820833983], [1255.2411815067514, 700.9839982899883]], '5', 0.8894100197253216), ([[1795.3368037431571, 654.1617906938884], [2079.590957175725, 589.4783359672779], [2107.663196256843, 779.8382093061116], [1823.4090428242746, 844.5216640327221]], '하5(', 0.17494440291707486), ([[726.972753652642, 652.0128707404161], [1039.3782102702737, 729.8474355245048], [933.027246347358, 1132.987129259584], [620.6217897297263, 1055.1525644754952]], '뉴', 0.07110223373993918), ([[2411.191045451076, 857.0083907418817], [2693.6683944561814, 981.6979812305191], [2499.808954548924, 1416.9916092581184], [2217.3316055438186, 1292.302018769481]], '@', 0.008807392093006294), ([[659.9461162430105, 1091.0205758210677], [963.5667094734154, 1182.319944314581], [891.0538837569895, 1400.9794241789323], [588.4332905265846, 1309.680055685419]], '*3', 0.057627264214920045), ([[710.303079009713, 1296.016198708829], [827.6027659949672, 1320.4766808060394], [780.696920990287, 1540.983801291171], [663.3972340050328, 1517.5233191939606]], '7', 0.21289535241255297), ([[356.75945423616173, 1645.0523206538612], [847.0534584901071, 1542.3983235929938], [900.2405457638382, 1954.9476793461388], [409.9465415098929, 2057.6016764070064]], '~0', 0.03548112922565172), ([[838.8123271786149, 1643.0543662469022], [1004.7130217068683, 1666.3603969559524], [984.1876728213851, 1777.9456337530978], [819.2869782931317, 1755.6396030440476]], '45', 0.16281104218064543)]
[([[159, 2549], [440, 2549], [440, 2661], [159, 2661]], '@@" 미드', 0.0004592709642342987), ([[501, 2544], [1136, 2544], [1136, 2668], [501, 2668]], '\'하아}"미 느)하-이:히옛미(', 1.1712595573929304e-06)]
[([[154, 2426], [980, 2426], [980, 2559], [154, 2559]], '평장해요 선생죄점미미무', 0.0006772001462379328), ([[155, 2547], [1643, 2547], [1643, 2679], [155, 2679]], '@뤄가나 무무 잔소미미 사랑해 주시다니:', 0.00339100576646659), ([[158, 2669], [705, 2669], [705, 2795], [158, 2795]], '같사}입내경 무', 0.0010053912103086262)]
[([[160, 2428], [745, 2428], [745, 2560], [160, 2560]], '미매무기  그형제만', 0.0012636726618825461), ([[161, 2548], [1470, 2548], [1470, 2676], [161, 2676]], '열제 @로움 다툼 @이블에렌:', 0.012829688308017175), ([[158, 2672], [932, 2672], [932, 2797], [158, 2797]], '물아말 순 없네요', 0.027813171480827622), ([[919, 2710], [1076, 2710], [1076, 2752], [919, 2752]], '미)디))', 0.018246093848760213)]
[([[88, 2462], [2001, 2462], [2001, 2590], [88, 2590]], '박륙 @@블도 힘께 올 손 왜없@면 동빗올테폐하 ', 0.0006955732329345607), ([[88, 2581], [2004, 2581], [2004, 2713], [88, 2713]], '헬기블 손리해야 하기묵 _꽤 텅소문 해의해제', 0.004554415894733399)]
[([[156, 2299], [1692, 2299], [1692, 2437], [156, 2437]], '생? 올씬 팬요@제라면-이지만요;', 0.04419587030630399), ([[156, 2422], [947, 2422], [947, 2554], [156, 2554]], '체름훨럽 다제 안 면', 0.001978486124125905), ([[158, 2546], [1621, 2546], [1621, 2671], [158, 2671]], '평립하베 [라어-제 돕잡 @으실래요?', 0.01364854642074731), ([[1152.5292436951813, 2148.564050411207], [1292.8539527526125, 2073.978506611634], [1357.4707563048187, 2222.435949588793], [1216.1460472473875, 2297.021493388366]], "'1/'", 0.21839730441570282)]
[([[433, 1324], [1697, 1324], [1697, 1447], [433, 1447]], '마침 나도 그렇게 하려던 참이야', 0.8397766836310968)]
[([[161, 2541], [536, 2541], [536, 2669], [161, 2669]], '@하햇람', 0.010869139805436134), ([[157, 2659], [1635, 2659], [1635, 2795], [157, 2795]], '그립 @대로 여름 @에 렌즈 고스*', 0.06967851771570434)]
[([[456, 2409], [2297, 2409], [2297, 2579], [456, 2579]], '해가 질 때까지 해수옥올 즐겪다.', 0.3016065823259748)]
[([[962, 2253], [1215, 2253], [1215, 2532], [962, 2532]], '다', 0.05859754793391758)]
[([[1029.9808144206752, 2211.0167583885273], [1268.0464811803108, 2286.189859663771], [1172.0191855793248, 2576.9832416114727], [933.9535188196892, 2501.810140336229]], '4', 0.13302947329852177)]
[([[1056.0856283495125, 2205.0144186795437], [1269.148330864041, 2309.459473973368], [1134.9143716504875, 2579.9855813204563], [922.8516691359589, 2475.540526026632]], '2', 0.12418849405099763)]
[([[1011.9121936993006, 2217.018494759437], [1260.3848462727367, 2272.5164279530286], [1187.0878063006994, 2574.981505240563], [938.6151537272633, 2519.4835720469714]], '다', 0.20195297398419498)]
[([[893.0, 2395.0], [1143.8416393299208, 2205.0803171110515], [1288.0, 2395.0], [1037.1583606700792, 2584.9196828889485]], '9', 0.6638993705587417)]
[([[965, 2252], [1210, 2252], [1210, 2528], [965, 2528]], '7', 0.012944136899428749)]
[([[188, 2462], [1792, 2462], [1792, 2590], [188, 2590]], '당훈관음 @렇계 제물 몹아가}편제 [라에', 0.006410203267115817), ([[184, 2581], [1183, 2581], [1183, 2714], [184, 2714]], '올 순뵙에 없올 켓 깥[요', 0.01732254773317873), ([[1169, 2625], [1251, 2625], [1251, 2664], [1169, 2664]], '미)', 0.04270526240355334)]
[([[961, 2252], [1210, 2252], [1210, 2531], [961, 2531]], '5', 0.11876162247341426)]
[([[1039.0218639973352, 2197.0149527128647], [1280.68736216619, 2288.9559987447574], [1164.9781360026648, 2587.9850472871353], [923.31263783381, 2496.0440012552426]], '4', 0.09195312467094041)]
[([[1012.0915605729188, 2235.0171991250536], [1199.5618080057482, 2265.6302989208007], [1148.9084394270812, 2546.9828008749464], [961.4381919942518, 2515.3697010791993]], '9', 0.5965205839174814)]
[([[967, 2257], [1212, 2257], [1212, 2528], [967, 2528]], '9', 0.03408182932119197)]
[([[970, 2257], [1210, 2257], [1210, 2528], [970, 2528]], '기', 0.06861949715541016)]
[([[1055.0600228704097, 2207.0147295660713], [1275.1878245446046, 2314.318430833221], [1141.9399771295903, 2585.9852704339287], [922.8121754553954, 2478.681569166779]], '0', 0.09324326706501385)]
[([[1038.057069883074, 2199.0148222817575], [1264.324469583236, 2280.916740369945], [1154.942930116926, 2576.9851777182425], [928.6755304167641, 2494.083259630055]], '0', 0.1470501542728222)]
[]
[]
[]
[([[191, 2463], [1512, 2463], [1512, 2591], [191, 2591]], '그메니- 딸 순 왜율 때 진물 돌', 0.018367478356816756), ([[184, 2576], [1079, 2576], [1079, 2713], [184, 2713]], '주업올 잔뜩 쌓아마}죄', 0.05711710891398826)]
[]
[]
[([[1085.286471319556, 2106.0668328903166], [1322.230859097921, 2086.1487639254024], [1326.713528680444, 2277.9331671096834], [1089.769140902079, 2298.8512360745976]], '11)', 0.1556900592960076)]
[]
[]
[]
[]
[]
[]
[]
[([[185, 2465], [1711, 2465], [1711, 2590], [185, 2590]], '"미선생님? 근럽교번다 @-레 폐속교', 0.0011520385917184544), ([[185, 2582], [1587, 2582], [1587, 2710], [185, 2710]], '제 순영소이 훨기} 물기등}지 없나요?', 0.007201487697356199)]
[([[1749, 2525], [1853, 2525], [1853, 2600], [1749, 2600]], '"', 0.009151266288359716), ([[1055.3723093847673, 667.0197192178001], [1136.2395600879984, 684.1854053266816], [1102.6276906152327, 845.9802807821999], [1020.7604399120015, 828.8145946733184]], '~', 0.5112097056102272)]
[]
[]
[]
[]
[]
[]
[]
[([[539, 1324], [1555, 1324], [1555, 1450], [539, 1450]], '노노미의 수영복올 만진다', 0.9322656086533957), ([[685, 1754], [1303, 1754], [1303, 1877], [685, 1877]], '수영복, 귀여워!', 0.7156768919848829), ([[1745, 2524], [1827, 2524], [1827, 2592], [1745, 2592]], '7', 0.15344854858480605), ([[1041.0879217695797, 2249.0189146468697], [1214.1461009929296, 2277.043947082315], [1169.9120782304203, 2533.9810853531303], [996.8538990070703, 2505.956052917685]], '다', 0.20833320386442722)]
[([[184, 2466], [499, 2466], [499, 2588], [184, 2588]], '"끼앗 {', 0.0202543281836406), ([[185, 2580], [1734, 2580], [1734, 2709], [185, 2709]], '평말 그권 텔 렌물리편 랜업훨요-@', 0.0009833761034994332), ([[1230.2360318223148, 233.09327097025792], [1442.7591291042468, 37.007028370669616], [1766.7639681776852, 462.90672902974205], [1554.2408708957532, 658.9929716293304]], '!', 0.046073914618471656)]
