2504802
19
[([[17, 1005], [259, 1005], [259, 1121], [17, 1121]], '괴급히기', 0.7358528971672058), ([[31, 1121], [171, 1121], [171, 1235], [31, 1235]], '중', 0.92144993286729), ([[26, 1254], [186, 1254], [186, 1364], [26, 1364]], '2녀', 0.39670704726676514)]
[([[4, 30], [132, 30], [132, 110], [4, 110]], '상운 축', 0.07593652769716597), ([[0, 112], [174, 112], [174, 184], [0, 184]], '하피   야문', 0.03987443067736218), ([[9, 185], [111, 185], [111, 247], [9, 247]], '문부', 0.11387595429895637), ([[0, 259], [171, 259], [171, 325], [0, 325]], '잘플눈다', 0.30907467007637024)]
[([[26, 38], [102, 38], [102, 112], [26, 112]], '구질', 0.46162248053489024), ([[776, 0], [964, 0], [964, 96], [776, 96]], '까양', 0.037170430441719284), ([[771, 752], [980, 752], [980, 929], [771, 929]], '엘때', 0.006222560676867142), ([[0, 966], [66, 966], [66, 1130], [0, 1130]], '몸', 0.35096051693637165)]
[([[10, 662], [112, 662], [112, 786], [10, 786]], '%', 0.932466496703924), ([[645.001725626825, 482.02933565602507], [886.340984589993, 543.3125462530697], [843.998274373175, 685.9706643439749], [602.659015410007, 624.6874537469303]], ';길', 0.06205700728459785), ([[53.376898661656725, 869.024302869206], [112.3642751283175, 863.3573431898574], [123.62310133834328, 1012.975697130794], [64.6357248716825, 1017.6426568101426]], '%', 0.6406933372449011)]
[([[42, 56], [198, 56], [198, 112], [42, 112]], '거질렇네', 0.07524567097425461), ([[43, 119], [229, 119], [229, 183], [43, 183]], '미히소 사끊이1', 0.0285058556106251), ([[37, 191], [245, 191], [245, 251], [37, 251]], '%현 회내심5-', 0.00940311673609864), ([[60, 1002], [312, 1002], [312, 1098], [60, 1098]], '여름 씻교와', 0.014323182766502456), ([[46, 1120], [289, 1120], [289, 1193], [46, 1193]], '0지  제대?', 0.6422097873775142), ([[837, 1077], [1000, 1077], [1000, 1211], [837, 1211]], '쉽리', 0.06632641153058018), ([[48, 1204], [246, 1204], [246, 1302], [48, 1302]], '늘아야기', 0.20582064986228943), ([[612, 1190], [686, 1190], [686, 1264], [612, 1264]], '에시', 0.0059153648097891995)]
[([[471, 155], [563, 155], [563, 269], [471, 269]], '떼', 0.7552964326196729)]
[([[161, 205], [199, 205], [199, 245], [161, 245]], '아', 0.9459843511056221), ([[783, 231], [919, 231], [919, 365], [783, 365]], '유', 0.1755754352690042), ([[77, 1049], [113, 1049], [113, 1099], [77, 1099]], '0', 0.9933730846615028), ([[116.21472140505176, 686.0220410099215], [307.9977280103713, 786.7477886844978], [250.78527859494824, 891.9779589900785], [58.00227198962872, 791.2522113155022]], '%:', 0.29213552379157054)]
[([[419, 29], [505, 29], [505, 67], [419, 67]], '그래도', 0.40280859149357), ([[409, 70], [563, 70], [563, 136], [409, 136]], '해통으나', 0.13023421168327332), ([[421, 141], [511, 141], [511, 185], [421, 185]], '이', 0.8695117943962174), ([[287, 309], [387, 309], [387, 370], [287, 370]], "'하도하가 ,", 0.10980219328287022), ([[879, 345], [945, 345], [945, 385], [879, 385]], '그럼', 0.6452929416425282), ([[272, 364], [412, 364], [412, 414], [272, 414]], '이렇제|', 0.23570860922336578), ([[272, 414], [382, 414], [382, 464], [272, 464]], '하밤거도', 0.01204864401370287), ([[856, 394], [946, 394], [946, 446], [856, 446]], '입버', 0.8419280034049068), ([[292, 464], [392, 464], [392, 516], [292, 516]], '청드네 -', 0.15134397393431015), ([[841, 449], [926, 449], [926, 511], [841, 511]], '하어', 0.20540774259604444), ([[866, 510], [968, 510], [968, 564], [866, 564]], '서불까', 0.13921252250661145), ([[0, 1126], [72, 1126], [72, 1234], [0, 1234]], '스', 0.17013018395002266), ([[290, 1029], [502, 1029], [502, 1336], [290, 1336]], '=', 0.981675945422694), ([[1, 1235], [133, 1235], [133, 1399], [1, 1399]], '유', 0.07387999303047366)]
[([[0, 52], [186, 52], [186, 226], [0, 226]], '떠', 0.5745431514590429), ([[715, 31], [847, 31], [847, 171], [715, 171]], '벼', 0.10908716593209888), ([[0, 619], [131, 619], [131, 833], [0, 833]], '#', 0.09034681049374527)]
[([[5, 567], [103, 567], [103, 629], [5, 629]], '꾸끼', 0.05202231868117999), ([[73, 773], [211, 773], [211, 917], [73, 917]], '=', 0.14852203980740697), ([[860, 812], [910, 812], [910, 878], [860, 878]], '개', 0.06922207953188408), ([[901, 723], [964, 723], [964, 894], [901, 894]], '륙', 0.01615827532447356), ([[873, 879], [957, 879], [957, 983], [873, 983]], '퀴', 0.09392357273700558), ([[455.96685145944764, 279.0486254701451], [523.5662585252384, 235.01458461037566], [626.0331485405524, 406.9513745298549], [558.4337414747616, 450.98541538962434]], '동', 0.6707148300381824), ([[316.8695048315003, 437.7390096630006], [424.92002005552, 407.0207025944135], [440.1304951684997, 470.2609903369994], [332.07997994448, 500.9792974055865]], '음질 !', 0.30623170733451843), ([[360.1579833204635, 488.2897482934367], [433.31514834050864, 476.8311278744239], [438.8420166795365, 530.7102517065633], [365.68485165949136, 542.1688721255762]], '원필', 0.15863458023977228)]
[([[53, 47], [91, 47], [91, 135], [53, 135]], '후', 0.8194515786909875), ([[26, 206], [118, 206], [118, 282], [26, 282]], '한#', 0.1287250974049981), ([[786, 966], [902, 966], [902, 1018], [786, 1018]], '제대로', 0.39880586494134), ([[775, 1026], [973, 1026], [973, 1095], [775, 1095]], '장난감 갖', 0.5446499749590293), ([[778, 1098], [956, 1098], [956, 1174], [778, 1174]], '늘아나자고', 0.13356357159253787), ([[104.20510460345565, 155.3332719689847], [187.97973059690966, 142.97316264460392], [193.79489539654435, 190.6667280310153], [109.02026940309034, 203.02683735539608]], '0(제', 0.464023075422254), ([[111.21854690504249, 209.23047823916147], [262.2052801689862, 196.7604787353087], [263.7814530949575, 260.76952176083853], [113.79471983101385, 274.2395212646913]], '@나까;', 0.08131366968154907)]
[]
[([[195, 101], [347, 101], [347, 233], [195, 233]], '책방', 0.4291364998083365), ([[626, 208], [704, 208], [704, 288], [626, 288]], '다', 0.8702499410377449), ([[39, 701], [281, 701], [281, 787], [39, 787]], '찾이논 책원', 0.1172026507459361), ([[30, 806], [258, 806], [258, 880], [30, 880]], '61-10 현미', 0.13723069909343932), ([[43, 887], [235, 887], [235, 975], [43, 975]], "왜습나다'", 0.11860705751720861), ([[840, 990], [902, 990], [902, 1046], [840, 1046]], '와', 0.9952990358294223), ([[779, 1052], [1000, 1052], [1000, 1140], [779, 1140]], "'감해심", 0.021690744906663895), ([[800, 1162], [944, 1162], [944, 1240], [800, 1240]], '014-', 0.24819019436836243), ([[-11.82807879260335, 200.92980301849164], [192.42353115280022, 140.04471884236997], [216.82807879260335, 250.07019698150836], [12.576468847199767, 310.95528115763005]], "'조용한", 0.7289324998855591), ([[363.87381498725705, 167.04887235345612], [590.3873053985695, 198.05605971615051], [569.1261850127429, 307.95112764654385], [342.61269460143046, 276.9439402838495]], '타람', 0.15740385446212973)]
[([[94, 0], [396, 0], [396, 162], [94, 162]], '스및', 0.5952009037236984), ([[362, 568], [486, 568], [486, 646], [362, 646]], '뛰면', 0.6163813930998643), ([[343, 659], [495, 659], [495, 745], [343, 745]], '@되"', 0.6308533751675766), ([[403, 767], [447, 767], [447, 821], [403, 821]], '저', 0.10305418939737265), ([[778.0704654060324, 17.01800747563669], [1033.6065573770493, 138.672131147541], [941.9295345939676, 322.9819925243633], [686.3934426229508, 202.327868852459]], '사웬:', 0.07974652059698024)]
[([[21, 85], [167, 85], [167, 151], [21, 151]], '서문하', 0.1524641099999597), ([[612, 118], [773, 118], [773, 205], [612, 205]], '(유해터', 0.09923402965068817), ([[593, 189], [788, 189], [788, 264], [593, 264]], '[7남감 버물', 0.03177071322508574), ([[12, 238], [176, 238], [176, 312], [12, 312]], '맞이하기', 0.4204404056072235), ([[596, 264], [732, 264], [732, 338], [596, 338]], "'불러'", 0.15038195252418518), ([[24, 312], [162, 312], [162, 390], [24, 390]], '90?', 0.1614712758994753), ([[41, 681], [171, 681], [171, 749], [41, 749]], '그다', 0.8189884522273817), ([[18, 742], [232, 742], [232, 822], [18, 822]], '내가 번문', 0.13626759406485994), ([[6, 822], [168, 822], [168, 900], [6, 900]], '장감', 0.23749041961554299), ([[764, 876], [908, 876], [908, 954], [764, 954]], '안 넣고', 0.07537034898996353), ([[752, 1009], [977, 1009], [977, 1094], [752, 1094]], '별칙도 기역', 0.09322652834707396), ([[766, 1063], [1000, 1063], [1000, 1164], [766, 1164]], '하고 엇기? ', 0.23342847847831716), ([[7.227031171288254, 169.1989371536683], [180.15541752799933, 155.42229123600035], [181.77296882871175, 228.8010628463317], [7.844582472000674, 241.57770876399965]], '그전날?', 0.18256723880767822), ([[753.2185469050424, 958.2304782391615], [895.0894696249693, 944.5477022598599], [897.7814530949576, 1009.7695217608385], [755.9105303750307, 1023.4522977401401]], '있으면 ', 0.49373868107795715)]
[([[0, 144], [110, 144], [110, 224], [0, 224]], '웃% -', 0.21514463968791867), ([[0, 234], [107, 234], [107, 291], [0, 291]], '이어제', 0.1655898468866101), ([[591, 262], [738, 262], [738, 328], [591, 328]], '잡난이야', 0.28240257501602173), ([[589, 339], [732, 339], [732, 403], [589, 403]], '이디므자', 0.07016238570213318), ([[639, 403], [759, 403], [759, 469], [639, 469]], '넘고워나', 0.21294817328453064), ([[495, 459], [551, 459], [551, 503], [495, 503]], '01', 0.1947554468229787), ([[35, 1319], [125, 1319], [125, 1385], [35, 1385]], '0냥', 0.3192928685243055), ([[110, 1376], [256, 1376], [256, 1402], [110, 1402]], ' ', 0.08116453434610893)]
[([[54, 90], [172, 90], [172, 144], [54, 144]], '그-', 0.15257362853274514), ([[28, 166], [138, 166], [138, 222], [28, 222]], '이경제', 0.2043443754850274), ([[154, 156], [210, 156], [210, 206], [154, 206]], '마', 0.5961274135222574), ([[29, 227], [217, 227], [217, 291], [29, 291]], '잘 특으만-', 0.07978805596227603), ([[43, 309], [187, 309], [187, 369], [43, 369]], '왜 그래', 0.30853598825365675), ([[41, 533], [169, 533], [169, 601], [41, 601]], '익버', 0.015113866635793843), ([[6, 587], [208, 587], [208, 664], [6, 664]], "'9름 거 다;", 0.2095025213463266), ([[4, 678], [228, 678], [228, 756], [4, 756]], '끝나면   연약해', 0.1968233561932408), ([[13, 764], [154, 764], [154, 839], [13, 839]], '이아기?', 0.10208150744438171)]
[([[54, 90], [130, 90], [130, 332], [54, 332]], '물', 0.991426683506976), ([[800, 520], [912, 520], [912, 598], [800, 598]], '여로', 0.6297086238590411), ([[47, 571], [189, 571], [189, 655], [47, 655]], '유하오', 0.34981822338389), ([[801, 607], [909, 607], [909, 691], [801, 691]], '없히 ', 0.22887213065574488), ([[55.23495478375634, 658.1747739187817], [184.46805545314714, 648.9772370403613], [185.76504521624366, 725.8252260812183], [56.53194454685286, 735.0227629596387]], '90?', 0.6319740232941997), ([[479.29228073989293, 843.01473775743], [727.9380339756009, 991.5498258582534], [649.7077192601071, 1116.98526224257], [402.0619660243991, 969.4501741417466]], '질', 0.010463481277443398)]
[([[195, 1039], [261, 1039], [261, 1109], [195, 1109]], '=', 0.9988492463492094)]
