2504793
43
[]
[([[470, 1294], [528, 1294], [528, 1322], [470, 1322]], "/ '", 0.15999839779944067), ([[467, 2348], [1422, 2348], [1422, 2498], [467, 2498]], "'보고 싶없어 선생죄", 0.21997762306483962), ([[1405, 2433], [1506, 2433], [1506, 2478], [1405, 2478]], '더)', 0.0011343344850032841), ([[386, 2483], [1463, 2483], [1463, 2632], [386, 2632]], '[혹 끊어지만 리따요긋미', 0.0003276508085485242)]
[([[470, 1296], [526, 1296], [526, 1322], [470, 1322]], '서 /', 0.0887051597237587), ([[273, 2338], [345, 2338], [345, 2411], [273, 2411]], '무', 0.3214774100261053), ([[350, 2303], [1801, 2303], [1801, 2456], [350, 2456]], '오결물 같음 게 밑체 @-지만', 0.02188876696412438), ([[262, 2438], [1220, 2438], [1220, 2587], [262, 2587]], '사험십아 해봄 메이로', 0.03366882659200512), ([[271, 2663], [464, 2663], [464, 2705], [271, 2705]], '미))))', 0.008247491712296929), ([[439, 2578], [575, 2578], [575, 2720], [439, 2720]], '꿀', 0.02105827759752743), ([[564, 2665], [747, 2665], [747, 2703], [564, 2703]], '미))))', 0.02427206345684168), ([[764, 2577], [1470, 2577], [1470, 2723], [764, 2723]], '@권 끊어내-', 0.05425598625292125), ([[1448, 2663], [1638, 2663], [1638, 2703], [1448, 2703]], '미))))', 0.0012938617751681218)]
[([[468, 1296], [526, 1296], [526, 1322], [468, 1322]], '서/', 0.4456350098670485), ([[168, 2337], [392, 2337], [392, 2379], [168, 2379]], '미)))))', 0.002744605755568175), ([[435, 2253], [887, 2253], [887, 2397], [435, 2397]], "'문이라면", 0.03659050934330771), ([[69, 2386], [1110, 2386], [1110, 2534], [69, 2534]], '하필싶은 일 해뻐트', 0.09073686799004892), ([[68, 2517], [2005, 2517], [2005, 2675], [68, 2675]], '눈앞에메도 폐물 폐켓체 @팎 -폐미둘먼] %하권', 1.1715508669158952e-06)]
[([[664, 1424], [915, 1424], [915, 1561], [664, 1561]], '미카,', 0.7087755473273468), ([[884, 1498], [913, 1498], [913, 1550], [884, 1550]], '9', 0.9529660607200618), ([[944, 1420], [1411, 1420], [1411, 1558], [944, 1558]], '기다려. !', 0.7729915866976675)]
[([[470, 1296], [526, 1296], [526, 1322], [470, 1322]], '71 /', 0.11601618677377701), ([[259, 2361], [1898, 2361], [1898, 2525], [259, 2525]], '선생님 미인해? 지름픽럽 텔질메3', 0.013522945603386634)]
[([[359, 0], [446, 0], [446, 56], [359, 56]], '( )', 0.48985058069229126), ([[714, 2361], [1236, 2361], [1236, 2507], [714, 2507]], '그(학 표', 0.0016765942301782209)]
[([[468, 1296], [528, 1296], [528, 1322], [468, 1322]], "서 '", 0.07089382410049438), ([[248, 2405], [1653, 2405], [1653, 2562], [248, 2562]], '똑묵 제즈대로인 날 용제해쥐 ', 0.043803407505912405), ([[1646, 2496], [1686, 2496], [1686, 2536], [1646, 2536]], '미', 0.9593885984036774), ([[1699, 2476], [1839, 2476], [1839, 2544], [1699, 2544]], '히)다다', 6.279018271015957e-05), ([[1824, 2427], [1892, 2427], [1892, 2534], [1824, 2534]], '8', 0.5166196414919888)]
[([[451, 2312], [1294, 2312], [1294, 2487], [451, 2487]], '꼼짝도 못한 채', 0.9371909051326316), ([[456, 2474], [2331, 2474], [2331, 2648], [456, 2648]], '미카에게 옷이 전부 벗겨저버로다_', 0.4256172182009578)]
[([[314, 2391], [536, 2391], [536, 2536], [314, 2536]], '무웃', 0.0027487342985715603), ([[525, 2472], [709, 2472], [709, 2514], [525, 2514]], '미))))', 0.010032767982511563), ([[731, 2389], [931, 2389], [931, 2522], [731, 2522]], '8', 0.06186760811719072), ([[310, 2527], [562, 2527], [562, 2663], [310, 2663]], '와아_', 0.7148582700733705), ([[543, 2608], [732, 2608], [732, 2650], [543, 2650]], '미락))다', 0.0008579346068932662), ([[744, 2519], [1573, 2519], [1573, 2671], [744, 2671]], '감목-지 생생해', 0.19230834332299682), ([[1556, 2604], [1744, 2604], [1744, 2649], [1556, 2649]], '미))))', 0.020094562631340938)]
[([[619, 2441], [1271, 2441], [1271, 2582], [619, 2582]], '~~~~~~으옷', 0.14986663164164493)]
[([[339, 2332], [1758, 2332], [1758, 2500], [339, 2500]], '크리스마스가 다가오면서', 0.9885258335939904), ([[333, 2491], [2453, 2491], [2453, 2660], [333, 2660]], '거리가 일루미네이선으로 물드는 계절_', 0.8760901210678452)]
[([[543, 1425], [754, 1425], [754, 1549], [543, 1549]], '미카', 0.7018950044678454), ([[738, 1498], [764, 1498], [764, 1538], [738, 1538]], '9', 0.5108865517678538), ([[784, 1421], [1585, 1421], [1585, 1549], [784, 1549]], '이절에서 그만하자', 0.3352785172846381)]
[([[1463, 275], [1913, 275], [1913, 730], [1463, 730]], '새', 0.09259876827595637), ([[463, 2297], [733, 2297], [733, 2438], [463, 2438]], '싫어', 0.969952769850563), ([[370, 2429], [1481, 2429], [1481, 2574], [370, 2574]], '및8만 @권 내 꿈이모', 0.038214933764282526), ([[376, 2559], [1700, 2559], [1700, 2718], [376, 2718]], '나도 선생님 독점하고 싶어', 0.4519750673176624)]
[([[287, 2379], [473, 2379], [473, 2417], [287, 2417]], '미)))다', 0.007868770229133402), ([[456, 2283], [1883, 2283], [1883, 2446], [456, 2446]], '그럽5 선생님 움직일 테니까공', 0.17200859472039082), ([[192, 2512], [385, 2512], [385, 2552], [192, 2552]], ",미디미미다'", 1.1178998964711623e-05), ([[359, 2424], [1733, 2424], [1733, 2577], [359, 2577]], '붙밝이나까 임전히 범해처쥐', 0.009201031221462734), ([[190, 2647], [383, 2647], [383, 2689], [190, 2689]], '미디)))', 0.0013313027067459668), ([[359, 2562], [630, 2562], [630, 2709], [359, 2709]], '응?어', 0.6201578475685418)]
[([[1449, 272], [1890, 272], [1890, 720], [1449, 720]], '새', 0.3488283011231239), ([[361, 2282], [640, 2282], [640, 2406], [361, 2406]], '@~~', 0.11080814080046487), ([[261, 2402], [1211, 2402], [1211, 2561], [261, 2561]], "안쪽 전분 기분중아'", 0.153012765901817), ([[260, 2539], [1805, 2539], [1805, 2691], [260, 2691]], '죄생립음 어때: 아직 무제워미미?', 0.014573997066001711)]
[([[433, 2273], [565, 2273], [565, 2397], [433, 2397]], '거험', 0.016632975307640886), ([[351, 2405], [589, 2405], [589, 2544], [351, 2544]], '어랜로', 0.15351906802694568), ([[566, 2487], [603, 2487], [603, 2541], [566, 2541]], '5', 0.9688447641039524), ([[630, 2400], [1429, 2400], [1429, 2557], [630, 2557]], '네문 딱딱해체세', 0.14739745188226042), ([[339, 2530], [1220, 2530], [1220, 2690], [339, 2690]], '된장환 못, 찌르고_', 0.03984137480173107)]
[([[451, 2296], [1503, 2296], [1503, 2448], [451, 2448]], '@5 안돼5 게기 안돼어', 0.050404803361908626), ([[366, 2432], [1059, 2432], [1059, 2573], [366, 2573]], '벤에제 찌릭면-', 0.027323777438431382), ([[1350, 2522], [1410, 2522], [1410, 2553], [1350, 2553]], '다', 0.0036668741701544882), ([[362, 2569], [497, 2569], [497, 2708], [362, 2708]], '만=', 0.6237793670780326), ([[786, 2570], [919, 2570], [919, 2698], [786, 2698]], '다', 0.6025791533997769), ([[871.1640906844656, 1881.3978619965985], [1421.173972178052, 1680.6747057617422], [1514.8359093155345, 2039.6021380034015], [964.8260278219481, 2240.325294238258]], '05_', 0.04234605499423821), ([[1533.9165847421045, 1693.0133405294405], [1967.9415310991253, 1829.8819656515022], [1845.0834152578955, 2186.9866594705595], [1411.0584689008747, 2049.118034348498]], ';7', 0.023598681428070947)]
[([[634, 2290], [954, 2290], [954, 2435], [634, 2435]], '하아분/', 0.0044236382005067645), ([[1090, 2290], [1347, 2290], [1347, 2434], [1090, 2434]], '하아_', 0.9182605498235524), ([[553, 2518], [614, 2518], [614, 2549], [553, 2549]], '옛)', 0.009679814263391456), ([[722, 2432], [1046, 2432], [1046, 2564], [722, 2564]], '@~@', 0.5857093468420747), ([[1132, 2428], [1680, 2428], [1680, 2569], [1132, 2569]], '@쉽예새디새푸', 1.2244513056131223e-05), ([[539, 2564], [1238, 2564], [1238, 2709], [539, 2709]], '@결물 끝인가_', 0.11876212819713786)]
[([[607, 2333], [1306, 2333], [1306, 2486], [607, 2486]], '@견 끊이지만_', 0.21085639631929942), ([[1293, 2420], [1479, 2420], [1479, 2460], [1293, 2460]], '미)))다', 0.00027666957917563194), ([[429, 2479], [537, 2479], [537, 2594], [429, 2594]], '민_', 0.29241117652321647), ([[539, 2555], [727, 2555], [727, 2595], [539, 2595]], '미))))', 0.0005602116597706822), ([[738, 2464], [1723, 2464], [1723, 2627], [738, 2627]], '선생, [인해미미미 ?', 0.018352428604212018)]
[([[451, 2256], [1251, 2256], [1251, 2408], [451, 2408]], '라사로 선생님올', 0.06394716446920393), ([[352, 2390], [1566, 2390], [1566, 2541], [352, 2541]], '특점할 순 있어세 기끗어', 0.04158726045297126), ([[361, 2527], [1808, 2527], [1808, 2677], [361, 2677]], '나뭄 아직 헤가가 나제 양아', 0.042867575509526516), ([[356, 2660], [1339, 2660], [1339, 2811], [356, 2811]], '실제물 합 순 없지만', 0.5271825458315067), ([[1380, 2753], [1506, 2753], [1506, 2790], [1380, 2790]], '락)다', 0.00556624110478299)]
[([[593, 1209], [1523, 1209], [1523, 1335], [593, 1335]], '어절 수 없네 미카는.', 0.6214554411304715), ([[561, 1614], [1558, 1614], [1558, 1740], [561, 1740]], '좋아; 좀 더 어울려줄게.', 0.5756107248613369)]
[([[1319, 556], [1572, 556], [1572, 744], [1319, 744]], '왜', 0.9990436934006084), ([[851, 1238], [2041, 1238], [2041, 1448], [851, 1448]], '심야가 되어도!!', 0.6180465188030824), ([[613, 1947], [2301, 1947], [2301, 2156], [613, 2156]], '일이 안 끝나는 거야:?', 0.6750030446866916)]
[([[479, 2182], [782, 2182], [782, 2321], [479, 2321]], '진짜?', 0.14354024390800868), ([[386, 2314], [1683, 2314], [1683, 2462], [386, 2462]], "'음 트리니타의 다른 얘가}", 0.043987388606684316), ([[385, 2444], [1362, 2444], [1362, 2597], [385, 2597]], '@기하눈 게 틀없어', 0.49948391883183463), ([[382, 2578], [1648, 2578], [1648, 2737], [382, 2737]], '선생님 당번 업~정 재방대', 0.17725213215844177)]
[([[1400, 269], [1837, 269], [1837, 608], [1400, 608]], '및^', 0.010583638987311895), ([[471, 2235], [1678, 2235], [1678, 2394], [471, 2394]], '흉품대제도 캐릭없없지?', 0.049011801816178875), ([[386, 2377], [1312, 2377], [1312, 2522], [386, 2522]], '나 꽤 운통 잘해~', 0.2859550037877555), ([[379, 2512], [1206, 2512], [1206, 2662], [379, 2662]], '미]히히미#못 나켓지만.', 0.0002519255361190536)]
[([[254, 2336], [314, 2336], [314, 2391], [254, 2391]], '크', 0.8411601149765922), ([[331, 2293], [1497, 2293], [1497, 2444], [331, 2444]], '된리스미스로 외없지하?', 0.016926229641898858), ([[236, 2426], [1853, 2426], [1853, 2582], [236, 2582]], '모퉁가 선생님과 이켓제켓 끝대꽤', 0.045953332452471095), ([[232, 2557], [1378, 2557], [1378, 2717], [232, 2717]], '@기하눈 켓만 틀리고.', 0.2359307688145147)]
[([[781, 2349], [834, 2349], [834, 2398], [781, 2398]], '=', 0.06945202767907688), ([[865, 2306], [1391, 2306], [1391, 2444], [865, 2444]], '외로위.]', 0.003460462232671752)]
[([[278, 2258], [999, 2258], [999, 2408], [278, 2408]], '터런 뒷올 햇고', 0.03707146500987032), ([[186, 2393], [1875, 2393], [1875, 2546], [186, 2546]], '망장음 용세발울 숲 없랜 권 일제만', 0.05274111436246517), ([[182, 2531], [861, 2531], [861, 2669], [182, 2669]], '기래로미미 [.새-', 0.0005035646426800892)]
[([[567, 1198], [1495, 1198], [1495, 1330], [567, 1330]], '미카에게 허가가 나면', 0.9565308321904978), ([[539, 1612], [1524, 1612], [1524, 1735], [539, 1735]], '백마 타고 데리러 갈게.', 0.9169338742086753)]
[([[242, 2267], [409, 2267], [409, 2353], [242, 2353]], '드', 0.3351719769570991), ([[475, 2248], [872, 2248], [872, 2389], [475, 2389]], '백미:요?', 0.012972820465229061), ([[408, 2339], [450, 2339], [450, 2388], [408, 2388]], '9', 0.6825672551252779), ([[235, 2380], [1670, 2380], [1670, 2525], [235, 2525]], '역사 및견리 아니 이권 내 꿈 ', 0.0204302068818189), ([[232, 2518], [479, 2518], [479, 2657], [232, 2657]], '와아아', 0.06823744136992056), ([[467, 2602], [653, 2602], [653, 2642], [467, 2642]], '미))))', 0.005922436307059229), ([[676, 2516], [1672, 2516], [1672, 2662], [676, 2662]], '나 꽤 장난 아니구나_', 0.09637738393163459), ([[1650, 2598], [1841, 2598], [1841, 2642], [1650, 2642]], '미))))', 0.0012876742276979312)]
[([[431, 2262], [1053, 2262], [1053, 2406], [431, 2406]], '길래로 기때', 0.07449117297133062), ([[336, 2397], [1033, 2397], [1033, 2543], [336, 2543]], '매안해 선생님', 0.5325904923940382), ([[334, 2532], [1726, 2532], [1726, 2682], [334, 2682]], '@런 일에 어울리게 해번라제', 0.14119368579655453)]
[([[432, 2270], [1773, 2270], [1773, 2429], [432, 2429]], "나 -지, 선색님한테 '다년", 0.03645591634224401), ([[332, 2409], [1310, 2409], [1310, 2562], [332, 2562]], '"발히 바고 싶문 밀미', 0.30944089810354775), ([[325, 2550], [473, 2550], [473, 2694], [325, 2694]], '권=', 0.08839022994721497), ([[801, 2549], [1214, 2549], [1214, 2690], [801, 2690]], "목 무머'", 0.019311131447366094)]
[([[42, 2087], [558, 2087], [558, 2261], [42, 2261]], "'드어액울  다", 0.0021845867110010125), ([[733, 2019], [1670, 2019], [1670, 2301], [733, 2301]], '(97 목다', 0.00046452329214596914), ([[1662, 2121], [1777, 2121], [1777, 2236], [1662, 2236]], '교', 0.09257016729931422), ([[266, 2253], [390, 2253], [390, 2377], [266, 2377]], ')', 0.010130663484798907), ([[0, 2340], [1021, 2340], [1021, 2522], [0, 2522]], '@곳기 "2 /} 때`[ [', 0.0014335757765652924), ([[1310, 2334], [2017, 2334], [2017, 2517], [1310, 2517]], '유>  [', 0.002396411705517382)]
[([[508, 2210], [2141, 2210], [2141, 2380], [508, 2380]], '역시 체력의 한계틀 맞이하여', 0.4081155210605439), ([[504, 2367], [1883, 2367], [1883, 2541], [504, 2541]], '책상에 엎드려 누윗올 때', 0.7628411919480964), ([[508, 2532], [2063, 2532], [2063, 2700], [508, 2700]], '무의식적으로 생각해버로다', 0.6399829013838408)]
[]
[]
[([[305, 2190], [1884, 2190], [1884, 2358], [305, 2358]], '그러고보니 요즘 연애잡지에', 0.9833875880926156), ([[301, 2350], [2039, 2350], [2039, 2522], [301, 2522]], '오월트 특집이 짜여저 있엎는데', 0.1568393433501623), ([[303, 2508], [2482, 2508], [2482, 2682], [303, 2682]], '위험한 행위라고 해서 절판되어 있없다', 0.808469236602193)]
[([[585, 2336], [2310, 2336], [2310, 2501], [585, 2501]], '조금 피곤햇던 걸지도 모르켓다.', 0.5034960401193986)]
[([[385, 574], [2525, 574], [2525, 731], [385, 731]], '카이저 이사 . 음란한 몸올 가지고 있없지..', 0.3296972432185757), ([[388, 1268], [2435, 1268], [2435, 1418], [388, 1418]], '검은 양복은 자세히 보면 귀엽게 생격고.', 0.5373655806546749), ([[536, 1967], [2166, 1967], [2166, 2130], [536, 2130]], '미카는 지금품 뭐하고 있홀까', 0.16442054235737671)]
[]
[([[495, 1433], [1579, 1433], [1579, 1543], [495, 1543]], '따뜻하고 부드러워서.  괴로워', 0.5148740013709829), ([[926.9770207790544, 395.0118934993388], [1418.1680557428951, 561.4359610449474], [1288.0229792209457, 912.9881065006613], [796.8319442571047, 746.5640389550526]], '신', 0.27783632310942963)]
[([[468, 1296], [528, 1296], [528, 1322], [468, 1322]], "서 '", 0.019771942868828773), ([[262, 2348], [718, 2348], [718, 2476], [262, 2476]], '무와: 오규', 0.0440147653334452), ([[258, 2472], [1713, 2472], [1713, 2624], [258, 2624]], '명말 선생님올 만내[륙어하그즐미맣', 0.00036970153070769237)]
[([[904, 1417], [1238, 1417], [1238, 1551], [904, 1551]], '미카!?', 0.7173799276351929)]
