2506158
49
[([[9, 99], [163, 99], [163, 135], [9, 135]], '아이참; 정원에)', 0.6909753153419292), ([[31, 141], [161, 141], [161, 179], [31, 179]], '미키만나는곁', 0.5734432915235624), ([[31, 185], [163, 185], [163, 223], [31, 223]], '못기다리켓어', 0.6293065613974737), ([[31, 417], [741, 417], [741, 555], [31, 555]], '정원에서 서로', 0.4991557248498883), ([[43, 596], [344, 596], [344, 734], [43, 734]], '자위', 0.9970872109591158), ([[537, 595], [775, 595], [775, 735], [537, 735]], '만화', 0.962608502084287), ([[65, 934], [215, 934], [215, 973], [65, 973]], '"1시 7-:', 0.029437599956262547), ([[140, 979], [300, 979], [300, 1019], [140, 1019]], '64/0설시"', 0.015283147346073755), ([[380, 975], [520, 975], [520, 1004], [380, 1004]], ";! ;31' ''", 0.019695800164802112), ([[224.6983590894075, 284.228185443734], [431.76863552312415, 90.70358731046021], [548.3016409105925, 259.771814556266], [342.23136447687585, 452.2964126895398]], ' ', 0.16601102618963726)]
[([[159, 28], [281, 28], [281, 68], [159, 68]], '참말로 너의', 0.983651282803866), ([[526, 48], [646, 48], [646, 80], [526, 80]], '맞아 미키야', 0.977244456407092), ([[139, 73], [307, 73], [307, 109], [139, 109]], '정원은 보기출구나', 0.6384924865348588), ([[23, 507], [157, 507], [157, 543], [23, 543]], '특히나 우리가', 0.9314757938705293), ([[15, 549], [165, 549], [165, 587], [15, 587]], '꽃마냥 자연과', 0.8103162827951353), ([[19, 591], [161, 591], [161, 629], [19, 629]], '감을때 말이지', 0.27871232690258135)]
[([[49, 421], [215, 421], [215, 457], [49, 457]], '와 그리고 차가뭄', 0.5887035015617713), ([[631, 435], [737, 435], [737, 471], [631, 471]], '기불최고야', 0.5887449105798569), ([[53, 463], [213, 463], [213, 501], [53, 501]], '삼들바람이 불때', 0.7914924882252817), ([[110, 508], [156, 508], [156, 540], [110, 540]], '쭉아', 0.3208549040693744)]
[([[638, 84], [710, 84], [710, 112], [638, 112]], '오예스!', 0.5509278178215027), ([[626, 126], [720, 126], [720, 158], [626, 158]], '기불 정말', 0.49265472085690054), ([[615, 165], [733, 165], [733, 205], [615, 205]], '원더플한길!', 0.544353583133803)]
[([[64, 368], [138, 368], [138, 394], [64, 394]], '미키야', 0.9902717509587926), ([[52, 410], [158, 410], [158, 440], [52, 440]], '보기에가기', 0.9625359853567687), ([[29, 451], [177, 451], [177, 487], [29, 487]], '최전인거간은데', 0.6863155988551922), ([[648, 510], [700, 510], [700, 536], [648, 536]], '내가', 0.9994345204269114), ([[627, 549], [719, 549], [719, 587], [627, 587]], '도와줄께', 0.42438259720802307)]
[([[180, 246], [204, 246], [204, 272], [180, 272]], '오', 0.9999845028523993), ([[136, 288], [236, 288], [236, 316], [136, 316]], '예 . 예스 .', 0.5504382090768523), ([[128, 332], [152, 332], [152, 356], [128, 356]], '미', 0.9999437340068198), ([[172, 332], [240, 332], [240, 356], [172, 356]], '(야 *', 0.28679605984003026)]
[([[428, 190], [496, 190], [496, 216], [428, 216]], '미니야', 0.9998614555233354), ([[32, 234], [64, 234], [64, 258], [32, 258]], '아', 0.9993942701454586), ([[63, 229], [113, 229], [113, 265], [63, 265]], '훨씬', 0.441932569941279), ([[434, 232], [502, 232], [502, 260], [434, 260]], '고마위', 0.9391350742447815), ([[48, 276], [98, 276], [98, 308], [48, 308]], '낫네', 0.971801776640029)]
[([[581, 225], [741, 225], [741, 261], [581, 261]], '네가 가버리논거', 0.9037964659934683), ([[603, 267], [727, 267], [727, 303], [603, 303]], '보는계 쭉아!', 0.3886306321956588), ([[48, 334], [162, 334], [162, 364], [48, 364]], '나도 고마지', 0.9890045785505598), ([[265, 213], [523, 213], [523, 469], [265, 469]], '(', 0.13146484089188082)]
[([[68, 226], [214, 226], [214, 258], [68, 258]], '나도 네가 가는', 0.5225520596895283), ([[119, 267], [185, 267], [185, 303], [119, 303]], '보는곁', 0.19748695971734653), ([[83, 309], [221, 309], [221, 345], [83, 345]], '좋아해미니야!', 0.5548840302523739)]
[([[664, 172], [754, 172], [754, 204], [664, 204]], '그럼 이걸', 0.49711029880692315), ([[655, 213], [767, 213], [767, 249], [655, 249]], '좋아합거야', 0.7992980039238216), ([[62, 322], [118, 322], [118, 352], [62, 352]], '너두?', 0.9713390804464074)]
[([[36, 80], [146, 80], [146, 112], [36, 112]], '오우 미키 :!', 0.5968027174603986), ([[898, 174], [970, 174], [970, 202], [898, 202]], '(오예스', 0.9991234540939331), ([[910, 214], [966, 214], [966, 245], [910, 245]], '미니!', 0.8533270695393358)]
[([[661, 247], [775, 247], [775, 283], [661, 283]], '안녕, 미키!', 0.5641039544026631), ([[662, 410], [688, 410], [688, 434], [662, 434]], '내', 0.9998518283422051), ([[689, 405], [795, 405], [795, 441], [689, 441]], '정원에 온결', 0.8458031081264753), ([[689, 445], [776, 445], [776, 485], [689, 485]], '환영해!', 0.9721213579177856), ([[82, 478], [208, 478], [208, 508], [82, 508]], '아 저기오네!', 0.8494429185097275), ([[593, 791], [605, 791], [605, 817], [593, 817]], '6', 0.9887955271734178)]
[([[90, 278], [156, 278], [156, 304], [90, 304]], '미니야', 0.9986716481612418), ([[67, 319], [177, 319], [177, 355], [67, 355]], '보기줄다 너', 0.34476388890466925), ([[158, 454], [236, 454], [236, 480], [158, 480]], '가버려!', 0.4349590539932251)]
[([[76, 316], [136, 316], [136, 344], [76, 344]], '오오오', 0.6767997594764235), ([[68, 358], [150, 358], [150, 386], [68, 386]], '0 ,예스', 0.5191421980457612), ([[86, 402], [152, 402], [152, 428], [86, 428]], "'미키>", 0.9187787771224976), ([[283.69615951895946, 198.05007374647312], [405.9690985070027, 168.08240398132625], [444.30384048104054, 361.9499262535269], [322.0309014929973, 391.91759601867375]], '5', 0.014034564987980502)]
[([[460, 34], [498, 34], [498, 60], [460, 60]], '오.', 0.6555182365504223), ([[406, 73], [552, 73], [552, 100], [406, 100]], '이제 네차례야', 0.5937334971696647), ([[444, 118], [512, 118], [512, 144], [444, 144]], '미키야', 0.997714998819317)]
[([[414, 46], [522, 46], [522, 78], [414, 78]], '자, 가버려', 0.7766061587732642), ([[252, 218], [284, 218], [284, 252], [252, 252]], ')', 0.9999108334391735), ([[156, 240], [287, 240], [287, 304], [156, 304]], '((5', 0.49535706421151154)]
[([[628, 370], [678, 370], [678, 394], [628, 394]], '이야', 0.6176506239344153), ([[583, 407], [745, 407], [745, 445], [583, 445]], '이거참 접원예서', 0.6551130640466427), ([[589, 451], [741, 451], [741, 489], [589, 489]], '놀기에 기분줌아', 0.17577349802855988)]
[([[574, 9], [701, 9], [701, 47], [574, 47]], '그리고자기도', 0.9589077309273643), ([[569, 53], [701, 53], [701, 89], [569, 89]], '여기있으니까,', 0.9595318390029255), ([[604, 100], [672, 100], [672, 126], [604, 126]], '미키야', 0.996185220843912), ([[375, 189], [579, 189], [579, 461], [375, 461]], '3', 0.01714098097270167), ([[682, 774], [756, 774], [756, 806], [682, 806]], '그 점이', 0.9169793387021299), ([[673, 815], [761, 815], [761, 853], [673, 853]], '기분을 더', 0.3247033185172775), ([[683, 859], [751, 859], [751, 895], [683, 895]], '쫓게해', 0.14622024653439789)]
[([[28, 280], [146, 280], [146, 308], [28, 308]], '여기서 민가', 0.23303905684514956), ([[56, 322], [116, 322], [116, 352], [56, 352]], '스스로', 0.7338516712188721), ([[652, 332], [714, 332], [714, 362], [652, 362]], '미키도', 0.9863680608931293), ([[32, 361], [141, 361], [141, 400], [32, 400]], '하고싶은계', 0.525368180502058), ([[617, 371], [747, 371], [747, 409], [617, 409]], '줄아합거라고', 0.44443957421313496), ([[52, 410], [120, 410], [120, 442], [52, 442]], '잇는데', 0.19673942179182718), ([[646, 418], [718, 418], [718, 450], [646, 450]], '생각해', 0.46836553526111513), ([[48, 700], [96, 700], [96, 732], [48, 732]], "17'", 0.4670408368110657)]
[([[110, 508], [208, 508], [208, 540], [110, 540]], '고게 원까', 0.13452172810559837), ([[125, 549], [197, 549], [197, 585], [125, 585]], '울차가', 0.45138933114268115)]
[([[87, 27], [267, 27], [267, 65], [87, 65]], '가끔씨 나는 꽃으로', 0.41904849961927765), ([[85, 71], [273, 71], [273, 107], [85, 107]], '나 스스로 위로한다', 0.6727355195749529)]
[([[139, 135], [289, 135], [289, 171], [139, 171]], '너에컨 어떻까', 0.8593477852645091), ([[180, 182], [246, 182], [246, 206], [180, 206]], '미키야', 0.9985725577257712), ([[315, 319], [461, 319], [461, 355], [315, 355]], '와우 기분울은결', 0.12070534831388004)]
[([[190, 50], [288, 50], [288, 82], [190, 82]], '안녕미니!', 0.711500206164074), ([[29, 457], [209, 457], [209, 495], [29, 495]], '정말 코고 아름다운', 0.7930614233342262), ([[21, 499], [215, 499], [215, 537], [21, 537]], '접원올 가지고있구나', 0.49090940553490875), ([[512.1962953317859, 17.014046489077483], [666.6199207567594, 126.15276950310214], [508.8037046682141, 348.9859535109225], [353.3800792432406, 239.84723049689785]], '0', 0.09533210407204251)]
[([[335, 33], [495, 33], [495, 71], [335, 71]], '꽂이 자기 꼬추름', 0.13891283920412234), ([[323, 77], [477, 77], [477, 113], [323, 113]], '단단하게 햇어', 0.9776408672492758), ([[405, 163], [449, 163], [449, 201], [405, 201]], '동의', 0.9999657769305327)]
[([[575, 283], [715, 283], [715, 321], [575, 321]], '네 손도 꽃처럽', 0.5100595322056881), ([[602, 325], [687, 325], [687, 361], [602, 361]], '부드러워', 0.8233360052108765)]
[([[297, 33], [469, 33], [469, 69], [297, 69]], '오오오,이건 기붙이', 0.5906117973491922), ([[365, 75], [427, 75], [427, 111], [365, 111]], '줄은결', 0.12332249104961628)]
[([[370, 48], [482, 48], [482, 78], [370, 78]], '오오 미니야', 0.9727366349996882), ([[353, 91], [513, 91], [513, 129], [353, 129]], '나 또 갑거갑다', 0.6099143453166527)]
[([[897, 321], [1014, 321], [1014, 357], [897, 357]], '예스 미키야', 0.9763243130022605), ([[49, 453], [133, 453], [133, 489], [49, 489]], '오 예식', 0.45932917423692016)]
[([[41, 419], [139, 419], [139, 455], [41, 455]], '내 접원올', 0.6128285253283342), ([[25, 461], [153, 461], [153, 499], [25, 499]], '줄기논결 보니', 0.4813310922555629), ([[47, 505], [135, 505], [135, 541], [47, 541]], '너무중야:', 0.3547479783334754)]
[([[526, 158], [570, 158], [570, 182], [526, 182]], '예스', 0.990349591890347), ([[498, 200], [566, 200], [566, 224], [498, 224]], '미니야', 0.9988966709169297), ([[580, 280], [606, 280], [606, 304], [580, 304]], '네', 0.9983684524377736), ([[609, 277], [679, 277], [679, 313], [609, 313]], '정원의', 0.9965888243780245), ([[553, 318], [703, 318], [703, 357], [553, 357]], '향기논 날 정말', 0.6317622012470171), ([[589, 361], [669, 361], [669, 399], [589, 399]], '흥분시적', 0.14807404577732086), ([[588, 532], [720, 532], [720, 658], [588, 658]], '<', 0.060144347334496695), ([[51, 799], [93, 799], [93, 839], [51, 839]], "'1", 0.3100435378168457)]
[([[639, 353], [779, 353], [779, 393], [639, 393]], '도 그게 흉불되', 0.30623827136321585), ([[43, 385], [143, 385], [143, 421], [43, 421]], '대 정원의', 0.8904496761879624), ([[33, 426], [155, 426], [155, 463], [33, 463]], '향기는 내가', 0.643204120918835), ([[31, 471], [157, 471], [157, 507], [31, 507]], '제일줌아하는', 0.26239854953179864), ([[53, 513], [137, 513], [137, 549], [53, 549]], '부분이야', 0.9352704286575317), ([[494, 835], [548, 835], [548, 867], [494, 867]], "1 '//", 0.3077359824862442)]
[([[452, 14], [592, 14], [592, 40], [452, 40]], '야외에서 너외', 0.6114202973188431), ([[446, 56], [604, 56], [604, 88], [446, 88]], '재미보논게 정말', 0.357129678018841), ([[501, 97], [549, 97], [549, 133], [501, 133]], '쭉아', 0.30268453710625454), ([[862, 386], [980, 386], [980, 416], [862, 416]], '나도 미니야', 0.999763262123667)]
[]
[([[32, 402], [172, 402], [172, 432], [32, 432]], '오 고마위 미키', 0.8829925328502274), ([[615, 633], [773, 633], [773, 669], [615, 669]], '좋아해서 참말로', 0.43356658232030204), ([[650, 678], [744, 678], [744, 710], [650, 710]], '다행이야', 0.9885578751564026)]
[([[105, 81], [249, 81], [249, 117], [105, 117]], '이키야 나한터', 0.7263905493719144), ([[494, 84], [608, 84], [608, 116], [494, 116]], '우리 이런계', 0.4465832791674518), ([[121, 123], [235, 123], [235, 159], [121, 159]], '중은 생각이', 0.6778722079765829), ([[482, 122], [619, 122], [619, 162], [482, 162]], '캠핑가는거야', 0.20445880576807487), ([[154, 170], [202, 170], [202, 202], [154, 202]], '있어', 0.9717587278347843), ([[834, 178], [974, 178], [974, 208], [834, 208]], '그니까 나체로', 0.9886898518116923), ([[842, 222], [968, 222], [968, 254], [842, 254]], '캠핑가자고?', 0.27193713725055085)]
[([[583, 264], [766, 264], [766, 302], [583, 302]], '몸에 스치논빠사한', 0.5495777199943359), ([[584, 310], [768, 310], [768, 342], [584, 342]], '산바람이안느껴저?', 0.8921659278194761), ([[56, 422], [158, 422], [158, 454], [56, 454]], '당연하지!', 0.8340531252840614), ([[259, 765], [319, 765], [319, 807], [259, 807]], "17/'", 0.3858797550201416)]
[([[70, 314], [142, 314], [142, 342], [70, 342]], '오 예스', 0.9531373329509883), ([[78, 358], [146, 358], [146, 384], [78, 384]], '미니야', 0.9998191287370972), ([[591, 397], [723, 397], [723, 435], [591, 435]], '차고 넘치도록', 0.9986691835365737), ([[588, 444], [728, 444], [728, 476], [588, 476]], '신선한 바람이', 0.8773699190920857), ([[602, 488], [712, 488], [712, 520], [602, 520]], '산에 많아!', 0.5093646056932574), ([[603, 691], [647, 691], [647, 737], [603, 737]], '10', 0.6248305045918003), ([[278.08052341495886, 59.01363908411378], [519.1661220656073, 105.32828957897878], [446.91947658504114, 457.9863609158862], [205.83387793439275, 411.6717104210212]], '0', 0.821910155970329)]
[([[617, 367], [755, 367], [755, 403], [617, 403]], '신선한 바람은', 0.9434124165901758), ([[621, 409], [747, 409], [747, 447], [621, 447]], '내 몸 전체름', 0.39246258959902064), ([[640, 454], [730, 454], [730, 486], [640, 486]], '떨리게해', 0.9073733687400818)]
[([[604, 158], [634, 158], [634, 182], [604, 182]], '내', 0.8807672342573234), ([[635, 153], [707, 153], [707, 189], [635, 189]], '정원에', 0.9682382536309695), ([[581, 195], [735, 195], [735, 233], [581, 233]], "있'때도 똑같이", 0.18496922154322593), ([[632, 242], [678, 242], [678, 268], [632, 268]], '느껴', 0.9958015568132674)]
[([[637, 223], [745, 223], [745, 261], [637, 261]], '나뭇가지에', 0.977112948541706), ([[640, 268], [744, 268], [744, 300], [640, 300]], '오르고 싶은', 0.9789550836086193), ([[649, 309], [733, 309], [733, 345], [649, 345]], '기불인곁', 0.3476797342300415)]
[([[772, 84], [842, 84], [842, 114], [772, 114]], '오오오!', 0.9073067903518677), ([[726, 126], [888, 126], [888, 158], [726, 158]], '나체로 나무위에', 0.7147529012222755), ([[731, 167], [881, 167], [881, 203], [731, 203]], '오르는곁 좋아해', 0.24447016282847958)]
[([[653, 311], [745, 311], [745, 347], [653, 347]], '위는 기분', 0.2740958359836436), ([[646, 356], [754, 356], [754, 388], [646, 388]], '자연스럽고', 0.9930217228180541), ([[653, 397], [749, 397], [749, 433], [653, 433]], '상쾌한결', 0.9053733348846436)]
[([[570, 40], [678, 40], [678, 68], [570, 68]], '위에서 보다', 0.8226307226474547), ([[561, 79], [689, 79], [689, 117], [561, 117]], '자연스러운결', 0.6027124276720264), ([[568, 126], [680, 126], [680, 156], [568, 156]], '마찬가지로', 0.9983423672109175)]
[([[232, 222], [772, 222], [772, 270], [232, 270]], '익렌의 명웅 마무스보이의 만화입니다', 0.44641492485441014), ([[252, 272], [756, 272], [756, 320], [252, 320]], '점망 꼼리조? 최근들어 한국어햄에', 0.175369910729591), ([[260, 322], [746, 322], [746, 370], [260, 370]], '동게이 만화가 맘고 다른#들께서', 0.25041637390344007), ([[254, 372], [752, 372], [752, 420], [254, 420]], '너무너무 좁아하시논것같아 미기와', 0.24655887026699716), ([[208, 422], [800, 422], [800, 470], [208, 470]], '미니가 서로 땀처주는 만화- 번역랫는데', 0.1535714734883937), ([[260, 472], [744, 472], [744, 520], [260, 520]], '다툼 좀겁계 감상하시길 바랍니다.', 0.22556567918779397)]
[([[473, 49], [587, 49], [587, 87], [473, 87]], '우리 재미좀', 0.5953523510854547), ([[505, 93], [557, 93], [557, 129], [505, 129]], '불까', 0.9836966765427418), ([[892, 262], [992, 262], [992, 294], [892, 294]], '내 정원에', 0.5565304134669897), ([[905, 303], [973, 303], [973, 339], [905, 339]], '놀면서', 0.1264283885957391)]
[([[870, 188], [902, 188], [902, 216], [870, 216]], '오.', 0.7955556446330503), ([[919, 185], [969, 185], [969, 221], [919, 221]], '정말', 0.87189536863715), ([[829, 227], [1009, 227], [1009, 265], [829, 265]], '재방-거야 자기가', 0.1833550544959035), ([[829, 269], [1009, 269], [1009, 307], [829, 307]], '옷좀 벗는다면말야', 0.21211196255234605)]
[([[212, 62], [380, 62], [380, 110], [212, 110]], "'지금 바로 빗올께:", 0.0998760828057996)]
[([[615, 333], [721, 333], [721, 369], [615, 369]], '어때! 기분', 0.7578917921025277), ([[617, 377], [717, 377], [717, 413], [617, 413]], '줄치않아?', 0.37094376686629665), ([[656, 808], [710, 808], [710, 856], [656, 856]], "1'1", 0.44590328578347743)]
[([[47, 525], [202, 525], [202, 562], [47, 562]], '그래 미니! 정밥', 0.4511344035711006), ([[85, 567], [165, 567], [165, 603], [85, 603]], '기분조고', 0.37335896492004395), ([[70, 612], [182, 612], [182, 644], [70, 644]], '자연스러워', 0.7638409609293577)]
