2509626
61
[([[654, 30], [742, 30], [742, 58], [654, 58]], '편꺾-', 0.0005709137519575675), ([[321, 49], [407, 49], [407, 93], [321, 93]], '나::', 0.23499716388198777), ([[656, 54], [738, 54], [738, 102], [656, 102]], '허18', 0.14286889485083198), ([[225, 89], [423, 89], [423, 133], [225, 133]], '망상과 줄념기', 0.7751537678948335), ([[654, 98], [740, 98], [740, 122], [654, 122]], '뒷 시히터', 0.0022261463782242297), ([[33, 135], [233, 135], [233, 179], [33, 179]], '"0-0신', 0.05425488357005332), ([[261, 135], [329, 135], [329, 177], [261, 177]], '70', 0.9210649976703746), ([[357, 133], [591, 133], [591, 177], [357, 177]], '사습"거708', 0.0003276487434054362), ([[38, 180], [130, 180], [130, 228], [38, 228]], "'", 0.08356302148806449), ([[138, 166], [246, 166], [246, 262], [138, 262]], '7', 0.4212059372560226), ([[410, 172], [492, 172], [492, 226], [410, 226]], '떼7', 0.017254970680097445)]
[([[64, 150], [118, 150], [118, 174], [64, 174]], '우옛!!', 0.49893197417259216), ([[70, 172], [112, 172], [112, 196], [70, 196]], '원가', 0.3029725148794559), ([[54, 194], [128, 194], [128, 220], [54, 220]], '닿아있어', 0.564283009468777), ([[344, 234], [420, 234], [420, 258], [344, 258]], '아니 잠시', 0.9998753134279549), ([[362, 256], [402, 256], [402, 280], [362, 280]], '진정', 0.9964273136254986), ([[346, 278], [418, 278], [418, 302], [346, 302]], '하세요!!', 0.953154543313925), ([[74, 388], [146, 388], [146, 412], [74, 412]], '죄. 죄송', 0.7477030944509566), ([[76, 408], [148, 408], [148, 434], [76, 434]], '합니다만', 0.7963380813598633), ([[72, 430], [150, 430], [150, 456], [72, 456]], '저논 별로', 0.5911267275572644), ([[56, 452], [152, 452], [152, 478], [56, 478]], '이런 상황은_', 0.6651419702901176), ([[94, 666], [414, 666], [414, 718], [94, 718]], '꾸-)3-)', 0.021795431641444395), ([[547, 693], [747, 693], [747, 729], [547, 729]], '1) -;3-)', 0.11015036243410153), ([[49, 759], [269, 759], [269, 803], [49, 803]], '수-)3-)', 0.4270639822214982), ([[315, 729], [637, 729], [637, 789], [315, 789]], '1) -"3-)', 0.22093932969377886), ([[663, 875], [685, 875], [685, 895], [663, 895]], '또', 0.9999470717758072), ([[109, 891], [149, 891], [149, 911], [109, 911]], '어!?', 0.9586862981515206), ([[636, 894], [710, 894], [710, 922], [636, 922]], '종소리!?', 0.898144562367808), ([[76, 908], [146, 908], [146, 936], [76, 936]], '이상.해.', 0.8236609333916322), ([[292, 994], [320, 994], [320, 1024], [292, 1024]], '[', 0.38859943564320076)]
[([[550, 572], [608, 572], [608, 598], [550, 598]], '사실은', 0.999084883238735), ([[567, 595], [605, 595], [605, 615], [567, 615]], '저도', 0.9999862601550323), ([[56, 782], [168, 782], [168, 808], [56, 808]], '전부터 오오타', 0.8457262200686804), ([[76, 806], [150, 806], [150, 832], [76, 832]], '선생님과', 0.9991185665130615), ([[68, 828], [156, 828], [156, 852], [68, 852]], '하고싶다고', 0.9989507012334317), ([[65, 850], [155, 850], [155, 874], [65, 874]], '생각햇어요', 0.27912837659477563), ([[52, 940], [126, 940], [126, 996], [52, 996]], '베;', 0.2566623972893618), ([[189.52714844085955, 755.0280469032202], [221.94981236190796, 752.1144039740129], [229.47285155914045, 846.9719530967798], [198.05018763809204, 849.8855960259871]], '복', 0.17055513082898788), ([[167.29289321881345, 927.0502525316941], [217.88901207038705, 973.9523545563457], [188.70710678118655, 1006.9497474683059], [138.11098792961295, 961.0476454436543]], '버감', 0.015216917137341482)]
[([[720, 0], [748, 0], [748, 22], [720, 22]], '"16', 0.10678373230984596), ([[37, 655], [77, 655], [77, 691], [37, 691]], '빼물', 0.0011091943289735058)]
[([[212, 28], [346, 28], [346, 56], [212, 56]], '굉장한 남자 냄새', 0.8589275139311092), ([[274, 672], [424, 672], [424, 698], [274, 698]], '머리가 어질어질 해', 0.8147761369999614), ([[415, 1039], [455, 1039], [455, 1117], [415, 1117]], '', 0.0)]
[([[300, 370], [364, 370], [364, 400], [300, 400]], '잠시!!', 0.9428609013557434), ([[56, 426], [124, 426], [124, 456], [56, 456]], '우와앗', 0.6800963416579586), ([[642, 418], [696, 418], [696, 450], [642, 450]], '옛!?', 0.9792431651215016), ([[76, 450], [102, 450], [102, 474], [76, 474]], '!?', 0.9970634494255165), ([[322, 616], [350, 616], [350, 640], [322, 640]], '그', 0.9999808073964722), ([[296, 642], [390, 642], [390, 672], [296, 672]], '그런 곳! !', 0.7914461746922723), ([[174, 656], [222, 656], [222, 686], [174, 686]], '앗!?', 0.5398046385504488), ([[89.46334368540005, 583.0483902697002], [113.772987951681, 581.1012951811963], [120.53665631459995, 643.9516097302998], [96.227012048319, 646.8987048188037]], '턱', 0.016224100029488264), ([[289.72753350360176, 817.1646273136868], [323.7171453615945, 801.0516970049982], [350.27246649639824, 864.8353726863132], [317.2828546384055, 879.9483029950018]], '최', 0.010364258329858878)]
[([[61, 119], [153, 119], [153, 155], [61, 155]], '간다맛! 모', 0.3653572545983222), ([[239, 77], [305, 77], [305, 187], [239, 187]], '5', 0.2761737416790453), ([[627, 175], [677, 175], [677, 211], [627, 211]], '안  .!', 0.4866338399801784), ([[617, 207], [693, 207], [693, 243], [617, 243]], '안돼! !', 0.8044759077443457)]
[([[234, 304], [312, 304], [312, 328], [234, 328]], '지금 민감', 0.9937952978692265), ([[232, 326], [300, 326], [300, 352], [232, 352]], '해서엇..드', 0.3961837372719735), ([[84, 490], [122, 490], [122, 516], [84, 516]], '그릇', 0.25981718888686595), ([[86, 512], [142, 512], [142, 538], [86, 538]], '그렇게', 0.961453010644675), ([[86, 534], [142, 534], [142, 560], [86, 560]], '빨면!!', 0.8933703303337097), ([[667, 601], [703, 601], [703, 645], [667, 645]], '다', 0.7148520947521888), ([[662, 650], [712, 650], [712, 716], [662, 716]], '타', 0.016760857966179543), ([[158.28285463840555, 397.05169700499823], [193.55215763037424, 386.03058132663193], [218.71714536159445, 475.94830299500177], [184.44784236962576, 485.96941867336807]], '복', 0.016478275885971394)]
[([[626, 418], [714, 418], [714, 444], [626, 444]], '필라만으로', 0.9910440598555809), ([[624, 440], [716, 440], [716, 464], [624, 464]], '가버리다니', 0.9998732230797578), ([[642, 462], [698, 462], [698, 488], [642, 488]], '젊군요', 0.8228930517541858), ([[100, 536], [172, 536], [172, 562], [100, 562]], '선생님이', 0.9360270500183105), ([[100, 558], [174, 558], [174, 584], [100, 584]], '능숙해서', 0.9915298223495483), ([[116, 580], [156, 580], [156, 604], [116, 604]], '에요', 0.9918974755608765), ([[571, 907], [611, 907], [611, 927], [571, 927]], '아직', 0.9999335772128858), ([[564, 928], [628, 928], [628, 952], [564, 952]], '더활수', 0.5875823204962272), ([[570, 950], [620, 950], [620, 976], [570, 976]], '있조?', 0.5790466070175171), ([[11, 1039], [33, 1039], [33, 1057], [11, 1057]], '18', 0.9999998314126102)]
[([[512, 56], [550, 56], [550, 82], [512, 82]], '웃!', 0.37611069385037593), ([[618, 388], [690, 388], [690, 412], [618, 412]], '아까부터', 0.9964543581008911), ([[618, 410], [690, 410], [690, 434], [618, 434]], '치사해요', 0.99073725938797), ([[142, 728], [198, 728], [198, 752], [142, 752]], '이번엔', 0.9775366831534019), ([[128, 750], [212, 750], [212, 776], [128, 776]], '저도 힘 닐', 0.3383753362829566), ([[134, 772], [206, 772], [206, 796], [134, 796]], '차례군요', 0.9374991059303284), ([[126.23794641453858, 47.026428369355514], [204.6157300373369, 89.65792775703505], [137.76205358546142, 212.97357163064447], [59.38426996266308, 170.34207224296495]], '사1', 0.12326197194573586)]
[([[124, 146], [178, 146], [178, 178], [124, 178]], '오옷', 0.5466855650915485), ([[249, 139], [293, 139], [293, 193], [249, 193]], "'", 0.05351604042605018), ([[101, 171], [199, 171], [199, 207], [101, 207]], '빠빠해!!', 0.3685319705487286), ([[467, 865], [521, 865], [521, 901], [467, 901]], '엄청', 0.9871579493476821), ([[456, 896], [530, 896], [530, 926], [456, 926]], '조여! !', 0.9155361282874854)]
[([[104, 14], [334, 14], [334, 66], [104, 66]], '망상과 줄념기', 0.6420172408632053), ([[374, 234], [430, 234], [430, 260], [374, 260]], '어떻게', 0.7881634766175434), ([[374, 260], [426, 260], [426, 284], [374, 284]], '하지 .', 0.4063866138458252), ([[388, 466], [462, 466], [462, 490], [388, 490]], '이제와서', 0.9560915231704712), ([[396, 488], [454, 488], [454, 514], [396, 514]], '줄념기', 0.9282736583940099), ([[386, 512], [462, 512], [462, 536], [386, 536]], '하늘 법을', 0.15931409100449037), ([[390, 534], [460, 534], [460, 560], [390, 560]], '모른다고', 0.7501262426376343), ([[394, 558], [456, 558], [456, 582], [394, 582]], '할 수도', 0.9757640421288714), ([[398, 580], [444, 580], [444, 606], [398, 606]], '없고 ,', 0.41052645444869995), ([[330, 954], [414, 954], [414, 982], [330, 982]], '곤란하네 .', 0.698278781666492), ([[46.50680303808393, 946.0408182285036], [72.73781435964676, 942.0921434060981], [81.49319696191607, 1011.9591817714964], [54.26218564035324, 1014.9078565939019]], '(', 0.009071771107080961)]
[([[630, 92], [702, 92], [702, 122], [630, 122]], '위험해', 0.9994922914433004), ([[642, 118], [690, 118], [690, 144], [642, 144]], '이제', 0.999859653879197), ([[622, 142], [702, 142], [702, 174], [622, 174]], '나용다!', 0.4943988025188446), ([[287, 152], [370, 152], [370, 194], [287, 194]], '간다! !', 0.7038718936396127), ([[608, 286], [640, 286], [640, 318], [608, 318]], '앗', 0.6817814495855465), ([[595, 315], [675, 315], [675, 351], [595, 351]], '뜨거운', 0.993019960232479), ([[603, 343], [667, 343], [667, 417], [603, 417]], '줄어', 0.10671104048284195), ([[632, 378], [662, 378], [662, 410], [632, 410]], '어', 0.9999612573561514), ([[595, 409], [667, 409], [667, 445], [595, 445]], '와서! ', 0.6332460654648536), ([[343, 763], [397, 763], [397, 801], [343, 801]], '[천', 0.003234787125049405), ([[268, 918], [302, 918], [302, 948], [268, 948]], '오.', 0.8693627822410428), ([[370, 912], [428, 912], [428, 960], [370, 960]], '[', 0.011029753145164245), ([[268, 946], [320, 946], [320, 978], [268, 978]], '나도', 0.9999667041520314), ([[256, 978], [332, 978], [332, 1010], [256, 1010]], '간다! !', 0.9757982606981599), ([[211.91936183808474, 42.08391576374229], [257.62252356582155, 18.027736062798766], [305.08063816191526, 119.91608423625772], [259.37747643417845, 143.97226393720123]], '틀', 0.09324597899373899), ([[11.915347710906719, 977.1190646990802], [46.56454844022143, 955.0319737260514], [91.08465228909328, 1031.8809353009199], [55.43545155977857, 1052.9680262739487]], '돌', 0.00223184006830536)]
[([[629, 99], [701, 99], [701, 137], [629, 137]], '갈수', 0.9998774391644443), ([[633, 131], [697, 131], [697, 173], [633, 173]], '없어', 0.9999570947778084), ([[330, 908], [438, 908], [438, 940], [330, 940]], '거의 갈 뻔', 0.9824237831913174), ([[348, 936], [422, 936], [422, 968], [348, 968]], '햇는데', 0.9505020959259065), ([[527, 941], [605, 941], [605, 1009], [527, 1009]], '(', 0.881686543280594), ([[25, 1013], [47, 1013], [47, 1031], [25, 1031]], '22', 0.9999996628252286), ([[50.63033324812742, 645.0113986196642], [93.7612401048768, 640.0484864527814], [113.36966675187259, 818.9886013803358], [70.2387598951232, 823.9515135472186]], "'", 0.035589687236843526), ([[68.81905150197848, 952.0876450632558], [116.53215208419019, 910.0177187371471], [214.18094849802154, 1034.9123549367441], [165.4678479158098, 1075.982281262853]], '#', 0.16418151299355888)]
[([[288, 268], [354, 268], [354, 300], [288, 300]], '우! !', 0.5294046130169099), ([[613, 319], [649, 319], [649, 339], [613, 339]], '후우', 0.9930138268899308), ([[36, 626], [84, 626], [84, 654], [36, 654]], '엇!?', 0.7373296305068107), ([[328, 890], [368, 890], [368, 914], [328, 914]], '가지', 0.9999871873820939), ([[654, 886], [710, 886], [710, 910], [654, 910]], '갑자기', 0.9989122920147686), ([[326, 912], [366, 912], [366, 938], [326, 938]], '않아', 0.9998009883819384), ([[671, 909], [693, 909], [693, 929], [671, 929]], '왜', 0.9997296516058327), ([[654, 928], [710, 928], [710, 954], [654, 954]], '그러논', 0.22471024852146645), ([[646, 950], [718, 950], [718, 976], [646, 976]], '겁니까!?', 0.9536590962547358)]
[([[430, 118], [488, 118], [488, 144], [430, 144]], '잠시!?', 0.8451428413391113), ([[280, 192], [352, 192], [352, 218], [280, 218]], '기다려! !', 0.7459123430816462), ([[575, 395], [736, 395], [736, 534], [575, 534]], '4히', 0.32315017125579315), ([[68, 540], [158, 540], [158, 564], [68, 564]], '이제. 이제', 0.9961373748622714), ([[70, 562], [158, 562], [158, 586], [70, 586]], '무리라고!!', 0.9259628606204934), ([[276, 684], [342, 684], [342, 710], [276, 710]], '가버린', 0.9916666619040512), ([[276, 706], [342, 706], [342, 732], [276, 732]], '직후 .에', 0.5331647604840833), ([[68, 902], [124, 902], [124, 926], [68, 926]], '나오지', 0.9995936652188422), ([[68, 924], [92, 924], [92, 950], [68, 950]], '않', 0.4051763367834873), ([[80, 948], [136, 948], [136, 972], [80, 972]], '어라!?', 0.9703313112258911), ([[12, 982], [36, 982], [36, 1006], [12, 1006]], '24', 0.99999527955623), ([[676, 946], [730, 946], [730, 1071], [676, 1071]], '꼴', 0.35823637054535595)]
[([[656, 68], [684, 68], [684, 124], [656, 124]], '옆', 0.07119180636097155), ([[413, 125], [429, 125], [429, 151], [413, 151]], '5', 0.8404139765983167), ([[402, 152], [438, 152], [438, 182], [402, 182]], '나?', 0.9813056898699238), ([[385, 175], [462, 175], [462, 218], [385, 218]], '나혼는', 0.3708121974215841), ([[270, 220], [366, 220], [366, 252], [270, 252]], '으히원!', 0.53537917137146), ([[385, 205], [464, 205], [464, 246], [385, 246]], '거야!? ', 0.111880607446242), ([[408, 234], [432, 234], [432, 266], [408, 266]], '5', 0.2456006172118954), ([[735, 1019], [757, 1019], [757, 1039], [735, 1039]], '25', 0.9997680316267773), ([[633.4116515945855, 68.05825797292724], [656.6670810103072, 64.07510633942232], [665.5883484054145, 123.94174202707276], [642.3329189896928, 126.92489366057768]], '뭐', 0.9990612088618924)]
[([[682, 64], [768, 64], [768, 94], [682, 94]], '아아아! !', 0.9826455678580985), ([[70, 222], [142, 222], [142, 252], [70, 252]], '안이 꽉', 0.7943043411340645), ([[66, 252], [148, 252], [148, 282], [66, 282]], '채워저 .', 0.6905320885458053), ([[634, 400], [702, 400], [702, 430], [634, 430]], '이렇게', 0.9477348483678086), ([[634, 430], [702, 430], [702, 462], [634, 462]], '기분이', 0.9996652402008587), ([[634, 460], [702, 460], [702, 492], [634, 492]], '좋은데', 0.7476614905751775), ([[260, 612], [328, 612], [328, 640], [260, 640]], '어째서', 0.9993682773332757), ([[266, 642], [320, 642], [320, 670], [266, 670]], '갈수', 0.9998712859510082), ([[260, 670], [328, 670], [328, 702], [260, 702]], '없어!?', 0.9749287962913513), ([[601, 681], [661, 681], [661, 753], [601, 753]], '%', 0.03513537657239851), ([[512, 832], [548, 832], [548, 862], [512, 862]], '1)', 0.8226355764823382), ([[399, 905], [605, 905], [605, 967], [399, 967]], '13+:3', 0.26381211688710426), ([[366, 970], [481, 970], [481, 1027], [366, 1027]], '[기표', 0.006635965858314912), ([[517, 973], [557, 973], [557, 1009], [517, 1009]], '>', 0.031032364068162233)]
[([[110, 224], [158, 224], [158, 294], [110, 294]], '7', 0.18654849489749736), ([[463, 613], [527, 613], [527, 713], [463, 713]], '마', 0.006107288064161054), ([[553, 809], [693, 809], [693, 845], [553, 845]], '온다아아앗! !', 0.9199723236976297), ([[535, 837], [688, 837], [688, 876], [535, 876]], '[겨우 간다아아', 0.8811224641848204)]
[([[582, 140], [690, 140], [690, 188], [582, 188]], '즐거워', 0.9424219606458905), ([[404, 474], [498, 474], [498, 498], [404, 498]], '이렇게 쉽게', 0.6061216461961699), ([[406, 496], [496, 496], [496, 522], [406, 522]], '걸려들다니', 0.9969065259881406), ([[260, 566], [372, 566], [372, 592], [260, 592]], '좋은 장난감이', 0.6892774658355252), ([[252, 588], [380, 588], [380, 614], [252, 614]], '손에 들어앉으니', 0.3351426106384529), ([[260, 610], [374, 610], [374, 638], [260, 638]], '당분간은 즐길', 0.6240971933260883), ([[256, 632], [380, 632], [380, 658], [256, 658]], '수 있을 것 같아', 0.7213394497403367), ([[690, 932], [730, 932], [730, 956], [690, 956]], '계속', 0.9999461367524911), ([[670, 952], [748, 952], [748, 978], [670, 978]], '꿈 속에서', 0.883611123997143), ([[689, 977], [729, 977], [729, 997], [689, 997]], '가게', 0.9999811182640786), ([[680, 998], [738, 998], [738, 1022], [680, 1022]], '해줄게', 0.7924840265395515), ([[224.76498495781112, 399.09590372999116], [278.6930369309187, 374.03007529443454], [323.2350150421889, 478.90409627000884], [270.3069630690813, 504.96992470556546]], '1', 0.0022952090079659954)]
[([[179, 983], [247, 983], [247, 1025], [179, 1025]], '이제', 0.933388082880438), ([[212, 1023], [519, 1023], [519, 1067], [212, 1067]], '음은 어떤놀이틀 할까', 0.30509826825843017), ([[575, 1021], [651, 1021], [651, 1065], [575, 1065]], '5 ))', 0.20362129344278299), ([[694.776274475328, 863.1261174815744], [735.6930051490474, 844.0401557181925], [768.223725524672, 922.8738825184256], [726.3069948509526, 941.9598442818075]], '콩', 0.0407274634860324)]
[([[107, 141], [725, 141], [725, 177], [107, 177]], '-쪽(<숙(하기대하디화 님미--4+ 웨<헌차+교-+0뻗류툼', 7.029253920483898e-07), ([[88, 173], [637, 173], [637, 205], [88, 205]], '버#;금간화 -[/미어[드-서-/이리찾<슷다* 37화.', 7.875043268875192e-07), ([[88, 206], [715, 206], [715, 238], [88, 238]], '성미/#질<본화+[#니니륙<3+내)내-3:보버+[ 하*7', 7.490773955262744e-07), ([[86, 238], [326, 238], [326, 270], [86, 270]], '퍽니:버다+하니:-터"@', 0.006455064038434), ([[86, 268], [688, 268], [688, 300], [86, 300]], '# 하<83+내)니-라#보++5{그논#득-가[료둑 [: .', 1.36773245168932e-05), ([[87, 297], [719, 297], [719, 333], [87, 333]], '꽂-+료< + -다+3니-0-히*"1,<+툼"#+디시#(;드)', 3.3445736776779786e-06), ([[88, 332], [722, 332], [722, 364], [88, 364]], '*+처품#커[하#하<0#;손순롭하+니시류-<*화 (춤<0+1?)', 1.3543283450284534e-05), ([[123, 449], [383, 449], [383, 493], [123, 493]], '자급자족 역식자중', 0.6346815766885432), ([[594, 458], [650, 458], [650, 490], [594, 490]], '기대표', 0.22576176135746545), ([[662, 460], [692, 460], [692, 488], [662, 488]], '뼈', 0.018310536639948083), ([[19, 493], [489, 493], [489, 537], [19, 537]], '<크악6어9>에 이어지논 망가임니다', 0.038478078978843), ([[324, 590], [412, 590], [412, 642], [324, 642]], '넷사', 0.8120218659983248), ([[671, 631], [705, 631], [705, 651], [671, 651]], '라터', 0.008314822541215029), ([[99, 692], [300, 692], [300, 730], [99, 730]], '20120812', 0.9978899227521021), ([[97, 747], [175, 747], [175, 787], [97, 787]], '.곁:', 0.04802537752993996), ([[99, 801], [233, 801], [233, 841], [99, 841]], '국륭-기대없', 0.08557135965440757), ([[249, 801], [291, 801], [291, 841], [249, 841]], '웬', 0.03614641204549773), ([[103, 863], [517, 863], [517, 901], [103, 901]], '4-그0독>닿장7--표', 5.010604921457481e-05), ([[101, 921], [577, 921], [577, 959], [101, 959]], '룹+ :-이웬몽/3,+하톤명샌 굽리7 명/', 3.8613143011589155e-07), ([[102, 976], [526, 976], [526, 1008], [102, 1008]], ',<0자: 랗시미스</ 1훌놈;워어50', 2.105489038273877e-05), ([[100, 1006], [411, 1006], [411, 1038], [100, 1038]], '#기 -돌-하 다전회#뼈니:화 .', 4.707884809765984e-05), ([[100, 1034], [668, 1034], [668, 1066], [100, 1066]], '총소츠-9)크)높이#다+*"7-기<거가다-_줄', 0.0004711208516487364), ([[100, 1063], [373, 1063], [373, 1095], [100, 1095]], '어{3위지퍽#품-((하;기:화.', 5.0345615421764866e-05)]
[([[612, 156], [718, 156], [718, 180], [612, 180]], '왜 그러시조?', 0.90085829746979), ([[639, 181], [693, 181], [693, 201], [639, 201]], '오오타', 0.5170210657469979), ([[638, 202], [694, 202], [694, 230], [638, 230]], '선생님', 0.9997412205484149), ([[450, 404], [490, 404], [490, 428], [450, 428]], '항상', 0.9994195186674011), ([[424, 426], [514, 426], [514, 452], [424, 452]], '나와주시던', 0.3919130581223127), ([[451, 451], [489, 451], [489, 471], [451, 471]], '과학', 0.9999640910739074), ([[434, 472], [508, 472], [508, 498], [434, 498]], '선생님이', 0.9240427613258362), ([[72, 494], [112, 494], [112, 520], [72, 520]], '나는', 0.9591594528846549), ([[442, 496], [498, 496], [498, 520], [442, 520]], '올해는', 0.9226774614662173), ([[56, 516], [128, 516], [128, 544], [56, 544]], '준비위원', 0.9998778104782104), ([[434, 518], [506, 518], [506, 544], [434, 544]], '부상으로', 0.5473316255212536), ([[64, 542], [120, 542], [120, 566], [64, 566]], '이라는', 0.9209046926832293), ([[438, 542], [502, 542], [502, 566], [438, 566]], '나올 수', 0.5257206559181213), ([[64, 564], [120, 564], [120, 588], [64, 588]], '이유로', 0.999865103208832), ([[426, 564], [514, 564], [514, 590], [426, 590]], '없게 되서 .', 0.6224201746816779), ([[64, 586], [120, 586], [120, 610], [64, 610]], '해마다', 0.9999501704931729), ([[56, 610], [128, 610], [128, 634], [56, 634]], '어떻게든', 0.682329535484314), ([[56, 634], [128, 634], [128, 658], [56, 658]], '속엿논데', 0.18565043807029724), ([[378, 768], [432, 768], [432, 794], [378, 794]], '올해는', 0.9492200019374223), ([[384, 792], [426, 792], [426, 816], [384, 816]], '대신', 0.9999247265583663), ([[624, 790], [670, 790], [670, 814], [624, 814]], '과연', 0.4861479863539393), ([[376, 814], [434, 814], [434, 840], [376, 840]], '나가야', 0.9998735685990244), ([[604, 812], [680, 812], [680, 836], [604, 836]], '그건 난처', 0.6210378579565624), ([[378, 838], [432, 838], [432, 862], [378, 862]], '한다고', 0.9998271123076765), ([[606, 834], [678, 834], [678, 860], [606, 860]], '하켓군요', 0.5652464960082213), ([[378, 860], [434, 860], [434, 886], [378, 886]], '말해서', 0.9999236728936757), ([[68, 880], [142, 880], [142, 904], [68, 904]], "'이제와서", 0.6542589900440209), ([[68, 902], [140, 902], [140, 928], [68, 928]], '줄념기틀', 0.3435211777687073), ([[84, 924], [126, 924], [126, 950], [84, 950]], '할 줄', 0.8961349129676819), ([[70, 946], [140, 946], [140, 972], [70, 972]], '모른다고', 0.8483498096466064), ([[64, 968], [146, 968], [146, 994], [64, 994]], '말 할 수도', 0.633504331695861), ([[80, 992], [130, 992], [130, 1016], [80, 1016]], '없고 .', 0.38271841406822205)]
[([[21, 1009], [536, 1009], [536, 1077], [21, 1077]], '묘들과4,요)?릇', 1.430212133306472e-06)]
[([[1007, 45], [1139, 45], [1139, 85], [1007, 85]], '편어', 0.0031486077078355297), ([[492, 74], [636, 74], [636, 220], [492, 220]], '오', 0.6313787561977193), ([[1007, 153], [1139, 153], [1139, 189], [1007, 189]], '트 시 (', 0.013713364429481406), ([[1012, 82], [1134, 82], [1134, 156], [1012, 156]], ':18', 0.10760252949863938), ([[48, 206], [356, 206], [356, 278], [48, 278]], '"0:춥', 0.0033427926246076822), ([[405, 211], [505, 211], [505, 273], [405, 273]], '70', 0.788054779522766), ([[544, 186], [952, 186], [952, 291], [544, 291]], ' "-08!', 0.00543394405702247), ([[118, 262], [374, 262], [374, 382], [118, 382]], '사뭄', 0.07277678317071232), ([[682, 249], [945, 249], [945, 386], [682, 386]], '7', 0.09297236422017718)]
[([[100, 24], [479, 24], [479, 101], [100, 101]], '노선 심웨-(', 0.0019558961228741665), ([[591, 329], [649, 329], [649, 365], [591, 365]], '이거', 0.9999279296497335), ([[575, 362], [661, 362], [661, 404], [575, 404]], '어떻게', 0.7148078025539842), ([[563, 399], [677, 399], [677, 437], [563, 437]], '해야하나', 0.9945665001869202), ([[601, 733], [711, 733], [711, 769], [601, 769]], '이제와서', 0.993818461894989), ([[603, 769], [711, 769], [711, 805], [603, 805]], '줄념기름', 0.3290790021419525), ([[601, 803], [711, 803], [711, 841], [601, 841]], '못하다고', 0.9412469267845154), ([[597, 837], [715, 837], [715, 875], [597, 875]], '말할 수도', 0.5875084248056544), ([[615, 875], [675, 875], [675, 911], [615, 911]], '없고', 0.9985138885853506), ([[535, 1441], [605, 1441], [605, 1485], [535, 1485]], '곤란', 0.966395131404236), ([[517, 1483], [591, 1483], [591, 1527], [517, 1527]], '하네', 0.9987038933855615), ([[65.35164491538949, 1452.0351332215832], [114.71915790095004, 1444.2515657686984], [128.64835508461053, 1555.9648667784168], [79.28084209904996, 1562.7484342313016]], '값', 0.008302386815851881)]
[([[981, 209], [1065, 209], [1065, 247], [981, 247]], '무슨일', 0.5290138125419617), ([[963, 245], [1079, 245], [1079, 281], [963, 281]], '있습니까,', 0.60577291130763), ([[981, 279], [1067, 279], [1067, 317], [981, 317]], '오오타', 0.6893795010586495), ([[973, 315], [1073, 315], [1073, 351], [973, 351]], '산생님?', 0.9995696544647217), ([[263, 523], [319, 523], [319, 537], [263, 537]], "'89338", 0.33086561923557334), ([[690, 622], [744, 622], [744, 654], [690, 654]], '사실', 0.9998320910846598), ([[659, 655], [777, 655], [777, 691], [659, 691]], '나는 준비', 0.8655947727204923), ([[649, 689], [787, 689], [787, 727], [649, 727]], '임원이라는', 0.9207997277152405), ([[645, 725], [791, 725], [791, 763], [645, 763]], '핑계름 대서', 0.44229080411767074), ([[121, 753], [177, 753], [177, 789], [121, 789]], '항상', 0.9926810613882766), ([[689, 761], [747, 761], [747, 797], [689, 797]], '매년', 0.9998417843968176), ([[93, 787], [205, 787], [205, 825], [93, 825]], '출전하면', 0.4460265040397644), ([[662, 795], [772, 795], [772, 831], [662, 831]], '어떻게든', 0.594387948513031), ([[73, 819], [221, 819], [221, 861], [73, 861]], '이과 선생이', 0.9969329005357807), ([[649, 831], [785, 831], [785, 867], [649, 867]], '빠져나가고', 0.9982959765473719), ([[93, 857], [203, 857], [203, 895], [93, 895]], '올해에는', 0.8261571509946086), ([[663, 865], [775, 865], [775, 903], [663, 903]], '있엿는데', 0.2722516357898712), ([[81, 893], [217, 893], [217, 931], [81, 931]], '부상때문에', 0.9895685536732863), ([[93, 927], [207, 927], [207, 965], [93, 965]], '나올수가', 0.7402858138084412), ([[568, 956], [596, 956], [596, 980], [568, 980]], '에', 0.041574873536590395), ([[89, 963], [209, 963], [209, 999], [89, 999]], '없게 되어', 0.9838357052112308), ([[96, 1000], [190, 1000], [190, 1032], [96, 1032]], '버려서::', 0.8110019490556187), ([[595, 1167], [655, 1167], [655, 1205], [595, 1205]], '이번', 0.9999566733146458), ([[554, 1199], [695, 1199], [695, 1240], [554, 1240]], '체육대회때', 0.9886314497611771), ([[547, 1237], [703, 1237], [703, 1275], [547, 1275]], '그 선생 대신', 0.9944329991763297), ([[989, 1223], [1049, 1223], [1049, 1259], [989, 1259]], '과연', 0.9979711482874761), ([[557, 1273], [693, 1273], [693, 1309], [557, 1309]], '나와달라고', 0.8604886370303378), ([[947, 1259], [1041, 1259], [1041, 1295], [947, 1295]], '그거 참', 0.9650782854293796), ([[596, 1310], [654, 1310], [654, 1342], [596, 1342]], '부탁', 0.9997209992638395), ([[923, 1291], [1061, 1291], [1061, 1331], [923, 1331]], '난처하네요', 0.9883940446472426), ([[581, 1339], [669, 1339], [669, 1381], [581, 1381]], '받앉어', 0.21681362703369178), ([[109, 1367], [217, 1367], [217, 1405], [109, 1405]], '그렇다고', 0.999393105506897), ([[109, 1403], [217, 1403], [217, 1439], [109, 1439]], '줄념기름', 0.38066163659095764), ([[109, 1437], [217, 1437], [217, 1475], [109, 1475]], '못하다고', 0.7456575632095337), ([[107, 1469], [219, 1469], [219, 1511], [107, 1511]], '말활수도', 0.32514924815010376), ([[109, 1507], [199, 1507], [199, 1545], [109, 1545]], '없어서;', 0.43455448746681213)]
[([[270, 162], [316, 162], [316, 194], [270, 194]], '어?', 0.9999559989736939), ([[263, 195], [321, 195], [321, 233], [263, 233]], '그건', 0.9644879761013563), ([[237, 231], [323, 231], [323, 267], [237, 267]], '그런데', 0.5816742777824402), ([[981, 233], [1039, 233], [1039, 269], [981, 269]], '팀이', 0.994644479615806), ([[949, 267], [1071, 267], [1071, 305], [949, 305]], '되기로 한', 0.8902443237005251), ([[953, 303], [1065, 303], [1065, 339], [953, 339]], '선생님이', 0.506407406091808), ([[964, 336], [1049, 336], [1049, 376], [964, 376]], '국어의', 0.9999338589727413), ([[923, 371], [1095, 371], [1095, 411], [923, 411]], '무로이 선생님', 0.7306174705522497), ([[945, 407], [1073, 407], [1073, 445], [945, 445]], '맞던가요?', 0.9785196808246112), ([[1045, 735], [1103, 735], [1103, 771], [1045, 771]], '그럼', 0.99980773149126), ([[1045, 771], [1103, 771], [1103, 807], [1045, 807]], '지금', 0.9998346197721343), ([[1020, 803], [1129, 803], [1129, 843], [1020, 843]], '부터라도', 0.9975837469100952), ([[917, 839], [983, 839], [983, 881], [917, 881]], '아직', 0.9998264436893965), ([[1031, 837], [1115, 837], [1115, 877], [1031, 877]], '특훈올', 0.23609792777820207), ([[885, 877], [1013, 877], [1013, 921], [885, 921]], '체육대회', 0.8052672804366269), ([[1031, 875], [1117, 875], [1117, 913], [1031, 913]], '해야조', 0.9245501887628902), ([[901, 921], [999, 921], [999, 963], [901, 963]], '까지논', 0.8263311326091336), ([[253, 947], [303, 947], [303, 983], [253, 983]], '아:', 0.40266469493704815), ([[887, 956], [1014, 956], [1014, 1005], [887, 1005]], '며칠정도', 0.9757217764854431), ([[239, 987], [317, 987], [317, 1025], [239, 1025]], '어어:.', 0.4012828767299652), ([[889, 999], [1013, 999], [1013, 1043], [889, 1043]], '남앞으니', 0.3726791739463806), ([[915, 1041], [983, 1041], [983, 1079], [915, 1079]], '까요', 0.98428453708986), ([[952, 1406], [1012, 1406], [1012, 1438], [952, 1438]], '제가', 0.998952895748766), ([[939, 1441], [1025, 1441], [1025, 1477], [939, 1477]], '무로이', 0.7502653002738953), ([[927, 1475], [1037, 1475], [1037, 1511], [927, 1511]], '선생님께', 0.9252837896347046), ([[925, 1507], [1035, 1507], [1035, 1547], [925, 1547]], '전해드길', 0.529771625995636), ([[953, 1545], [1009, 1545], [1009, 1581], [953, 1581]], '게요', 0.9998081529360349)]
[([[177, 89], [219, 89], [219, 125], [177, 125]], '잇!', 0.14691855305229834), ([[155, 125], [241, 125], [241, 161], [155, 161]], '무로이', 0.7239609956741333), ([[151, 161], [247, 161], [247, 197], [151, 197]], '선생님!', 0.45517340302467346), ([[125, 191], [271, 191], [271, 233], [125, 233]], '이렇게 늦은', 0.7128156308251893), ([[155, 231], [241, 231], [241, 267], [155, 267]], '시간에', 0.9970932391937947), ([[1007, 225], [1065, 225], [1065, 261], [1007, 261]], '실레', 0.9233045188210566), ([[126, 262], [268, 262], [268, 302], [126, 302]], '죄송합나다', 0.8007866592093165), ([[983, 259], [1087, 259], [1087, 297], [983, 297]], '합니다-', 0.7184397578239441), ([[112, 560], [148, 560], [148, 588], [112, 588]], '아', 0.9999656680192857), ([[100, 587], [175, 587], [175, 623], [100, 623]], '면목이', 0.13710919430008905), ([[100, 620], [172, 620], [172, 652], [100, 652]], '없네요', 0.9807179490635005), ([[511, 625], [661, 625], [661, 661], [511, 661]], '양호 선생한테', 0.6819864906933736), ([[536, 658], [634, 658], [634, 690], [536, 690]], '들없는데 ,', 0.27054911967088724), ([[524, 686], [648, 686], [648, 718], [524, 718]], '오오다 선생', 0.9997330715615158), ([[538, 718], [632, 718], [632, 748], [538, 748]], '줄념기름', 0.3524656891822815), ([[524, 746], [650, 746], [650, 778], [524, 778]], '못하다는 게', 0.9726428024385894), ([[515, 776], [655, 776], [655, 808], [515, 808]], '정말입니까:?', 0.5318466003130964), ([[100, 915], [197, 915], [197, 953], [100, 953]], "'정말이지", 0.9783373648578995), ([[124, 950], [174, 950], [174, 980], [124, 980]], '저도', 0.9999861758616755), ([[112, 980], [186, 980], [186, 1012], [112, 1012]], '어떻게', 0.7842585321809249), ([[589, 970], [683, 970], [683, 1002], [589, 1002]], '그런데도', 0.9999751448631287), ([[112, 1008], [186, 1008], [186, 1040], [112, 1040]], '되없나', 0.9945768717413035), ([[578, 1000], [696, 1000], [696, 1032], [578, 1032]], '체육선생이', 0.9630870254035805), ([[114, 1038], [184, 1038], [184, 1070], [114, 1070]], '올라요', 0.5518959204759769), ([[608, 1030], [666, 1030], [666, 1062], [608, 1062]], '월 수', 0.4627605527240681), ([[602, 1060], [676, 1060], [676, 1092], [602, 1092]], '있없나', 0.8869691308148846), ([[602, 1090], [676, 1090], [676, 1122], [602, 1122]], '붙니다', 0.8481402409006062), ([[564, 1286], [602, 1286], [602, 1318], [564, 1318]], '자;', 0.4302472561159586), ([[917, 1275], [1019, 1275], [1019, 1335], [917, 1335]], '@-)', 0.07203938988247577), ([[534, 1318], [632, 1318], [632, 1358], [534, 1358]], '잘 부탁', 0.9988970625300003), ([[553, 1357], [613, 1357], [613, 1397], [553, 1397]], '드럽', 0.11434793348935939), ([[1042, 1360], [1078, 1360], [1078, 1392], [1042, 1392]], '뭐,', 0.8428159725029922), ([[64, 1354], [525, 1354], [525, 1499], [64, 1499]], '#출수 회', 0.021563132615282823), ([[545, 1397], [627, 1397], [627, 1433], [545, 1433]], '니다]!', 0.3135499358177185), ([[1016, 1390], [1106, 1390], [1106, 1468], [1016, 1468]], '연절뚜', 0.021213412743910802), ([[1015, 1463], [1109, 1463], [1109, 1499], [1015, 1499]], '붙시다!', 0.6742871403694153), ([[965.1354220598544, 40.134412212995386], [1043.7132099497753, -15.980421085910178], [1138.8645779401456, 134.8655877870046], [1059.2867900502247, 191.98042108591017]], '#', 0.16500811796413828), ([[956.5160395167849, 1523.0146520269504], [1014.4035260826882, 1506.0101835627725], [1068.483960483215, 1703.9853479730496], [1010.5964739173118, 1719.9898164372275]], '^', 0.005443821556581574)]
[([[501, 191], [605, 191], [605, 229], [501, 229]], '아 그게,', 0.9973695985660612), ([[748, 176], [806, 176], [806, 232], [748, 232]], '숲', 0.3547924104482867), ([[1003, 201], [1065, 201], [1065, 237], [1003, 237]], '근데 ,', 0.7866233587265015), ([[467, 225], [637, 225], [637, 263], [467, 263]], '누가 보기라도', 0.9990247777983945), ([[491, 261], [611, 261], [611, 297], [491, 297]], '한다면 좀', 0.9988520409428285), ([[964, 282], [994, 282], [994, 312], [964, 312]], '왜', 0.9998546891552316), ([[505, 297], [599, 297], [599, 333], [505, 333]], '그럴 것', 0.6244138884117134), ([[923, 309], [1037, 309], [1037, 349], [923, 349]], '이런 좁은', 0.7051412763736096), ([[497, 331], [593, 331], [593, 367], [497, 367]], '같아서:.', 0.4991702337005541), ([[942, 348], [1018, 348], [1018, 380], [942, 380]], '장소로', 0.9999821742127942), ([[954, 382], [1006, 382], [1006, 414], [954, 414]], '부른', 0.27784916298130224), ([[933, 411], [1027, 411], [1027, 447], [933, 447]], '겁니까?', 0.7764167785644531), ([[592, 764], [682, 764], [682, 790], [592, 790]], '꼬마야~', 0.9867112735630924), ([[592, 800], [682, 800], [682, 824], [592, 824]], '꼬마야~', 0.9992578625679016), ([[1020, 802], [1048, 802], [1048, 836], [1020, 836]], '뭐', 0.9999581579770656), ([[608, 834], [664, 834], [664, 862], [608, 862]], '뒤로', 0.9999384661556963), ([[967, 835], [1081, 835], [1081, 873], [967, 873]], '활수없지:', 0.857719299103341), ([[592, 868], [682, 868], [682, 896], [592, 896]], '돌 아라~', 0.9544714135219032), ([[975, 871], [1095, 871], [1095, 907], [975, 907]], '그럼 시작', 0.8367848521188928), ([[592, 902], [682, 902], [682, 930], [592, 930]], '돌 아서~', 0.6938775955158044), ([[993, 907], [1079, 907], [1079, 943], [993, 943]], '합시다', 0.9998927706172486), ([[592, 938], [682, 938], [682, 966], [592, 966]], '돌 아 서~', 0.8055530029819548), ([[106, 1156], [180, 1156], [180, 1184], [106, 1184]], '저기:.', 0.8427050709724426), ([[101, 1185], [185, 1185], [185, 1221], [101, 1221]], '그 구호', 0.5725843601249865), ([[818, 1198], [864, 1198], [864, 1230], [818, 1230]], '네:.', 0.8607339576525498), ([[105, 1217], [183, 1217], [183, 1253], [105, 1253]], '어떻게', 0.43412676921256377), ([[85, 1249], [203, 1249], [203, 1285], [85, 1285]], '안월까요?', 0.5472699174346033), ([[805, 1233], [891, 1233], [891, 1271], [805, 1271]], '네업]!', 0.291177362203598), ([[589, 1423], [673, 1423], [673, 1459], [589, 1459]], '어절 수', 0.9731264866798995), ([[575, 1455], [687, 1455], [687, 1491], [575, 1491]], '없습나다]', 0.2877377804027188), ([[123, 1477], [227, 1477], [227, 1513], [123, 1513]], '그것보다', 0.9982476234436035), ([[592, 1490], [668, 1490], [668, 1522], [592, 1522]], '이렇게', 0.9328526497018234), ([[121, 1509], [231, 1509], [231, 1545], [121, 1545]], '얼른 들어', 0.7644856186426225), ([[591, 1519], [671, 1519], [671, 1555], [591, 1555]], '정해저', 0.8592486032459403), ([[136, 1544], [214, 1544], [214, 1576], [136, 1576]], '오기나', 0.9977180262146251), ([[569, 1551], [693, 1551], [693, 1587], [569, 1587]], '있으니까]!', 0.5789344417226571), ([[113, 1573], [237, 1573], [237, 1609], [113, 1609]], '하라구요', 0.9993577599525452)]
[([[577, 197], [679, 197], [679, 239], [577, 239]], '아아야', 0.5550115906726585), ([[822, 340], [950, 340], [950, 560], [822, 560]], '듯', 0.019352416828681607), ([[823, 915], [953, 915], [953, 957], [823, 957]], '그러니까', 0.9988470673561096), ([[831, 954], [958, 954], [958, 999], [831, 999]], '"하나"에', 0.9979655823467486), ([[813, 995], [963, 995], [963, 1037], [813, 1037]], '들어오라고', 0.999397286227916), ([[839, 1035], [935, 1035], [935, 1079], [839, 1079]], '햇관습', 0.3011171478077412), ([[845, 1077], [933, 1077], [933, 1117], [845, 1117]], '니까]!', 0.18140947818756104), ([[352, 1172], [442, 1172], [442, 1216], [352, 1216]], '죄송합', 0.8707972695597598), ([[356, 1214], [426, 1214], [426, 1246], [356, 1246]], '니다:.', 0.47207278662692814), ([[313.09939121718196, 364.03123352742017], [532.8520448854149, 430.044254039176], [496.90060878281804, 533.9687664725799], [277.14795511458505, 468.955745960824]], '<(3', 0.0040581430567508845)]
[([[829, 121], [889, 121], [889, 181], [829, 181]], '4', 0.8963899345272388), ([[481, 185], [549, 185], [549, 223], [481, 223]], '아앗!', 0.16794915497745763), ([[485, 221], [545, 221], [545, 259], [485, 259]], '죄송', 0.892441697973526), ([[463, 255], [569, 255], [569, 293], [463, 293]], '합나다]!', 0.314360976279383), ([[117, 275], [201, 275], [201, 311], [117, 311]], '어라: .', 0.3268681879400174), ([[99, 311], [219, 311], [219, 347], [99, 347]], '문가 줄이', 0.6902279502385903), ([[103, 346], [213, 346], [213, 382], [103, 382]], '꺼여버린', 0.3991858959197998), ([[1031, 359], [1091, 359], [1091, 397], [1031, 397]], '빨리', 0.9998555236603355), ([[99, 381], [219, 381], [219, 419], [99, 419]], '것 같은데', 0.7817990723341743), ([[995, 395], [1103, 395], [1103, 433], [995, 433]], '어떻게좀', 0.6144010424613953), ([[1005, 429], [1089, 429], [1089, 467], [1005, 467]], '해화요', 0.9045799439670262), ([[287, 547], [529, 547], [529, 672], [287, 672]], '및모 ', 0.13471194600438466), ([[1005, 625], [1105, 625], [1105, 661], [1005, 661]], '아오-!!', 0.9215681171434122), ([[1011, 661], [1099, 661], [1099, 697], [1011, 697]], '그래서', 0.9999858219572908), ([[196, 688], [246, 688], [246, 718], [196, 718]], '지.', 0.38736441318714826), ([[983, 695], [1127, 695], [1127, 733], [983, 733]], '어떻게 이런', 0.6189943370514334), ([[165, 721], [284, 721], [284, 760], [165, 760]], '지금 바로', 0.9381099546079583), ([[972, 728], [1137, 728], [1137, 770], [972, 770]], '좁은장소에서', 0.9056522834489119), ([[197, 759], [255, 759], [255, 795], [197, 795]], '풀켓', 0.5236320175391801), ([[768, 736], [834, 736], [834, 790], [768, 790]], '3', 0.06430381598079382), ([[1010, 764], [1097, 764], [1097, 804], [1010, 804]], '하나고', 0.990714145438), ([[173, 793], [279, 793], [279, 829], [173, 829]], '습니다]!', 0.5126249446998767), ([[999, 801], [1087, 801], [1087, 837], [999, 837]], "한건데'", 0.1778677999973297), ([[682, 780], [898, 780], [898, 930], [682, 930]], "9'", 0.3764337575239255), ([[172, 946], [662, 946], [662, 1026], [172, 1026]], '수-;3-)', 0.09754435650990198), ([[705, 957], [1013, 957], [1013, 1017], [705, 1017]], '13-93-)', 0.10352060259255767), ([[846, 1020], [1005, 1020], [1005, 1089], [846, 1089]], '##" . # #', 0.022124082448275257), ([[60, 1078], [395, 1078], [395, 1143], [60, 1143]], '수-화 3늘)', 0.00146151148814251), ([[620, 1082], [1107, 1082], [1107, 1170], [620, 1170]], '+민-)자=;', 0.009953452627450713), ([[663, 1219], [703, 1219], [703, 1263], [663, 1263]], '떼', 0.9110088443121676), ([[941, 1267], [1015, 1267], [1015, 1303], [941, 1303]], '어라?', 0.9891465001496074), ([[917, 1301], [1037, 1301], [1037, 1341], [917, 1341]], '이런 밤에', 0.9887744815665448), ([[905, 1339], [1049, 1339], [1049, 1375], [905, 1375]], '종이 치다니', 0.9991789097970804), ([[895, 1373], [1037, 1373], [1037, 1411], [895, 1411]], '이상하구만:', 0.961805158890112), ([[98, 1410], [150, 1410], [150, 1470], [98, 1470]], '9', 0.23929782915875908), ([[157, 1479], [217, 1479], [217, 1551], [157, 1551]], '@', 0.3196153612927368), ([[747, 1448], [815, 1448], [815, 1629], [747, 1629]], '명', 0.2179234737702842), ([[147, 1543], [207, 1543], [207, 1655], [147, 1655]], '진', 0.010992002692696623)]
[([[282, 236], [688, 236], [688, 556], [282, 556]], '거 ', 0.11424173703448064), ([[275, 617], [359, 617], [359, 709], [275, 709]], '내', 0.06230232872736963), ([[529, 939], [613, 939], [613, 975], [529, 975]], '무로이', 0.9893233180046082), ([[515, 973], [625, 973], [625, 1011], [515, 1011]], '선생님..', 0.9197493062145724), ([[1036, 1084], [1152, 1084], [1152, 1134], [1036, 1134]], '에옛심?', 0.05588065832853317), ([[691, 1339], [811, 1339], [811, 1381], [691, 1381]], '자; 잠깐!', 0.3794886003632447), ([[704, 1373], [799, 1373], [799, 1417], [704, 1417]], '오오다', 0.9995501699882536), ([[285, 1411], [343, 1411], [343, 1447], [285, 1447]], '사실', 0.9997265621977058), ([[705, 1417], [797, 1417], [797, 1455], [705, 1455]], '선생!?', 0.5535596609115601), ([[239, 1445], [391, 1445], [391, 1483], [239, 1483]], '예전부터 쭉', 0.9915138742929519), ([[685, 1451], [815, 1451], [815, 1493], [685, 1493]], '무슨 짓올', 0.5613719530363748), ([[270, 1479], [357, 1479], [357, 1517], [270, 1517]], '무로이', 0.9950762666540947), ([[663, 1487], [835, 1487], [835, 1532], [663, 1532]], "'하는 겁니까!", 0.5183149400635987), ([[247, 1515], [357, 1515], [357, 1553], [247, 1553]], '선생님올', 0.2260155363326567), ([[918.1910337040921, 1505.0272988205634], [1145.9498988547575, 1578.9045926049805], [1110.8089662959078, 1676.9727011794366], [882.0501011452424, 1603.0954073950195]], '연  7사', 0.009037109325365292)]
[([[181, 115], [197, 115], [197, 137], [181, 137]], '응', 0.9982717358345781), ([[156, 134], [214, 134], [214, 160], [156, 160]], '그런데.', 0.7152099013328552), ([[626, 156], [684, 156], [684, 180], [626, 180]], '확실히', 0.9999194745813498), ([[618, 178], [692, 178], [692, 204], [618, 204]], '선생님의', 0.9946503043174744), ([[598, 200], [710, 200], [710, 224], [598, 224]], '폐어는 일본어', 0.6126087179436354), ([[618, 222], [692, 222], [692, 248], [618, 248]], '선생님인', 0.9781075119972229), ([[627, 245], [683, 245], [683, 265], [627, 265]], '무로이', 0.7842030198941563), ([[606, 266], [704, 266], [704, 292], [606, 292]], '선생님이조?', 0.8764475503506356), ([[592, 534], [722, 534], [722, 558], [592, 558]], '그러면 지금부터', 0.9945681174597595), ([[606, 556], [702, 556], [702, 580], [606, 580]], '특훈 하세요', 0.9207682970473271), ([[600, 578], [712, 578], [712, 602], [600, 602]], '아직 체육대회', 0.990925896065243), ([[608, 600], [704, 600], [704, 626], [608, 626]], '까지논 몇일', 0.5930697164422181), ([[166, 614], [196, 614], [196, 638], [166, 638]], '하 ', 0.4100099771086514), ([[611, 621], [701, 621], [701, 647], [611, 647]], '남앞으니까', 0.2019703798554332), ([[160, 636], [202, 636], [202, 660], [160, 660]], '하아', 0.9999728575374494), ([[621, 921], [661, 921], [661, 941], [621, 941]], '제가', 0.9996988319052983), ([[613, 943], [667, 943], [667, 963], [613, 963]], '무로이', 0.876160204410553), ([[604, 964], [678, 964], [678, 988], [604, 988]], '선생님께', 0.7320975661277771), ([[586, 986], [692, 986], [692, 1010], [586, 1010]], '전해드실게요', 0.20813499056405368)]
[([[101, 221], [183, 221], [183, 261], [101, 261]], '우왕]!', 0.1149788424372673), ([[77, 261], [203, 261], [203, 299], [77, 299]], '문가 등고', 0.2380778909641309), ([[83, 295], [197, 295], [197, 337], [83, 337]], '있잡아]!', 0.23203324131241584), ([[415, 345], [475, 345], [475, 425], [415, 425]], '"', 0.5659973874009019), ([[517, 349], [651, 349], [651, 391], [517, 391]], '아니 잠깐,', 0.9049235154968351), ([[523, 386], [651, 386], [651, 430], [523, 430]], '좀 떨어저', 0.9480373166743921), ([[529, 425], [643, 425], [643, 465], [529, 465]], '화화요!', 0.33931785821914673), ([[1016, 474], [1064, 474], [1064, 526], [1016, 526]], '0', 0.08850264114244055), ([[111, 581], [229, 581], [229, 621], [111, 621]], '미:  미안', 0.5654295323933639), ([[116, 618], [221, 618], [221, 660], [116, 660]], '하지만!', 0.48630836606025696), ([[107, 655], [231, 655], [231, 695], [107, 695]], '나는 별로', 0.9944121439070589), ([[95, 693], [241, 693], [241, 735], [95, 735]], '그런쪽에는', 0.5217149500753109), ([[93, 731], [189, 731], [189, 773], [93, 773]], '관심이', 0.9994721957871688), ([[146, 1019], [627, 1019], [627, 1106], [146, 1106]], '국-]-)', 0.11287635845091071), ([[842, 1066], [1148, 1066], [1148, 1122], [842, 1122]], '1)-3-)', 0.13454989462770583), ([[477, 1123], [977, 1123], [977, 1209], [477, 1209]], '1)-)3-)', 0.16266759447509127), ([[79, 1171], [413, 1171], [413, 1233], [79, 1233]], '수-;3-)', 0.2914681302334193), ([[155, 1345], [243, 1345], [243, 1383], [155, 1383]], '어라]?', 0.2987864315509796), ([[974, 1343], [1099, 1343], [1099, 1388], [974, 1388]], '벌소리가', 0.8175178170204163), ([[123, 1381], [219, 1381], [219, 1423], [123, 1423]], '이상하', 0.9998738438964276), ([[1007, 1387], [1067, 1387], [1067, 1423], [1007, 1423]], '또?', 0.9831116217236352), ([[154, 1424], [188, 1424], [188, 1456], [154, 1456]], '네', 0.8934683402426423), ([[804.3816999397877, 533.0239292232616], [908.7336418228921, 621.9528595174697], [861.6183000602123, 677.9760707767384], [757.2663581771079, 590.0471404825303]], '+우', 0.007232969558947518)]
[([[872, 852], [916, 852], [916, 884], [872, 884]], '사:', 0.9798353993369929), ([[855, 885], [945, 885], [945, 925], [855, 925]], '사실은', 0.9903764357634965), ([[855, 923], [920, 923], [920, 964], [855, 964]], '나도', 0.8240457058035275), ([[113, 1179], [235, 1179], [235, 1221], [113, 1221]], '예전부터', 0.9988259077072144), ([[77, 1215], [273, 1215], [273, 1259], [77, 1259]], '오오다 선생과', 0.7825683143011537), ([[99, 1255], [249, 1255], [249, 1297], [99, 1297]], '하고싶다고', 0.9716140960051236), ([[129, 1291], [221, 1291], [221, 1333], [129, 1333]], '생각햇', 0.4976712167263031), ([[117, 1333], [221, 1333], [221, 1371], [117, 1371]], '습니다:.', 0.30589577336197366), ([[277.24861924323466, 842.0353639782874], [338.3827209552993, 832.3630738612202], [355.75138075676534, 963.9646360217126], [294.6172790447007, 972.6369261387798]], '도', 0.11721289305978022), ([[296.59807905039844, 1167.0161802249409], [337.9236733385713, 1163.0860578388006], [352.40192094960156, 1300.9838197750591], [311.0763266614287, 1305.9139421611994]], '#', 0.09370723341881249), ([[252.3300131534902, 1430.0321367962981], [335.9081220802843, 1496.8695800232263], [295.6699868465098, 1547.9678632037019], [212.09187791971576, 1481.1304199767737]], '버', 0.1182256812445539), ([[365.771988880309, 1583.1931655289577], [389.59922151771195, 1565.0451379831009], [429.228011119691, 1621.8068344710423], [405.40077848228805, 1638.9548620168991]], '=', 0.7650204451696005)]
[([[804, 42], [832, 42], [832, 72], [804, 72]], '선', 0.16355504490658834), ([[774.2307692307693, 410.15384615384613], [788.5352877275722, 404.07296418074014], [803.7692307692307, 437.84615384615387], [789.4647122724278, 443.92703581925986]], '"', 0.7008706826490005), ([[56.33005832890989, 977.037519127298], [133.9748569731209, 1031.4512886453256], [100.66994167109011, 1077.962480872702], [24.025143026879103, 1023.5487113546744]], '확', 0.006970477946595999)]
[([[471, 91], [535, 91], [535, 127], [471, 127]], '남자=', 0.566212606634165), ([[456, 127], [549, 127], [549, 169], [456, 169]], '냄새가', 0.9921106523595524), ([[453, 163], [545, 163], [545, 206], [453, 206]], '이렇게', 0.46840122392840067), ([[455, 201], [517, 201], [517, 241], [455, 241]], '잔뜩', 0.8054644412173303), ([[549, 1075], [641, 1075], [641, 1115], [549, 1115]], '머리가', 0.997304454134449), ([[561, 1113], [625, 1113], [625, 1153], [561, 1153]], '점점', 0.999979685279455), ([[151, 1133], [211, 1133], [211, 1203], [151, 1203]], '시', 0.5386604945493367), ([[533, 1151], [653, 1151], [653, 1189], [533, 1189]], '어지러워', 0.7431319355964661), ([[519, 1187], [643, 1187], [643, 1229], [519, 1229]], '지고있어', 0.9977718591690063), ([[917, 1271], [977, 1271], [977, 1371], [917, 1371]], '통', 0.3224332400822085), ([[957.0274673730843, 1001.0526998323749], [1144.8563327702263, 1037.398322796874], [1125.9725326269158, 1110.9473001676251], [939.1436672297735, 1074.601677203126]], '가세', 0.015382518429322901), ([[744.4643284159944, 1629.0360302783588], [805.6690473191488, 1685.4068610324748], [782.5356715840056, 1710.9639697216412], [722.3309526808512, 1655.5931389675252]], '>==', 0.11897544889245318), ([[858.3069948509526, 1629.0401557181924], [935.9949049985504, 1679.75278742274], [905.6930051490474, 1726.9598442818076], [827.0050950014496, 1676.24721257726]], '71|', 0.037980691916191044)]
[([[463, 569], [553, 569], [553, 611], [463, 611]], '잠깐]!', 0.9296079874038696), ([[98, 626], [178, 626], [178, 674], [98, 674]], '우와', 0.9843988995359314), ([[984, 638], [1074, 638], [1074, 692], [984, 692]], '옛째?', 0.07461892686208683), ([[96, 676], [176, 676], [176, 726], [96, 726]], '맛:?', 0.2335344989213387), ([[399, 655], [487, 655], [487, 781], [399, 781]], ';', 0.04128523703639808), ([[499, 935], [541, 935], [541, 979], [499, 979]], '그', 0.999964237532879), ([[456, 976], [592, 976], [592, 1026], [456, 1026]], '그쪽은]!', 0.31413221417431536), ([[267, 1009], [339, 1009], [339, 1053], [267, 1053]], '맛:?', 0.10678783804407965), ([[793.282298704529, 857.0430792475911], [836.8873307336285, 845.06597571886], [862.717701295471, 951.9569207524089], [819.1126692663715, 963.93402428114]], '속', 0.034746019655715665), ([[406.9189235553514, 1248.2189407101516], [463.71756988820755, 1202.0257785539152], [545.0810764446486, 1314.7810592898484], [488.28243011179245, 1360.9742214460848]], '쇼', 0.6144959746046119), ([[751.1261395850491, 1519.0478702239475], [805.5357076128992, 1490.017956567803], [869.8738604149509, 1625.9521297760525], [815.4642923871008, 1654.982043432197]], "'", 0.019480108725532297)]
[([[102, 178], [245, 178], [245, 246], [102, 246]], '산다]!', 0.685449481010437), ([[970, 64], [1098, 64], [1098, 228], [970, 228]], '@', 0.009575739880409773), ([[826, 234], [922, 234], [922, 364], [826, 364]], '계', 0.03426827843759228), ([[983, 267], [1025, 267], [1025, 309], [983, 309]], '그', 0.9999940395444042), ([[977, 309], [1063, 309], [1063, 353], [977, 353]], '만뒤!', 0.9447953938303219), ([[242, 606], [268, 606], [268, 636], [242, 636]], "'사", 0.08053742929838945), ([[343.8038311742151, 160.07179874598523], [410.6276906152327, 122.01971921780009], [482.1961688257849, 262.92820125401477], [416.3723093847673, 300.9802807821999]], '통', 0.15893084442925343), ([[169.2562854188427, 767.5587995863798], [216.54348726628257, 735.4275212228624], [230.7437145811573, 758.4412004136202], [183.45651273371743, 790.5724787771376]], '7', 0.48160936884882233)]
[([[365, 449], [467, 449], [467, 487], [365, 487]], '지, 지금', 0.6275254284092887), ([[359, 479], [472, 479], [472, 524], [359, 524]], '민감하니', 0.9818708896636963), ([[378, 522], [454, 522], [454, 550], [378, 550]], '까: !!', 0.5610844417765857), ([[1048, 500], [1080, 500], [1080, 544], [1048, 544]], '"', 0.6883067346466873), ([[148, 752], [214, 752], [214, 784], [148, 784]], '그 !', 0.5938212579866661), ([[139, 787], [223, 787], [223, 825], [139, 825]], '그렇게', 0.9656432017470206), ([[103, 821], [235, 821], [235, 859], [103, 859]], '빨아대면 .', 0.5630886850248206), ([[1023, 923], [1083, 923], [1083, 993], [1023, 993]], '다', 0.2346071593130441), ([[1020, 1004], [1068, 1004], [1068, 1064], [1020, 1064]], '세', 0.03869698948684519), ([[973.4872536463122, 1247.0263603692285], [1011.945907560735, 1241.0902893276136], [1027.5127463536878, 1353.9736396307715], [989.054092439265, 1359.9097106723864]], '분', 0.016063037332347818)]
[([[977, 628], [1089, 628], [1089, 668], [977, 668]], '입만으로', 0.9966229796409607), ([[967, 667], [1103, 667], [1103, 703], [967, 703]], '싸버리다니', 0.9911656861402504), ([[967, 701], [1101, 701], [1101, 739], [967, 739]], '팔팔하네요', 0.8463317074333039), ([[169, 803], [257, 803], [257, 839], [169, 839]], '그거야', 0.9998946977042427), ([[183, 839], [241, 839], [241, 875], [183, 875]], '선생', 0.9999391404931851), ([[167, 875], [257, 875], [257, 911], [167, 911]], '솜씨가', 0.5365469777797184), ([[155, 909], [253, 909], [253, 947], [155, 947]], '좋아서:.', 0.5760831283599559), ([[874, 1388], [954, 1388], [954, 1418], [874, 1418]], '아직:.', 0.8932392597198486), ([[881, 1419], [949, 1419], [949, 1457], [881, 1457]], '할수', 0.4374551991440878), ([[879, 1455], [953, 1455], [953, 1493], [879, 1493]], '잎조?', 0.13563331169518747), ([[18, 1598], [50, 1598], [50, 1628], [18, 1628]], '18', 1.0)]
[([[778, 84], [848, 84], [848, 134], [778, 134]], '옷!!', 0.3476666054198043), ([[115, 93], [327, 93], [327, 301], [115, 301]], '낚', 0.008086114098425023), ([[686, 332], [726, 332], [726, 358], [686, 358]], '기1시1', 0.07774630934000015), ([[951, 587], [1061, 587], [1061, 623], [951, 623]], '아까부터', 0.9723790884017944), ([[938, 621], [1077, 621], [1077, 661], [938, 661]], '치사합니다', 0.7959122094247172), ([[972, 660], [1044, 660], [1044, 692], [972, 692]], '그려?', 0.997870704860407), ([[205, 1097], [315, 1097], [315, 1135], [205, 1135]], '이번에는', 0.7930155992507935), ([[197, 1133], [325, 1133], [325, 1169], [197, 1169]], '내가 힘 좀', 0.99570537489476), ([[201, 1169], [321, 1169], [321, 1205], [201, 1205]], '씨물 차례', 0.49171327217301203), ([[207, 1203], [291, 1203], [291, 1239], [207, 1239]], '같으데', 0.45600674388403706), ([[1142, 1568], [1172, 1568], [1172, 1594], [1142, 1594]], '19', 0.500054669841971), ([[805.2117748398972, 1313.0389258829614], [917.9706216097494, 1365.3150247054123], [886.7882251601028, 1429.9610741170386], [774.0293783902506, 1377.6849752945877]], '7', 0.06424906721400703)]
[([[167, 234], [290, 234], [290, 285], [167, 285]], '오오옷!!', 0.6806972282946641), ([[1026, 164], [1128, 164], [1128, 294], [1026, 294]], '때', 0.7624452415353176), ([[163, 280], [296, 280], [296, 324], [163, 324]], '꽉 끼네!', 0.9592043561344789), ([[718, 1306], [790, 1306], [790, 1354], [718, 1354]], '엄청', 0.992290381208143), ([[717, 1353], [789, 1353], [789, 1397], [717, 1397]], '조여', 0.999064636728919), ([[690, 1396], [822, 1396], [822, 1444], [690, 1444]], '오는데!', 0.5988947749137878), ([[574, 1454], [628, 1454], [628, 1514], [574, 1514]], '0', 0.6450723236320677), ([[522, 1570], [670, 1570], [670, 1714], [522, 1714]], '', 0.0), ([[837, 1593], [949, 1593], [949, 1703], [837, 1703]], '벼', 0.025909988861499755), ([[312.7253751787238, 1149.1170259651087], [356.59110153680325, 1117.0250018657214], [424.2746248212762, 1216.8829740348913], [381.40889846319675, 1248.9749981342786]], '틈', 0.1503272519314578)]
[([[84, 88], [170, 88], [170, 114], [84, 114]], '앗! 무로이', 0.5446711457803983), ([[98, 110], [154, 110], [154, 136], [98, 136]], '선생님', 0.9998591843238325), ([[88, 132], [166, 132], [166, 158], [88, 158]], '늦은 밤에', 0.9244691356787402), ([[82, 154], [172, 154], [172, 180], [82, 180]], '죄송합니다', 0.7340627245860593), ([[640, 144], [702, 144], [702, 200], [640, 200]], '햄께', 0.005591020680561202), ([[64, 362], [106, 362], [106, 386], [64, 386]], '하아.', 0.5869202898744641), ([[70, 384], [108, 384], [108, 408], [70, 408]], '부끄', 0.9886174180234932), ([[363, 389], [399, 389], [399, 409], [363, 409]], '보건', 0.9988628988879468), ([[70, 406], [108, 406], [108, 432], [70, 432]], '/네', 0.1854541369098798), ([[338, 408], [424, 408], [424, 432], [338, 432]], '성생님에게', 0.34078465664455954), ([[346, 428], [416, 428], [416, 452], [346, 452]], '들엿는데', 0.25527626276016235), ([[317, 445], [440, 445], [440, 472], [317, 472]], '[오오타 선생넘이', 0.4547264566437281), ([[346, 466], [416, 466], [416, 492], [346, 492]], '줄념기틀', 0.19219884276390076), ([[338, 488], [426, 488], [426, 512], [338, 512]], '못하다는게', 0.5770274847457032), ([[329, 508], [431, 508], [431, 532], [329, 532]], '정말인가요!?', 0.5734265709419548), ([[63, 583], [127, 583], [127, 685], [63, 685]], '', 0.0), ([[391, 631], [433, 631], [433, 677], [391, 677]], '잘독', 0.1137201411432595), ([[76, 676], [114, 676], [114, 700], [76, 700]], '해요', 0.999988873250124), ([[385, 677], [441, 677], [441, 697], [385, 697]], '교사가', 0.6519836187362671), ([[376, 696], [446, 696], [446, 722], [376, 722]], '되섞네요', 0.12337162345647812), ([[604, 836], [630, 836], [630, 864], [604, 864]], '터', 0.8876826692394424), ([[350, 836], [404, 836], [404, 934], [350, 934]], '', 0.0), ([[679, 887], [703, 887], [703, 907], [679, 907]], '자', 0.9999604229074635), ([[43, 883], [341, 883], [341, 973], [43, 973]], '#오억 #회', 0.03566119018898778), ([[660, 904], [722, 904], [722, 954], [660, 954]], '어모해', 0.08958091809101933), ([[653, 920], [724, 920], [724, 982], [653, 982]], '열치다', 0.15403354167938232), ([[89, 979], [289, 979], [289, 1023], [89, 1023]], '<체육 준비실>', 0.7018987062752625), ([[625.5214379667788, 995.0229548544986], [661.4019209496015, 985.0161802249407], [694.4785620332212, 1108.9770451455015], [658.5980790503985, 1118.9838197750591]], '8', 0.005556215548521648)]
[([[973, 149], [1035, 149], [1035, 185], [973, 185]], '안돼', 0.5451926623255943), ([[991, 183], [1051, 183], [1051, 219], [991, 219]], '벌써', 0.9999422593058034), ([[969, 217], [1075, 217], [1075, 255], [969, 255]], '나온다]!', 0.39208942460654844), ([[439, 239], [569, 239], [569, 299], [439, 299]], '산다]!', 0.6525714993476868), ([[937, 447], [973, 447], [973, 487], [937, 487]], '또', 0.4606244262203205), ([[916, 488], [1024, 488], [1024, 536], [916, 536]], '뜨거운', 0.8520092170466866), ([[914, 534], [1026, 534], [1026, 582], [914, 582]], '액체가', 0.9945180002395143), ([[902, 580], [1038, 580], [1038, 628], [902, 628]], '들어오고', 0.9739484190940857), ([[921, 627], [1021, 627], [1021, 671], [921, 671]], '있어!', 0.6528277587618745), ([[528, 1176], [584, 1176], [584, 1224], [528, 1224]], '네', 0.041452088005398346), ([[1007, 1229], [1067, 1229], [1067, 1319], [1007, 1319]], "'1", 0.8128738266207739), ([[417, 1413], [471, 1413], [471, 1451], [417, 1451]], '나:.', 0.6975789617395202), ([[415, 1453], [485, 1453], [485, 1497], [415, 1497]], '나도', 0.9999924978692074), ([[403, 1499], [501, 1499], [501, 1543], [403, 1543]], '나와]!', 0.3253343403339386), ([[962, 1516], [1018, 1516], [1018, 1588], [962, 1588]], '7', 0.8914281718934944), ([[1128, 1556], [1156, 1556], [1156, 1582], [1128, 1582]], '21', 0.9999195847600872), ([[330.01968112665674, 58.04010974521225], [416.4179399046322, 31.246125463593412], [462.98031887334326, 203.95989025478775], [375.5820600953678, 229.75387453640658]], '@', 0.7790218115934664), ([[586.219428607749, 1386.0381717990401], [678.0, 1445.0], [639.780571392251, 1503.9618282009599], [548.0, 1445.0]], '음', 0.019562438047850073), ([[15.778530608376514, 1499.0832734411485], [71.64581289938678, 1466.0232006985236], [137.2214693916235, 1589.9167265588515], [81.35418710061322, 1622.9767993014764]], '켓', 0.005126748500592138)]
[([[976, 162], [1070, 162], [1070, 212], [976, 212]], '쌀 수', 0.926945021275426), ([[964, 210], [1062, 210], [1062, 262], [964, 262]], '없다:', 0.674369847528569), ([[555, 1389], [621, 1389], [621, 1431], [555, 1431]], '종만', 0.7863627632184844), ([[541, 1429], [635, 1429], [635, 1471], [541, 1471]], '더하면', 0.9999412232412648), ([[553, 1469], [627, 1469], [627, 1511], [553, 1511]], '쌀 것', 0.9842312932014465), ([[521, 1507], [617, 1507], [617, 1551], [521, 1551]], '같으데', 0.45453370375325863), ([[38, 1558], [70, 1558], [70, 1586], [38, 1586]], '22', 0.9999992413568111), ([[76.63295867437121, 992.0074875220948], [144.23437752627808, 985.0850511991027], [173.36704132562878, 1254.9925124779052], [105.76562247372192, 1262.9149488008973]], '7', 0.023271974398380246), ([[102.5344130167474, 1471.0769236591004], [179.58771674177325, 1399.012341545797], [338.4655869832526, 1593.9230763408996], [261.41228325822675, 1664.987658454203]], '#', 0.31631854784342295), ([[829.1002839280849, 1426.0337762435288], [954.7516607421697, 1486.5713234466182], [906.8997160719151, 1582.9662237564712], [781.2483392578303, 1522.4286765533818]], '', 0.0)]
[([[430, 410], [542, 410], [542, 464], [430, 464]], '우왕]', 0.03690011449488702), ([[933, 489], [1021, 489], [1021, 529], [933, 529]], '후우~', 0.9976746107314604), ([[61, 961], [127, 961], [127, 1003], [61, 1003]], '옛!?', 0.4118164854194417), ([[445, 1375], [459, 1375], [459, 1399], [445, 1399]], '2', 0.9279936083082454), ([[469, 1389], [595, 1389], [595, 1433], [469, 1433]], '싸고싶어', 0.9847791790962219), ([[1011, 1385], [1097, 1385], [1097, 1423], [1011, 1423]], '갑자기', 0.9803674221038818), ([[997, 1421], [1107, 1421], [1107, 1459], [997, 1459]], '왜그러논', 0.4157973825931549), ([[195, 1461], [231, 1461], [231, 1479], [195, 1479]], '() )', 0.0098714679479599), ([[999, 1455], [1109, 1455], [1109, 1493], [999, 1493]], '겁니까:?', 0.5429941986406543), ([[67.12641171019781, 486.03184042971014], [198.95958658549307, 559.0159833822063], [149.87358828980217, 646.9681595702898], [17.04041341450693, 573.9840166177937]], '*', 0.07435876235787475), ([[430.27164295927076, 1308.0668719800622], [460.997736944133, 1302.126433040425], [472.72835704072924, 1369.9331280199378], [442.002263055867, 1375.873566959575]], '?', 0.33802926030205427)]
[([[657, 185], [753, 185], [753, 227], [657, 227]], '잠깐:?', 0.20160804688930511), ([[425, 299], [543, 299], [543, 341], [425, 341]], '잠깐만] !', 0.5823112699803257), ([[1057, 271], [1123, 271], [1123, 419], [1057, 419]], ';', 0.019913975889992663), ([[825, 423], [889, 423], [889, 505], [825, 505]], '9', 0.3657903769374258), ([[845, 561], [937, 561], [937, 679], [845, 679]], '쥐', 0.040822191497401406), ([[912, 622], [1014, 622], [1014, 734], [912, 734]], '[;', 0.018998591881014364), ([[146, 804], [178, 804], [178, 836], [146, 836]], '이', 0.999953032091426), ([[127, 840], [224, 840], [224, 884], [127, 884]], '이제는', 0.8951524375735532), ([[103, 881], [252, 881], [252, 923], [103, 923]], '무리라고밥', 0.13454084501358557), ([[450, 1000], [486, 1000], [486, 1032], [450, 1032]], '아', 0.99991285990777), ([[449, 1039], [513, 1039], [513, 1077], [449, 1077]], '아픔', 0.23888812217927463), ([[433, 1077], [501, 1077], [501, 1117], [433, 1117]], '뿐이', 0.8330378454411475), ([[427, 1117], [535, 1117], [535, 1159], [427, 1159]], '라니까!', 0.7342146635055542), ([[99, 1368], [207, 1368], [207, 1412], [99, 1412]], '나오지', 0.9997882268935538), ([[86, 1412], [162, 1412], [162, 1462], [86, 1462]], '않논', 0.13522973049433398), ([[114, 1458], [224, 1458], [224, 1508], [114, 1508]], '어라]?', 0.30663904547691345), ([[20, 1516], [56, 1516], [56, 1546], [20, 1546]], '24', 0.9999695103589458), ([[1036, 1461], [1124, 1461], [1124, 1647], [1036, 1647]], '%', 0.009961210031975476), ([[770, 1650], [826, 1650], [826, 1721], [770, 1721]], '#', 0.29381878839913966)]
[([[77, 31], [141, 31], [141, 109], [77, 109]], '[', 0.08550788764925787), ([[587, 44], [910, 44], [910, 183], [587, 183]], "{곧규'", 0.00152451335452497), ([[997, 141], [1085, 141], [1085, 183], [997, 183]], '뭐;  끓', 0.09952272981547321), ([[979, 181], [1087, 181], [1087, 221], [979, 221]], '문가가깝', 0.1072007268667221), ([[444, 302], [526, 302], [526, 356], [444, 356]], '희이', 0.18875632938176506), ([[603, 281], [701, 281], [701, 343], [603, 343]], '계속', 0.9999656083448327), ([[424, 352], [546, 352], [546, 402], [424, 402]], '이익진!!', 0.22959303043440907), ([[583, 339], [723, 339], [723, 401], [583, 401]], '나와든?', 0.26242029666900635), ([[109, 1409], [197, 1409], [197, 1505], [109, 1505]], '3', 0.04477024906373117), ([[654, 1526], [742, 1526], [742, 1606], [654, 1606]], '8', 0.014926452230801468), ([[1134, 1570], [1166, 1570], [1166, 1598], [1134, 1598]], '25', 0.99999452091409)]
[([[1082, 94], [1176, 94], [1176, 146], [1082, 146]], '아아', 0.9999060138214948), ([[1086, 150], [1166, 150], [1166, 198], [1086, 198]], '아뇨!', 0.5380180962880752), ([[109, 317], [207, 317], [207, 359], [109, 359]], '안쪽이', 0.8867828804553136), ([[109, 357], [209, 357], [209, 399], [109, 399]], '가득차', 0.9988759575292973), ([[123, 395], [190, 395], [190, 440], [123, 440]], '버클', 0.40075715483508456), ([[113, 439], [207, 439], [207, 479], [113, 479]], '만큼: ;', 0.2435014167540141), ([[173, 595], [235, 595], [235, 661], [173, 661]], '네', 0.24749797916765548), ([[977, 625], [1073, 625], [1073, 667], [977, 667]], '이렇게', 0.875400246072471), ([[977, 665], [1073, 665], [1073, 707], [977, 707]], '기분이', 0.9995326205603652), ([[977, 703], [1073, 703], [1073, 747], [977, 747]], '중은데', 0.548614753986111), ([[432, 946], [464, 946], [464, 982], [432, 982]], '왜', 0.9992515057749642), ([[398, 978], [500, 978], [500, 1026], [398, 1026]], '쌀수가', 0.9376822055827663), ([[401, 1023], [497, 1023], [497, 1065], [401, 1065]], '없지:?', 0.3159908950328827), ([[569, 1217], [651, 1217], [651, 1283], [569, 1283]], '~', 0.22410789553219956), ([[786, 1270], [994, 1270], [994, 1348], [786, 1348]], '4{가', 0.08010239680782288), ([[607, 1387], [1101, 1387], [1101, 1497], [607, 1497]], '11+) 3금>', 0.026418742772988776), ([[511, 1493], [742, 1493], [742, 1582], [511, 1582]], '수5 기품', 0.03575620723621231), ([[272.6905540855465, 460.09576778171635], [332.6697793233946, 427.024957066512], [391.3094459144535, 545.9042322182837], [332.3302206766054, 578.975042933488]], '초', 0.09993172167845898), ([[888.1921000138062, 959.0233302388477], [991.8544405769627, 939.5410517558516], [1026.8078999861937, 1159.9766697611524], [923.1455594230373, 1179.4589482441484]], '꿀', 0.15106529358355747), ([[1099.3718912928916, 1076.0329672824716], [1141.4784713336974, 1061.0191083287832], [1181.6281087071084, 1182.9670327175284], [1138.5215286663026, 1197.9808916712168]], '길', 0.035238636439196336), ([[188.07899166023174, 1466.1448741467184], [206.48532508119945, 1451.0395170046834], [248.92100833976826, 1502.8551258532816], [230.51467491880055, 1517.9604829953166]], '"', 0.12461921542694654)]
[([[500, 106], [532, 106], [532, 180], [500, 180]], '벼', 0.2054849961842251), ([[527, 45], [785, 45], [785, 225], [527, 225]], '비오웃', 0.15609122214284923), ([[56, 242], [308, 242], [308, 370], [56, 370]], '산다]!', 0.25759339332580566), ([[931, 595], [1063, 595], [1063, 707], [931, 707]], '빛;', 0.2642729689270803), ([[321, 649], [363, 649], [363, 763], [321, 763]], '"', 0.05776933690220809), ([[713, 931], [803, 931], [803, 1057], [713, 1057]], "'나", 0.09021062998444795), ([[754, 1032], [804, 1032], [804, 1090], [754, 1090]], '0멘', 0.004227193595875073), ([[875, 1123], [1038, 1123], [1038, 1197], [875, 1197]], '앞다아', 0.3337398617463944), ([[885, 1195], [1029, 1195], [1029, 1257], [885, 1257]], '아앗]', 0.3080028295516968), ([[879, 1257], [1033, 1257], [1033, 1325], [879, 1325]], '드디어', 0.9998911876533043), ([[878, 1318], [1034, 1318], [1034, 1392], [878, 1392]], '나앉어', 0.6008389277543441), ([[881, 1389], [1029, 1389], [1029, 1453], [881, 1453]], '어어어', 0.35882471165578256), ([[450.3170000317804, 637.0334003241601], [497.51332010125236, 620.0188466229677], [541.6829999682196, 752.9665996758399], [494.48667989874764, 769.9811533770323]], '딸', 0.0021404228655259733)]
[([[877, 219], [1081, 219], [1081, 285], [877, 285]], '재미있군', 0.9005814790725708), ([[653, 671], [737, 671], [737, 709], [653, 709]], '이렇게', 0.9315925211939057), ([[640, 706], [750, 706], [750, 742], [640, 742]], '간단하게', 0.9983457326889038), ([[640, 740], [748, 740], [748, 776], [640, 776]], '걸러버길', 0.15158139169216156), ([[663, 775], [723, 775], [723, 813], [663, 813]], '줄은', 0.7466148702997703), ([[455, 825], [515, 825], [515, 865], [455, 865]], '중은', 0.3091581147276548), ([[627, 811], [741, 811], [741, 849], [627, 849]], '몰컷는데:', 0.09192760693164657), ([[431, 861], [543, 861], [543, 899], [431, 899]], '장난감이', 0.9973085522651672), ([[413, 897], [559, 897], [559, 935], [413, 935]], '손에 들어온', 0.6164597232645627), ([[403, 933], [573, 933], [573, 969], [403, 969]], '만큼 당분간은', 0.9222193299899295), ([[431, 967], [543, 967], [543, 1003], [431, 1003]], '지루하지', 0.9996904730796814), ([[407, 999], [567, 999], [567, 1039], [407, 1039]], '않울 것 같아', 0.6132634364923047), ([[417, 1235], [491, 1235], [491, 1299], [417, 1299]], '7', 0.3479799904802441), ([[1035, 1397], [1147, 1397], [1147, 1433], [1035, 1433]], '꿈속에서', 0.9773630499839783), ([[1062, 1434], [1118, 1434], [1118, 1466], [1062, 1466]], '계속', 0.9458338258028897), ([[1049, 1467], [1133, 1467], [1133, 1505], [1049, 1505]], '이렇게', 0.9528816614829566), ([[1037, 1503], [1147, 1503], [1147, 1539], [1037, 1539]], '가버리게', 0.9995253682136536), ([[1035, 1537], [1145, 1537], [1145, 1575], [1035, 1575]], '해줄테니', 0.6207268834114075), ([[1049, 1573], [1111, 1573], [1111, 1609], [1049, 1609]], '말야:', 0.6225024122251998)]
[([[172, 1496], [401, 1496], [401, 1616], [172, 1616]], '여자양-', 0.05095065012574196), ([[274, 1568], [946, 1568], [946, 1647], [274, 1647]], '다음은 어떤 놀이름해올까-', 0.5121787820740918), ([[330, 1632], [482, 1632], [482, 1729], [330, 1729]], '바', 0.10377766030774538), ([[1076.1067444385465, 1325.050025503064], [1137.9854618380673, 1309.2502941159307], [1164.8932555614535, 1429.949974496936], [1103.0145381619327, 1445.7497058840693]], '꼴', 0.04119469697366207)]
[([[163, 203], [301, 203], [301, 245], [163, 245]], '작가의 말', 0.9995952669127217), ([[123, 283], [1059, 283], [1059, 327], [123, 327]], '안녕하십니까, 미즈키입니다. 이번에 게임 이 늦어지논 바람애 급하게', 0.5017666694635454), ([[123, 325], [261, 325], [261, 367], [123, 367]], '싶터 지난', 0.04253690262658169), ([[275, 320], [984, 320], [984, 370], [275, 370]], "'.물8어/] 에 이은 최면올 소재로 한 이야기입니다.", 0.08363734022761714), ([[122, 380], [918, 380], [918, 429], [122, 429]], '이번에는 의식해서 이런저런 새로운 것에 도전해 보앞지만 ,', 0.45692448048067236), ([[123, 425], [591, 425], [591, 467], [123, 467]], '아무래도 변화가 눈에 뜨지 않논듯', 0.5840654571082118), ([[121, 480], [998, 480], [998, 528], [121, 528]], '시오후키에도 도전해보앗지만 잘 소화시키지 못한 느낌   이락까,', 0.19276591426699025), ([[125, 523], [911, 523], [911, 567], [125, 567]], '잘 모르켓지만 그다지 야한 느낌이 살지 양있습니다 (눈물)', 0.4317163225785837), ([[127, 582], [1119, 582], [1119, 627], [127, 627]], '다시 시간이 된다면 계속되논 이야기틀 그리고 싶다고 생각하고 있습나다,', 0.35854618924649784), ([[121, 624], [363, 624], [363, 667], [121, 667]], '(계속되논 건가?)', 0.7462271830848939), ([[903, 735], [1071, 735], [1071, 777], [903, 777]], '미즈키 가이', 0.9938835186979116), ([[846, 870], [1086, 870], [1086, 900], [846, 900]], '채내:.신토 (7 7 거 *)', 0.00240973634024205), ([[498, 908], [630, 908], [630, 988], [498, 988]], '넷사', 0.7724115931349783), ([[1034, 974], [1086, 974], [1086, 1002], [1034, 1002]], '새뉴', 0.004477023092531863), ([[154, 1068], [460, 1068], [460, 1124], [154, 1124]], '20120812', 0.9991354554584231), ([[154, 1154], [270, 1154], [270, 1210], [154, 1210]], '.곁:', 0.05084203176737214), ([[153, 1233], [359, 1233], [359, 1293], [153, 1293]], '국러주 기대회', 0.091826630808529), ([[388, 1236], [446, 1236], [446, 1290], [388, 1290]], '뼈', 0.10375331440841151), ([[158, 1328], [794, 1328], [794, 1384], [158, 1384]], "4-그독'예7-:응구표", 4.718232531070445e-05), ([[156, 1418], [886, 1418], [886, 1472], [156, 1472]], '룹++오:|이덕/하,+슷하먼명샌 굽리7명/', 1.7149817077413579e-06), ([[154, 1502], [806, 1502], [806, 1550], [154, 1550]], ',<0포하채시미:떼화 18#;#-50', 2.392655059604822e-05), ([[151, 1544], [630, 1544], [630, 1596], [151, 1596]], '# _비-당2 품#뼈니:화 .', 0.0002995594109846522), ([[152, 1592], [1024, 1592], [1024, 1640], [152, 1640]], '총소{-9크)돌이#"3+*"7-기)가다-_숲', 0.0006812064780234555), ([[154, 1638], [574, 1638], [574, 1686], [154, 1686]], '0-위지|규#-(78가:화 ', 0.00012699970627320665)]
[([[339, 113], [377, 113], [377, 133], [339, 133]], '아니', 0.9999638381954854), ([[330, 132], [386, 132], [386, 158], [330, 158]], '누군가', 0.9945422777999222), ([[645, 117], [703, 117], [703, 153], [645, 153]], '그래서', 0.9999234664192438), ([[330, 154], [384, 154], [384, 180], [330, 180]], '본다면', 0.9943174554971628), ([[328, 176], [384, 176], [384, 202], [328, 202]], '비웃올', 0.6102623871250347), ([[625, 191], [647, 191], [647, 211], [625, 211]], '왜', 0.9997680321763625), ([[328, 198], [384, 198], [384, 222], [328, 222]], '거라고', 0.9957208321570847), ([[320, 220], [394, 220], [394, 246], [320, 246]], '생각해서', 0.999871015548706), ([[598, 210], [674, 210], [674, 236], [598, 236]], '이런 좁은', 0.995838581717418), ([[616, 234], [656, 234], [656, 258], [616, 258]], '방에', 0.9669648315806812), ([[600, 254], [674, 254], [674, 280], [600, 280]], '있습니까', 0.9721811413764954), ([[661, 527], [681, 527], [681, 549], [661, 549]], '뭐', 0.999999046325911), ([[385, 549], [445, 549], [445, 567], [385, 567]], '꼬마하*~', 0.06761392152312533), ([[622, 548], [720, 548], [720, 572], [622, 572]], '어절 수 없네', 0.7678096271793673), ([[385, 571], [445, 571], [445, 589], [385, 589]], '꼬마하*~', 0.18797563687655006), ([[642, 570], [700, 570], [700, 594], [642, 594]], '그러면', 0.9998578766638261), ([[628, 590], [716, 590], [716, 618], [628, 618]], '시작합시다', 0.9991294766839601), ([[68, 740], [112, 740], [112, 764], [68, 764]], '.저기', 0.7942036286526041), ([[56, 760], [118, 760], [118, 784], [56, 784]], '그 구호', 0.431740661434681), ([[58, 782], [118, 782], [118, 808], [58, 808]], '없이 할', 0.9606259068105656), ([[546, 792], [584, 792], [584, 816], [546, 816]], '넷!', 0.975968111824765), ([[50, 804], [126, 804], [126, 830], [50, 830]], '수 없나요', 0.9992631425899835), ([[380, 918], [438, 918], [438, 942], [380, 942]], '어절 수', 0.6248807311058044), ([[378, 940], [442, 940], [442, 966], [378, 966]], '없잡아!', 0.951043963432312), ([[74, 972], [148, 972], [148, 998], [74, 998]], '그것보다', 0.9992582201957703), ([[390, 962], [428, 962], [428, 988], [390, 988]], '그런', 0.9999490026941775), ([[390, 982], [428, 982], [428, 1008], [390, 1008]], '규칙', 0.9999571790704471), ([[72, 994], [150, 994], [150, 1020], [72, 1020]], '빨리 들어', 0.9800306415044111), ([[374, 1006], [446, 1006], [446, 1030], [374, 1030]], '이니까!!', 0.8768660935202651), ([[84, 1018], [138, 1018], [138, 1042], [84, 1042]], '와요!', 0.600769372079929)]
[([[33, 1553], [826, 1553], [826, 1656], [33, 1656]], '틈들-47후)맘', 3.663778732180726e-05), ([[676.4816015659757, 1032.0451289260611], [697.3588506477355, 1019.0215396237955], [741.5183984340243, 1094.9548710739389], [719.6411493522645, 1107.9784603762043]], '"', 0.06893918296708623)]
[([[247, 7], [283, 7], [283, 19], [247, 19]], '[어', 0.0030829450894862584), ([[119, 15], [197, 15], [197, 51], [119, 51]], '4소', 0.052166498862551786), ([[249, 17], [281, 17], [281, 35], [249, 35]], '없18', 0.08778782432497696), ([[11, 45], [89, 45], [89, 65], [11, 65]], '턱3-', 0.0010706058802625739), ([[97, 45], [125, 45], [125, 65], [97, 65]], '교', 0.6768375846076005), ([[131, 43], [239, 43], [239, 85], [131, 85]], '규익', 0.005313142772769614), ([[301, 379], [501, 379], [501, 409], [301, 409]], '맛)-장,-후:몸꾸표', 5.910724857708624e-07)]
[([[384, 128], [448, 128], [448, 152], [384, 152]], '아아야', 0.5723299773932603), ([[506, 108], [650, 108], [650, 434], [506, 434]], '#', 0.7012965924687364), ([[540, 590], [614, 590], [614, 614], [540, 614]], '그러니까', 0.9998054504394531), ([[550, 612], [602, 612], [602, 636], [550, 636]], '"지금"', 0.9999409317970276), ([[549, 635], [603, 635], [603, 655], [549, 655]], '이라고', 0.9996771464904344), ([[532, 656], [620, 656], [620, 680], [532, 680]], '들어오라고', 0.99975188224871), ([[528, 678], [622, 678], [622, 704], [528, 704]], '말해 달라고', 0.9972112549815122), ([[532, 700], [620, 700], [620, 726], [532, 726]], '햇잡아요!!', 0.8112605287890632), ([[240, 766], [280, 766], [280, 790], [240, 790]], '미안', 0.9997938238428794), ([[232, 788], [288, 788], [288, 814], [232, 814]], '합니다', 0.8432820337711812)]
[([[320, 120], [350, 120], [350, 144], [320, 144]], '아!', 0.9266697529574808), ([[316, 142], [356, 142], [356, 168], [316, 168]], '죄송', 0.9179720844692809), ([[300, 164], [372, 164], [372, 190], [300, 190]], '합니다! !', 0.8878650258798877), ([[76, 200], [120, 200], [120, 224], [76, 224]], '저기.', 0.5024872869282441), ([[54, 222], [150, 222], [150, 248], [54, 248]], '어쩐지 줄이', 0.995844497578639), ([[58, 244], [146, 244], [146, 270], [58, 270]], '엉켜버려서', 0.8371262566207535), ([[670, 236], [710, 236], [710, 262], [670, 262]], '빨리', 0.999993087923841), ([[661, 261], [699, 261], [699, 281], [661, 281]], '비켜', 0.8968894110954568), ([[652, 280], [708, 280], [708, 304], [652, 304]], '주세요', 0.9870666265487671), ([[658, 420], [714, 420], [714, 444], [658, 444]], '에앗!!', 0.6186640858650208), ([[637, 439], [732, 439], [732, 467], [637, 467]], '그래서 이런', 0.9997740315216221), ([[127, 457], [151, 457], [151, 477], [127, 477]], '지', 0.9992254088831807), ([[636, 462], [732, 462], [732, 490], [636, 490]], '좁은 방에서', 0.6052474445977211), ([[107, 474], [184, 474], [184, 505], [107, 505]], '지금 풀고', 0.6225761816844765), ([[660, 486], [716, 486], [716, 510], [660, 510]], '하느게', 0.6998256170433649), ([[118, 500], [174, 500], [174, 524], [118, 524]], '있으니', 0.9586798650226717), ([[634, 508], [732, 508], [732, 534], [634, 534]], '아니엎는데.', 0.3345627119160248), ([[118, 522], [168, 522], [168, 546], [118, 546]], '까요', 0.9986802159349304), ([[110, 616], [434, 616], [434, 672], [110, 672]], '수수-3-)', 0.4470947513000505), ([[459, 623], [661, 623], [661, 661], [459, 661]], '1-93-)', 0.18710336770464298), ([[670, 628], [758, 628], [758, 656], [670, 656]], '[당동냉동]', 0.6860594775395017), ([[43, 705], [185, 705], [185, 745], [43, 745]], '수-/ 그', 0.039553669422388034), ([[401, 705], [729, 705], [729, 765], [401, 765]], '+필스)그=;', 0.0022223281584047567), ([[430, 790], [460, 790], [460, 824], [430, 824]], '@', 0.7171991030138578), ([[610, 830], [660, 830], [660, 854], [610, 854]], '어탓?', 0.5430133288239102), ([[596, 852], [674, 852], [674, 876], [596, 876]], '이런 밤에', 0.9296634225216464), ([[590, 872], [680, 872], [680, 900], [590, 900]], '종소리라니', 0.999508075754066), ([[598, 896], [672, 896], [672, 922], [598, 922]], '이상하네', 0.9996672868728638), ([[88, 955], [143, 955], [143, 1097], [88, 1097]], '%', 0.03674000535132027), ([[488, 941], [526, 941], [526, 1059], [488, 1059]], '"', 0.7575433672869281)]
[([[167, 139], [453, 139], [453, 375], [167, 375]], '커1', 0.07410383113322061), ([[336, 610], [400, 610], [400, 636], [336, 636]], '무로 9', 0.8175287246704102), ([[330, 636], [394, 636], [394, 662], [330, 662]], '선 생님', 0.6349561679620955), ([[674, 706], [748, 706], [748, 738], [674, 738]], '에옛!?', 0.5304152965545654), ([[456, 866], [516, 866], [516, 896], [456, 896]], '잠시!', 0.9090274803269763), ([[172, 896], [234, 896], [234, 922], [172, 922]], '사 실온', 0.6397319370817792), ([[450, 894], [522, 894], [522, 920], [450, 920]], '오오타', 0.46216726303100586), ([[172, 922], [236, 922], [236, 946], [172, 946]], '전부터', 0.9066184797020262), ([[440, 918], [534, 918], [534, 950], [440, 950]], '선생님!?', 0.840682043133586), ([[180, 948], [228, 948], [228, 972], [180, 972]], '계소', 0.9550966298783001), ([[446, 946], [526, 946], [526, 978], [446, 978]], '뭐 하는', 0.43569556510489116), ([[170, 974], [234, 974], [234, 998], [170, 998]], '무로 9', 0.4163632094860077), ([[450, 972], [524, 972], [524, 1004], [450, 1004]], '겁니까', 0.9635247562187264), ([[172, 1000], [236, 1000], [236, 1024], [172, 1024]], '선 생님', 0.7040632279726007), ([[617, 1003], [659, 1003], [659, 1051], [617, 1051]], '대', 0.11559773269811391), ([[677.2648405679842, 1006.0452086006713], [738.8521627700562, 1060.6762965162968], [703.7351594320158, 1098.9547913993285], [643.1478372299438, 1044.3237034837032]], '7^', 0.7819823935937155)]
