2510913
109
[([[203, 114], [530, 114], [530, 170], [203, 170]], '폐플렉-돌깊어미)', 0.0016410612307771544), ([[201, 155], [525, 155], [525, 224], [201, 224]], '@의입어주일로5', 0.03702929271083646)]
[]
[]
[([[602, 394], [1270, 394], [1270, 470], [602, 470]], '양 0응 {응 이앗  응', 0.05589766731414056), ([[588, 542], [1282, 542], [1282, 622], [588, 622]], '어리?   아페합-서접화야 ', 0.026588020704513476), ([[707, 695], [1159, 695], [1159, 769], [707, 769]], '떠여 여보요"?', 0.18791061261043665)]
[([[1597, 83], [1825, 83], [1825, 145], [1597, 145]], '어때 경과는?', 0.9188446331202609), ([[1599, 197], [1807, 197], [1807, 263], [1599, 263]], '예에 굉장히', 0.945963058867509), ([[1563, 255], [1821, 255], [1821, 321], [1563, 321]], '순조로워] 응', 0.21225898050859393), ([[1582, 308], [1834, 308], [1834, 380], [1582, 380]], '세선생감들도', 0.25057348793429063), ([[1635, 391], [1697, 391], [1697, 411], [1635, 411]], '(;', 0.45785877582726714), ([[1698, 374], [1754, 374], [1754, 428], [1698, 428]], '옷', 0.3483245800683932), ([[277, 407], [341, 407], [341, 471], [277, 471]], '(', 0.12249553148053227), ([[1579, 427], [1841, 427], [1841, 495], [1579, 495]], '질해주서서 ', 0.4586982990556037), ([[1593, 487], [1813, 487], [1813, 549], [1593, 549]], '옷응0', 0.23893914088058002), ([[158, 815], [327, 815], [327, 1147], [158, 1147]], '[', 0.04401584200019215), ([[1137.357222801515, 325.0159005906028], [1324.7560465019105, 458.4933533074848], [1256.642777198485, 552.9840994093971], [1070.2439534980895, 418.5066466925152]], '(*', 0.0826171864235374), ([[1353.3080074105521, 623.0149711837561], [1523.420977924067, 782.7346231273857], [1427.6919925894479, 885.9850288162439], [1257.579022075933, 726.2653768726143]], '어제', 0.04469306492437461)]
[([[1668, 64], [1750, 64], [1750, 118], [1668, 118]], '그래', 0.9999964596665606), ([[1614, 122], [1810, 122], [1810, 176], [1614, 176]], '그럼도교에', 0.5837523088501814), ([[1645, 175], [1779, 175], [1779, 241], [1645, 241]], '간컷은', 0.10430433592922611), ([[1619, 231], [1813, 231], [1813, 299], [1619, 299]], '청답이없네', 0.44067986912590634), ([[1648, 352], [1752, 352], [1752, 406], [1648, 406]], '응 ', 0.11017116843938558), ([[1605, 405], [1827, 405], [1827, 471], [1605, 471]], '더기다맛 ', 0.04985678421555621), ([[1636, 466], [1790, 466], [1790, 518], [1636, 518]], '또맛"', 0.2938445750863656), ([[1621, 521], [1811, 521], [1811, 583], [1621, 583]], '렌교가 0', 0.14637732219700336), ([[1630, 572], [1791, 572], [1791, 647], [1630, 647]], '확실하켓', 0.624291181564331), ([[1621, 635], [1813, 635], [1813, 701], [1621, 701]], '보조해쥐세', 0.35244494984628755), ([[198, 897], [322, 897], [322, 1141], [198, 1141]], '약', 0.05483379059492699), ([[1138.3276996028549, 320.01615173938166], [1330.785209555376, 456.5570514711992], [1258.6723003971451, 555.9838482606183], [1066.214790444624, 419.4429485288008]], '(!제 ', 0.004496817011386156), ([[1352.3139362928646, 622.0147156237447], [1523.430195597779, 782.7680898149551], [1426.6860637071354, 886.9852843762553], [1255.569804402221, 726.2319101850449]], '~제', 0.014017687933559841), ([[1632.0129971978583, 698.2506890716477], [1736.226188901424, 684.9765975908966], [1740.9870028021417, 752.7493109283523], [1635.773811098576, 766.0234024091034]], '"윗"', 0.27819678398115233)]
[([[1591, 91], [1811, 91], [1811, 151], [1591, 151]], '헤~, 막내라서', 0.8029912286943678), ([[1607, 144], [1797, 144], [1797, 208], [1607, 208]], '좀-어린광올', 0.24380626963928778), ([[1569, 197], [1849, 197], [1849, 265], [1569, 265]], "'분렉출알안는데;", 0.07798172899126114), ([[1559, 249], [1850, 249], [1850, 323], [1559, 323]], "'확실하게 형이라늄", 0.4363804035042361), ([[1641, 307], [1765, 307], [1765, 371], [1641, 371]], '차각이', 0.7370622423587798), ([[1587, 363], [1827, 363], [1827, 429], [1587, 429]], '생긴건가웃음)', 0.3654433789628063), ([[1599, 475], [1779, 475], [1779, 535], [1599, 535]], '그러"게옛', 0.1514231900207838), ([[1612, 528], [1767, 528], [1767, 592], [1612, 592]], '마표정말', 0.4446854591369629), ([[1558, 582], [1820, 582], [1820, 654], [1558, 654]], '다시 밖제워야', 0.10315843045270015), ([[1562, 642], [1616, 642], [1616, 698], [1562, 698]], '응', 0.9980771257363727), ([[1639, 639], [1849, 639], [1849, 699], [1639, 699]], '굉장 하 "@', 0.017446066819559698), ([[1572, 689], [1842, 689], [1842, 762], [1572, 762]], '마 남자다-저저', 0.14427045530642116), ([[1644, 752], [1724, 752], [1724, 808], [1644, 808]], '응앗', 0.2932209070612635), ([[204, 902], [308, 902], [308, 1066], [204, 1066]], '얘', 0.17078208935035732), ([[249, 1041], [311, 1041], [311, 1127], [249, 1127]], '17', 0.2614621021644949), ([[1136.357222801515, 324.0159005906028], [1324.747548783982, 458.4504902432036], [1257.642777198485, 551.9840994093971], [1069.252451216018, 417.5495097567964]], '(*', 0.43644335317238003), ([[1270.9393827043632, 700.1332468235961], [1355.680235465997, 621.0144665490701], [1506.0606172956368, 808.8667531764039], [1422.319764534003, 887.9855334509299]], '출', 0.046971401401126656)]
[([[1622, 92], [1756, 92], [1756, 146], [1622, 146]], '그런가~', 0.9997865557670593), ([[1620, 143], [1817, 143], [1817, 209], [1620, 209]], '[그런데-아이', 0.45578342364048213), ([[1619, 197], [1733, 197], [1733, 261], [1619, 261]], "'말인데늄", 0.18217765172560568), ([[1667, 309], [1727, 309], [1727, 369], [1667, 369]], '웃', 0.5550014724602228), ([[1625, 363], [1831, 363], [1831, 427], [1625, 427]], '프뭐-원데?', 0.04241110326631135), ([[275, 405], [341, 405], [341, 471], [275, 471]], '0', 0.20992949535887906), ([[196, 901], [316, 901], [316, 1078], [196, 1078]], '약', 0.10614175725325836), ([[249, 1037], [311, 1037], [311, 1127], [249, 1127]], '1', 0.7307267316663832), ([[1137.3276996028549, 321.01615173938166], [1329.7628441852196, 458.4340459993659], [1258.6723003971451, 556.9838482606183], [1066.2371558147804, 419.5659540006341]], '(!* ', 0.006895629223436117), ([[1270.798906059605, 703.152123629156], [1354.6831371671133, 622.0145902895513], [1509.201093940395, 806.847876370844], [1425.3168628328867, 887.9854097104487]], '총', 0.20523260767737384)]
[([[677, 163], [839, 163], [839, 227], [677, 227]], '(오옷 *', 0.12428481391909602), ([[1627, 187], [1777, 187], [1777, 251], [1627, 251]], '(애엄마인', 0.8092222046412925), ([[703, 225], [837, 225], [837, 291], [703, 291]], '아버지', 0.9966889203430536), ([[1561, 241], [1821, 241], [1821, 309], [1561, 309]], '당신만 괜찮으면:', 0.8562324951566411), ([[644, 284], [908, 284], [908, 358], [644, 358]], '나이스제안])', 0.7165942671130541), ([[1637, 299], [1779, 299], [1779, 361], [1637, 361]], '저기요', 0.6399321876512125), ([[1573, 353], [1841, 353], [1841, 417], [1573, 417]], '앞으로한명더 ', 0.6338959472146519), ([[277, 407], [341, 407], [341, 469], [277, 469]], '"', 0.023023254824361183), ([[1607, 411], [1813, 411], [1813, 473], [1607, 473]], '떠어떻까?', 0.2509056595708358), ([[1591, 519], [1813, 519], [1813, 581], [1591, 581]], '옛표네명째', 0.20881123885502717), ([[1575, 569], [1840, 569], [1840, 641], [1575, 641]], '얘기하늄러야 ', 0.1918606729703789), ([[1139.372712224573, 322.01514304865856], [1323.640533704906, 462.96406395733703], [1253.627287775427, 554.9848569513414], [1069.359466295094, 414.03593604266297]], '(>*', 0.029749125666825253), ([[1270.798906059605, 703.152123629156], [1354.6831371671133, 622.0145902895513], [1509.201093940395, 806.847876370844], [1425.3168628328867, 887.9854097104487]], '총', 0.2906429392747931), ([[172.41856611028572, 831.0105680328571], [290.3274533365268, 819.5963268140296], [315.5814338897143, 1137.989431967143], [197.6725466634732, 1149.4036731859703]], '표', 0.02380153888759029)]
[([[1581, 141], [1849, 141], [1849, 205], [1581, 205]], '(이렇때-할-상담이', 0.22108037673257716), ([[1587, 191], [1845, 191], [1845, 259], [1587, 259]], '아뇨없나늄하하', 0.08443708022620634), ([[667, 229], [889, 229], [889, 293], [667, 293]], '(한번 더 ', 0.40135300564217213), ([[1633, 247], [1801, 247], [1801, 313], [1633, 313]], '뒷 천천히', 0.40591254475830163), ([[687, 287], [849, 287], [849, 353], [687, 353]], '엄마한계', 0.24714267253875732), ([[1619, 304], [1815, 304], [1815, 366], [1619, 366]], '생각해 반도', 0.631369794083014), ([[614, 344], [938, 344], [938, 416], [614, 416]], '교배활수 있어씨)', 0.1760589884363175), ([[1653, 359], [1779, 359], [1779, 423], [1653, 423]], '되니까', 0.4853522488776285), ([[1439, 433], [1661, 433], [1661, 499], [1439, 499]], '(한0한번데', 0.2504406757233647), ([[1450, 493], [1612, 493], [1612, 559], [1450, 559]], '"렌고의', 0.7271604537963867), ([[1425, 549], [1622, 549], [1622, 623], [1425, 623]], '자지로오옷', 0.948829673256048), ([[293, 512], [492, 512], [492, 972], [293, 972]], '~', 0.17334013169687879), ([[1102.7819361571649, 332.02969122187756], [1258.6772581231703, 250.0091752550141], [1412.2180638428351, 586.9703087781224], [1256.3227418768297, 668.990824744986]], '품', 0.1883161003922149), ([[174.29382935529554, 889.0178212348519], [270.6309372435985, 855.0142244335668], [354.70617064470446, 1114.982178765148], [257.3690627564015, 1148.9857755664332]], '@', 0.4755663974410851), ([[1280.0884313504546, 828.0148424589539], [1587.7954325941098, 984.6215496294452], [1477.9115686495454, 1190.985157541046], [1170.2045674058902, 1035.3784503705547]], '( ', 0.48261904692127555)]
[([[1655, 99], [1839, 99], [1839, 159], [1655, 159]], '여보세요?', 0.706310496056041), ([[1711, 161], [1823, 161], [1823, 223], [1711, 223]], '여보?', 0.999950308143286), ([[697, 249], [883, 249], [883, 317], [697, 317]], '"~~웃]', 0.23462057743100995), ([[1537, 353], [1669, 353], [1669, 419], [1537, 419]], '나아', 0.2389958672587514), ([[1472, 420], [1734, 420], [1734, 492], [1472, 492]], '나뭇어오오', 0.11568418540649719), ([[1434, 486], [1688, 486], [1688, 562], [1434, 562]], '한명덩어~여', 0.21814418306555028), ([[850.9020273857843, 317.02872306848167], [982.604936171456, 239.00871485047986], [1143.0979726142157, 549.9712769315183], [1011.395063828544, 627.9912851495201]], '꼴', 0.36964672636756646), ([[224.1317161561164, 453.02357727254156], [451.8540534781431, 541.8438487269725], [397.8682838438836, 668.9764227274585], [170.14594652185687, 580.1561512730275]], '[유', 0.07031775967668481), ([[580.1720950227738, 522.0214339395337], [689.8018584970856, 479.02010566522256], [784.8279049772262, 746.9785660604663], [674.1981415029144, 789.9798943347774]], '출', 0.0767425942800779), ([[159.4115995669363, 738.2107573583114], [403.3314773716682, 690.8051647471852], [419.58840043306367, 830.7892426416886], [176.6685226283318, 878.1948352528148]], '카째', 0.0182149930916366), ([[608.2088896018646, 728.019569957665], [821.997919240514, 842.7419690445079], [754.7911103981354, 961.980430042335], [542.002080759486, 847.2580309554921]], '|예훨', 0.002813412936703046)]
[([[490, 248], [914, 248], [914, 322], [490, 322]], '(숨다아아아앗]%)', 0.03185707830272978), ([[1457, 394], [1760, 394], [1760, 473], [1457, 473]], '때발되싶어어어', 0.08915073472037799), ([[1489, 461], [1728, 461], [1728, 537], [1489, 537]], '(아들에계때', 0.09955113596868641), ([[1013, 513], [1073, 513], [1073, 579], [1013, 579]], '0', 0.842084556785494), ([[852.5843089821612, 313.0477729359858], [983.7066702546877, 239.01189343577798], [1113.4156910178388, 502.9522270640142], [982.2933297453123, 577.988106564222]], '꼴', 0.9359658895246845), ([[218.11916967072796, 460.0258844023751], [444.85646078117514, 540.9298374321313], [397.88083032927204, 659.974115597625], [171.14353921882486, 579.0701625678687]], '어유', 0.03489937681539488), ([[579.1337797496775, 522.0220830936793], [690.7773550370946, 478.01778226655], [786.8662202503225, 751.9779169063207], [676.2226449629054, 795.98221773345]], '봄', 0.11450427768275873), ([[848.1497079187258, 559.1228093904431], [1054.6585498125992, 542.2489861136016], [1056.8502920812743, 661.8771906095569], [849.3414501874007, 678.7510138863984]], "중팔'", 0.01700700751748271), ([[160.33495174858797, 735.2101960161041], [402.89363163016054, 686.9205476946862], [420.66504825141203, 831.7898039838959], [178.10636836983946, 880.0794523053138]], '어얇', 0.0022364137960473184), ([[610.2088896018646, 729.019569957665], [821.9952814731263, 842.6114506524747], [754.7911103981354, 962.980430042335], [543.0047185268737, 849.3885493475253]], '|예쩐', 0.0020280886715971468)]
[([[1294, 226], [1732, 226], [1732, 300], [1294, 300]], '좋아{이업로반나접음', 0.08221054599717041), ([[1302, 290], [1740, 290], [1740, 367], [1302, 367]], '(졸수없업마 0', 0.026992699320707237), ([[141, 345], [742, 345], [742, 417], [141, 417]], '아 일찍어 이철로마지막이야 "', 0.054375861241258115), ([[142, 406], [636, 406], [636, 478], [142, 478]], '여행이블나이다-이제것트럽', 0.005462863968084485), ([[1324, 414], [1742, 414], [1742, 488], [1324, 488]], '물올려보괜마어제뷰', 0.005572039761912311), ([[140, 466], [640, 466], [640, 545], [140, 545]], '평범합 엿보의지식으로 ]', 0.006701804064083014), ([[1358, 476], [1744, 476], [1744, 550], [1358, 550]], '밑뱃없잡비분명하 {', 0.05322373511279048), ([[143, 597], [473, 597], [473, 665], [143, 665]], '오이오야 0', 0.3970353216805587), ([[1386, 602], [1742, 602], [1742, 674], [1386, 674]], '분밝이야 {만리과', 0.021269850611744454), ([[142, 656], [474, 656], [474, 728], [142, 728]], '그렇밟결정햇-', 0.03646227591332291), ([[1383, 661], [1742, 661], [1742, 740], [1383, 740]], '조문문하켓해취 $', 0.0063876400035321875), ([[141, 719], [551, 719], [551, 791], [141, 791]], '고랍망비합수없 ', 0.10363171820703922), ([[144, 782], [470, 782], [470, 856], [144, 856]], '번화가로돌압 00', 0.043853715611991896), ([[1519, 795], [1739, 795], [1739, 859], [1519, 859]], '얘뇨애가 {', 0.3270558426718545), ([[1186, 852], [1742, 852], [1742, 924], [1186, 924]], '콤소리로이상합-소리하지마(', 0.06802584973836165), ([[145, 909], [513, 909], [513, 977], [145, 977]], '정말세가 증네 "', 0.1716164788995422), ([[142, 970], [478, 970], [478, 1042], [142, 1042]], '이렵이아 ``', 0.1279432812713748), ([[1398, 976], [1740, 976], [1740, 1050], [1398, 1050]], '분밝할게~"여행의', 0.09360996140085943), ([[145, 1035], [541, 1035], [541, 1103], [145, 1103]], '따옛날분터 @이군', 0.03554070217936424), ([[1388, 1038], [1718, 1038], [1718, 1112], [1388, 1112]], '주억으로 말이야~"', 0.4264049456776159)]
[]
[([[810, 264], [1066, 264], [1066, 338], [810, 338]], '운전음인상의', 0.19708917233262122), ([[817, 331], [1021, 331], [1021, 399], [817, 399]], '집달이지 -', 0.4762168145854878), ([[798, 390], [1070, 390], [1070, 464], [798, 464]], '어제뵈이뒷에', 0.01198661767031), ([[798, 454], [1080, 454], [1080, 526], [798, 526]], '뒷골록악& ?', 0.05509795237075729), ([[818, 515], [1058, 515], [1058, 589], [818, 589]], '제마계매 {', 0.050925937543862085), ([[853, 640], [1024, 640], [1024, 712], [853, 712]], '평소예블', 0.3156917095184326), ([[813, 705], [1067, 705], [1067, 773], [813, 773]], '보여주지안남', 0.10667410181686969), ([[854, 766], [1028, 766], [1028, 838], [854, 838]], '행동력관', 0.9064855575561523), ([[819, 827], [1064, 827], [1064, 901], [819, 901]], '준비성이네 ', 0.20757897159145608)]
[]
[([[762, 320], [1192, 320], [1192, 396], [762, 396]], '어떠신가오 사모- )', 0.09869870800976775), ([[730, 386], [1216, 386], [1216, 460], [730, 460]], '*쪽은해외의실립 눈들도', 0.04963863722706556), ([[870, 450], [1094, 450], [1094, 526], [870, 526]], '0용하지늄', 0.11456423048427446), ([[778, 514], [1164, 514], [1164, 592], [778, 592]], '언브랜트기다~]', 0.06806290523752688), ([[768, 639], [1185, 639], [1185, 724], [768, 724]], '모-무런가요 하지만', 0.023910087287698972), ([[826, 712], [1136, 712], [1136, 786], [826, 786]], '제예계하조', 0.006294095498227846)]
[]
[([[1019, 385], [1087, 385], [1087, 457], [1019, 457]], '(옷', 0.5509352432538556), ([[75, 435], [417, 435], [417, 503], [75, 503]], '(:" 하앗!', 0.0163232674753131), ([[116, 502], [381, 502], [381, 574], [116, 574]], '하앗-!%렁)', 0.008423608813685068), ([[927, 463], [1140, 463], [1140, 549], [927, 549]], '@으응', 0.20614865624442877), ([[932, 548], [1100, 548], [1100, 628], [932, 628]], '은오옷', 0.11967499468580357), ([[512.4722345422688, 645.0087066307435], [626.3464459954462, 624.1729917169904], [685.5277654577312, 979.9912933692565], [570.6535540045538, 999.8270082830096]], '7', 0.276574327392737)]
[([[1014, 148], [1290, 148], [1290, 220], [1014, 220]], '사모님 손발이', 0.7240172299141925), ([[986, 212], [1298, 212], [1298, 288], [986, 288]], '굉장해길으세', 0.5182230413394587), ([[1015, 277], [1284, 277], [1284, 355], [1015, 355]], '[해외예세만큼', 0.1214155976035961), ([[1034, 342], [1266, 342], [1266, 416], [1034, 416]], '브랜드쪽에', 0.11448136016034743), ([[1064, 410], [1216, 410], [1216, 482], [1064, 482]], '분명 잘', 0.6993413085431184), ([[985, 468], [1308, 468], [1308, 549], [985, 549]], "'어울리실거에요)", 0.6230472296436695), ([[994, 608], [1274, 608], [1274, 686], [994, 686]], '조좀"그;', 0.21285581890297117), ([[962, 677], [1339, 677], [1339, 778], [962, 778]], '[문-한 -', 0.12541436538500472), ([[968, 760], [1279, 760], [1279, 852], [968, 852]], '같은데 옛', 0.05775729830670128), ([[512.4774031661858, 645.0085368852851], [626.2819080706997, 624.1635579893439], [685.5225968338142, 982.9914631147149], [571.7180919293003, 1002.8364420106561]], '7', 0.22093185215368294)]
[([[1054, 212], [1263, 212], [1263, 288], [1054, 288]], '아뇨아뇨', 0.9102937579154968), ([[978, 272], [1364, 272], [1364, 352], [978, 352]], '사모심의 콤매시질명', 0.044746149984321956), ([[188, 341], [378, 341], [378, 415], [188, 415]], '(왕성하게드', 0.6665815007955106), ([[1022, 338], [1332, 338], [1332, 414], [1022, 414]], '분명 고급스럽', 0.11485202146779867), ([[187, 411], [367, 411], [367, 479], [187, 479]], '기뻐하고', 0.9995504021644592), ([[1000, 406], [1324, 406], [1324, 482], [1000, 482]], '입월주 있으세요', 0.3349472685146923), ([[168, 472], [398, 472], [398, 546], [168, 546]], '있습니다-!', 0.5311732122180691), ([[1044, 472], [1312, 472], [1312, 546], [1044, 546]], '담자친구 분풍', 0.11800576605748656), ([[1008, 537], [1304, 537], [1304, 611], [1008, 611]], '기뻐하실거예요', 0.2512363434170114), ([[197, 603], [372, 603], [372, 675], [197, 675]], "'포동포동", 0.40957147075839734), ([[1082, 601], [1261, 601], [1261, 681], [1082, 681]], '분명 >', 0.0762046686824613), ([[152, 666], [416, 666], [416, 740], [152, 740]], '엉덩이 너머로', 0.9922999904807501), ([[96, 732], [452, 732], [452, 806], [96, 806]], '고급 타이프의 감족', 0.18298919103743047), ([[1053, 749], [1281, 749], [1281, 827], [1053, 827]], '앗램', 0.022113785497168543), ([[146, 798], [426, 798], [426, 872], [146, 872]], '참울 수 없네:!', 0.05358957199246816), ([[1079, 827], [1229, 827], [1229, 913], [1079, 913]], '육갑', 0.15521779660867482), ([[1023, 907], [1339, 907], [1339, 995], [1023, 995]], '묘그런마요', 0.020084406942951116), ([[1033, 987], [1269, 987], [1269, 1073], [1033, 1073]], '떠용 {', 0.02035653845073236), ([[443.961240494151, 1035.0186097868132], [731.5372067196154, 1140.9059224722257], [641.038759505849, 1371.9813902131868], [352.4627932803846, 1266.0940775277743]], '3', 0.1400083670567973)]
[([[309, 17], [495, 17], [495, 61], [309, 61]], '키요라 사토미 (52)', 0.4983388949079047), ([[311, 85], [457, 85], [457, 127], [311, 127]], '전업주부 남편', 0.945778719841634), ([[477, 85], [792, 85], [792, 127], [477, 127]], '{녀{남의스인가족 신장 1~끼', 0.009070147737467093), ([[315, 119], [633, 119], [633, 161], [315, 161]], '쓰리 사이즈는 위예서 부.다', 0.27554000233682446), ([[653, 121], [715, 121], [715, 159], [653, 159]], '@펼끼', 0.0007789203845698772), ([[735, 123], [781, 123], [781, 159], [735, 159]], '40', 0.2728918837700569), ([[311, 151], [901, 151], [901, 195], [311, 195]], '대학까지 쭉 수영하고 안되것로있어 나이에 비해린린한 체형', 0.009524942808459528), ([[351, 185], [957, 185], [957, 229], [351, 229]], '성격임꼼 하술함 다문최지눈 성격인 장너에계 자주혼리고있다', 0.03548439309924732), ([[356, 216], [666, 216], [666, 264], [356, 264]], '이번내눈오랜관의가족여행-', 0.026421682283560576), ([[370, 250], [838, 250], [838, 298], [370, 298]], '신혼지절에 실년거리들 [년만에 관광하리앉다', 0.07499333891888196), ([[378, 406], [546, 406], [546, 454], [378, 454]], '키요라 렌고서의', 0.2903446171935692), ([[380, 472], [607, 472], [607, 520], [380, 520]], '사토미의아들 대학생', 0.8694636483008941)]
[([[1042, 88], [1282, 88], [1282, 166], [1042, 166]], '(그러고보니', 0.3086390699072726), ([[1021, 156], [1307, 156], [1307, 241], [1021, 241]], '아까까지 &제', 0.09395205771736403), ([[1022, 228], [1310, 228], [1310, 308], [1022, 308]], '[남자친근분요', 0.11661373698580065), ([[1003, 295], [1329, 295], [1329, 379], [1003, 379]], '어)가켓마`)', 0.04991522591591447), ([[48, 448], [264, 448], [264, 524], [48, 524]], '(하맛-1', 0.19753024137137296), ([[1049, 434], [1231, 434], [1231, 518], [1049, 518]], '운옷~~!', 0.3085524094967386), ([[51, 515], [256, 515], [256, 600], [51, 600]], '하반-~', 0.020364057272672653), ([[410, 484], [484, 484], [484, 582], [410, 582]], '0)', 0.16894161431262444), ([[1036, 510], [1204, 510], [1204, 584], [1036, 584]], "'우옷-~!", 0.4356087459515466), ([[31, 583], [291, 583], [291, 671], [31, 671]], '(숙녀랑하는', 0.2963325751828271), ([[922, 578], [1320, 578], [1320, 656], [922, 656]], '(밝에세가버리논마_', 0.14414564963230245), ([[38, 658], [280, 658], [280, 734], [38, 734]], '현태 플레이', 0.3481058127516093), ([[966, 646], [1364, 646], [1364, 726], [966, 726]], '밑율순없긍정도로', 0.07907293519776316), ([[48, 728], [262, 728], [262, 804], [48, 804]], '너무기분', 0.9974554777145386), ([[931, 717], [1243, 717], [1243, 801], [931, 801]], '뜨껴버로어어;', 0.06380357881655906), ([[30, 798], [274, 798], [274, 876], [30, 876]], '좋아앗자', 0.05971038476988309), ([[810, 1458], [1094, 1458], [1094, 1626], [810, 1626]], '(샌;', 0.00548984884032767), ([[363, 1651], [407, 1651], [407, 1717], [363, 1717]], '3', 0.8218738434198372), ([[332.2895901820685, 707.0157790965407], [451.2046589037785, 695.8701776052949], [473.7104098179315, 963.9842209034593], [354.7953410962215, 976.1298223947051]], '7', 0.9981429861488813), ([[266.73969300784097, 1141.029430367797], [429.641149322416, 1038.0076135262855], [633.260306992159, 1408.970569632203], [469.358850677584, 1512.9923864737145]], ';', 0.0028778255792527713), ([[783.9819447456103, 1332.034587760472], [1001.5251670387875, 1388.2557347188904], [965.0180552543897, 1508.965412239528], [747.4748329612125, 1453.7442652811096]], '라', 0.207480147481931)]
[]
[([[1140, 600], [1372, 600], [1372, 750], [1140, 750]], '동미', 0.002577756165388542)]
[([[1256, 61], [1796, 61], [1796, 135], [1256, 135]], '어머맛외- 좀비싸기하지만', 0.03884567378276658), ([[1320, 122], [1774, 122], [1774, 194], [1320, 194]], '대정공이네 @모3애아 ', 0.10395730470634468), ([[58, 172], [478, 172], [478, 247], [58, 247]], '왕대일도 집에 돌아갈때', 0.4135108581854143), ([[56, 234], [452, 234], [452, 306], [56, 306]], '장거리이동해야하지까', 0.1986552802754111), ([[1486, 242], [1794, 242], [1794, 314], [1486, 314]], '@아아도렇자', 0.20855591306978108), ([[58, 293], [507, 293], [507, 367], [58, 367]], '목욕하고 일찍 자도록함계', 0.3798912921475724), ([[1318, 362], [1794, 362], [1794, 434], [1318, 434]], '문습-입요없어? 피운이없', 0.08304820847729563), ([[53, 413], [842, 413], [842, 489], [53, 489]], '아맞다 ?엄마랑 {살이장되이나니까- 나아', 0.05350198492184116), ([[1282, 479], [1798, 479], [1798, 556], [1282, 556]], '눈나한테 끌려다녀서지친거야', 0.42664481752525896), ([[56, 533], [267, 533], [267, 605], [56, 605]], '노인함대략', 0.18755143107883274), ([[1522, 601], [1797, 601], [1797, 674], [1522, 674]], '여필수어판', 0.005485438417623197), ([[58, 653], [828, 653], [828, 728], [58, 728]], '온, @애끗에네번쓸데없는 정보름알아있서', 0.012029688611434075), ([[1348, 659], [1797, 659], [1797, 734], [1348, 734]], '여런장명218어3 }', 0.0007926105771856026), ([[54, 713], [772, 713], [772, 788], [54, 788]], '아빠가 혹사당한거잡아-기가업계도-당신 ', 0.01681319671394086), ([[1186, 722], [1790, 722], [1790, 796], [1186, 796]], '나중교대 투오보하: )', 0.014866986731014331), ([[52, 834], [284, 834], [284, 906], [52, 906]], '씨판 )', 0.09226644039154053), ([[915, 834], [1787, 834], [1787, 918], [915, 918]], '묘제권에이리찮다퍼리하다 탤런트모임문안이', 0.000542475150201385), ([[1196, 902], [1796, 902], [1796, 976], [1196, 976]], '아처씨되력으로는-못따라다젊이-', 0.02007148377161235), ([[54, 954], [637, 954], [637, 1026], [54, 1026]], '이하 습드`에오늘음되퍼령', 0.0004333640948640406), ([[1272, 1023], [1795, 1023], [1795, 1092], [1272, 1092]], '어떠 문데오늘물울호텔움', 0.10697676335570983), ([[62, 1084], [458, 1084], [458, 1138], [62, 1138]], '(오니"""""', 3.1757782113693945e-06), ([[1260, 1081], [1796, 1081], [1796, 1154], [1260, 1154]], '콤노전탕이달레외의까', 0.031010166424762613)]
[]
[]
[([[717, 555], [1051, 555], [1051, 647], [717, 647]], "'지무렵", 0.04687751084566116)]
[]
[([[575, 587], [685, 587], [685, 617], [575, 617]], '%적)', 0.00014043056986718408), ([[689, 571], [1427, 571], [1427, 631], [689, 631]], '스형3+3실6-+33+33+형~시633+]3+3?', 1.3105400997066744e-08)]
[([[58, 108], [836, 108], [836, 182], [58, 182]], '정말터프하데에-어제분_-속행으묘사 ?', 0.03829271519927878), ([[1277, 115], [1825, 115], [1825, 183], [1277, 183]], '(업마업마람', 0.05933512879881006), ([[56, 172], [988, 172], [988, 246], [56, 246]], '어떠올때매-행되숙영음전히못하되 주제예 ', 0.003294992010746809), ([[1300, 258], [1422, 258], [1422, 286], [1300, 286]], '출 ` ', 0.00045058480463922024), ([[1454, 260], [1574, 260], [1574, 286], [1454, 286]], '물', 0.0023181648538761618), ([[1643, 257], [1821, 257], [1821, 293], [1643, 293]], '%[', 0.000655028181155105), ([[58, 295], [894, 295], [894, 370], [58, 370]], '책런옛날*음렉이까 분중은입향자 0', 0.007684312832925196), ([[1446, 360], [1832, 360], [1832, 436], [1446, 436]], '떠입어내업마', 0.06873409203542012), ([[58, 420], [798, 420], [798, 494], [58, 494]], '@입있아 @모 그립데람실에사', 0.010758309766730301), ([[1369, 489], [1829, 489], [1829, 557], [1369, 557]], '걸앗 @예지잠깐 {', 0.03300932952739821), ([[60, 546], [1060, 546], [1060, 620], [60, 620]], '문습소리야 ?) 모처럽다습 윗분시옮에이전움동고 씨', 0.0024115242668734885), ([[1310, 546], [1832, 546], [1832, 622], [1310, 622]], '때물덧대로들어혼기가 {', 0.08251321720246028), ([[66, 700], [226, 700], [226, 732], [66, 732]], '물---', 0.011946531943976879), ([[270, 696], [432, 696], [432, 732], [270, 732]], '0출)+물낳물)', 1.8312718356660947e-05), ([[417, 685], [613, 685], [613, 745], [417, 745]], '6300303)', 0.004509296183386236), ([[1343, 677], [1833, 677], [1833, 745], [1343, 745]], "'   잇따아때늄", 0.030458923398019526), ([[1040, 798], [1834, 798], [1834, 872], [1040, 872]], '푹주무시모레신데  잠기언네설마', 0.0037288716416406602), ([[1376, 921], [1832, 921], [1832, 997], [1376, 997]], '선제화는데사간이업로세', 0.008311524157119238), ([[1223, 982], [1834, 982], [1834, 1062], [1223, 1062]], '협등생출발7수워에언없잡0?', 0.002428282202903892), ([[1234, 1045], [1794, 1045], [1794, 1123], [1234, 1123]], '만미깨조금만데이어사뇨여', 0.004562173843935643)]
[]
[]
[([[924, 230], [1278, 230], [1278, 306], [924, 306]], '(청떨교언 0', 0.31627496487707146), ([[952, 295], [1259, 295], [1259, 373], [952, 373]], '문저원 업의))', 0.011965039132292831), ([[444, 470], [474, 470], [474, 506], [444, 506]], '사', 0.60504167757259), ([[937, 424], [1258, 424], [1258, 505], [937, 505]], '(다 당연하자 6', 0.2299665665039013), ([[1011, 492], [1197, 492], [1197, 566], [1011, 566]], '바보 때', 0.13053413811863865), ([[1080, 1240], [1324, 1240], [1324, 1320], [1080, 1320]], '쿠움 " ', 0.08994438605728391), ([[1058, 1316], [1342, 1316], [1342, 1390], [1058, 1390]], '쿠움', 0.44984691253554354), ([[128, 1552], [182, 1552], [182, 1606], [128, 1606]], '}', 0.13189656028647878)]
[([[6, 84], [352, 84], [352, 158], [6, 158]], '아버지 반로임째', 0.15001644899807784), ([[94, 148], [276, 148], [276, 220], [94, 220]], '이운훨진', 0.16733327507972717), ([[73, 210], [269, 210], [269, 284], [73, 284]], '잘 엎음몸<', 0.056850009264869765), ([[974, 202], [1268, 202], [1268, 280], [974, 280]], '유썹   기', 0.012962869545543858), ([[63, 271], [305, 271], [305, 343], [63, 343]], '엉망진장-', 0.6689814086060312), ([[948, 278], [1206, 278], [1206, 356], [948, 356]], '훔% 계', 0.0072438382309209255), ([[42, 331], [293, 331], [293, 410], [42, 410]], '만들어줌지_', 0.09327551498496323), ([[732, 430], [764, 430], [764, 526], [732, 526]], '"', 0.48726892377263553), ([[1065, 531], [1209, 531], [1209, 597], [1065, 597]], '(혜햇{', 0.24241423606872559), ([[1000, 590], [1312, 590], [1312, 670], [1000, 670]], '낮있핸되렉스', 0.005903244193241893), ([[1012, 652], [1310, 652], [1310, 728], [1012, 728]], '스훨이있음손록', 0.007263439802828048), ([[1013, 713], [1310, 713], [1310, 791], [1013, 791]], '깥도올라가늄', 0.06580010453880643), ([[1028, 778], [1286, 778], [1286, 852], [1028, 852]], '몸이라는 것은', 0.4924733787809224), ([[1037, 839], [1280, 839], [1280, 914], [1037, 914]], '틀켜으니까이', 0.04324130079497613), ([[1075, 1033], [1119, 1033], [1119, 1093], [1075, 1093]], '낙', 0.17137695415862542), ([[1115, 1079], [1295, 1079], [1295, 1445], [1115, 1445]], '7', 0.86571417300053), ([[139, 1553], [181, 1553], [181, 1595], [139, 1595]], '5', 0.8009471890511612), ([[270.3051073833436, 902.0077892971264], [501.9542688081225, 973.1137010643484], [366.6948926166564, 1409.9922107028738], [135.0457311918775, 1338.8862989356514]], '핵', 0.0018737274143615507)]
[([[1542, 266], [1959, 266], [1959, 339], [1542, 339]], '타이즈도 중앞긴 하지만)', 0.10793888260104183), ([[1525, 329], [1945, 329], [1945, 393], [1525, 393]], '가죽 소재도 잘 어울리데-(', 0.15417512484386606), ([[1549, 385], [1945, 385], [1945, 447], [1549, 447]], '서양 포르노 여배우같은', 0.47727961180026607), ([[301, 449], [577, 449], [577, 513], [301, 513]], '(아뇨 알앉으니까', 0.14663775929069056), ([[1611, 442], [1882, 442], [1882, 508], [1611, 508]], '체격있는 육덕감', 0.5028261653217807), ([[302, 502], [530, 502], [530, 574], [302, 574]], '좀데 조용히 ', 0.47278852891030987), ([[1557, 499], [1941, 499], [1941, 565], [1557, 565]], '참울 수 없다구 엄마-0', 0.5685305517873092), ([[317, 561], [572, 561], [572, 634], [317, 634]], '앗표육 !7)', 0.06836281600490117), ([[834, 632], [1084, 632], [1084, 856], [834, 856]], '고쇠', 0.0025036658425204965), ([[921, 791], [1009, 791], [1009, 875], [921, 875]], '넷', 0.11547451150836796), ([[1029.2598856891973, 59.01522224749649], [1238.9025568712893, 210.1295836104623], [1145.7401143108027, 337.98477775250353], [935.0974431287107, 185.8704163895377]], '(@:', 0.16231411383828773), ([[483.1510685243096, 260.0300661927652], [586.9928719922431, 344.5864526899227], [521.8489314756904, 424.9699338072348], [418.00712800775693, 340.4135473100773]], '8!', 0.0400175370501221)]
[([[659, 67], [679, 67], [679, 97], [659, 97]], '7', 0.48313029872593916), ([[1481, 191], [1649, 191], [1649, 251], [1481, 251]], '하앗--1', 0.07008875199604953), ([[1466, 250], [1632, 250], [1632, 306], [1466, 306]], '하앗-!', 0.13586723786833188), ([[1426, 305], [1707, 305], [1707, 367], [1426, 367]], '이렇게 젖기 쉬운', 0.6026488631130502), ([[1509, 363], [1627, 363], [1627, 425], [1509, 425]], '통통한', 0.7624499738336361), ([[295, 435], [537, 435], [537, 497], [295, 497]], '(안긍 안돼-!', 0.17450347434851726), ([[1435, 421], [1695, 421], [1695, 485], [1435, 485]], '엄마 전복올 ~', 0.31797703948916695), ([[305, 489], [429, 489], [429, 557], [305, 557]], '잠깐안', 0.5239454437427506), ([[1451, 477], [1685, 477], [1685, 541], [1451, 541]], '공격하지 안고', 0.8456239842828811), ([[330, 532], [507, 532], [507, 617], [330, 617]], '옳)', 0.08070428609258402), ([[1429, 533], [1705, 533], [1705, 600], [1429, 600]], "'있늘 순 없지-]", 0.14784533183562687), ([[1552, 598], [1622, 598], [1622, 646], [1552, 646]], '7', 0.12343767760964486), ([[487.9045618957711, -34.975988776418916], [729.0769230769231, 38.38461538461539], [660.095438104229, 242.97598877641892], [418.9230769230769, 167.6153846153846]], '목사', 0.035964284482309566), ([[1018.3272685315918, -12.989221814336364], [1259.2571338939472, 202.4638888737039], [1137.6727314684083, 340.98922181433636], [896.7428661060529, 125.5361111262961]], '이빼', 0.017513957993291963), ([[770.9169276102432, 509.01676181085367], [1021.7517630045523, 444.3859684312779], [1120.0830723897568, 901.9832381891463], [870.2482369954477, 966.6140315687221]], '백', 0.008849210214558534)]
[]
[([[33, 231], [629, 231], [629, 299], [33, 299]], '장-정말 기부탕이야 나 넘쥐', 0.0298915054701989), ([[33, 291], [359, 291], [359, 355], [33, 355]], '렌고의자자자 "', 0.12042495139974888), ([[1354, 352], [1396, 352], [1396, 376], [1354, 376]], '0', 0.22320392247127874), ([[1385, 333], [1509, 333], [1509, 393], [1385, 393]], '하아 여', 0.06852595508098602), ([[1528, 348], [1574, 348], [1574, 380], [1528, 380]], '', 0.0), ([[1559, 333], [1715, 333], [1715, 393], [1559, 393]], '회앗 ', 0.16796906295432298), ([[1738, 348], [1822, 348], [1822, 378], [1738, 378]], '찬', 0.0027106909032044296), ([[32, 400], [734, 400], [734, 472], [32, 472]], '정말고심어? 아빠염어제지고있염데밟', 0.0061300638936401695), ([[1212, 440], [1830, 440], [1830, 518], [1212, 518]], '천천히어골앗세괴롭현주 교핸붐다', 0.0005907018189948062), ([[33, 519], [869, 519], [869, 585], [33, 585]], '중유 갖교심어어 렌장의터다람 자 자지아', 0.00644648914021446), ([[1099, 499], [1822, 499], [1822, 575], [1099, 575]], '데분개잠켓어뇨0 따지덩어3태? 엄마뇨0', 0.0008650860962709042), ([[30, 573], [736, 573], [736, 645], [30, 645]], '안쪽-지필리주습관속-너무더의 야-', 0.012566996963378178), ([[1633, 623], [1823, 623], [1823, 683], [1633, 683]], '양털', 0.035520363969512275), ([[29, 692], [184, 692], [184, 755], [29, 755]], '미빠네에', 0.1440306156873703), ([[211, 689], [529, 689], [529, 757], [211, 757]], '느럽여행 끝나고도', 0.11550583935795601), ([[30, 746], [480, 746], [480, 818], [30, 818]], '관계계속음지하늄퍼지 ', 0.02123420480103066), ([[1031, 729], [1822, 729], [1822, 804], [1031, 804]], '문화 담백하다- 그럽나만*고심음없말찮아증', 0.0016437726238465256), ([[36, 884], [80, 884], [80, 908], [36, 908]], '(', 0.08308192856999597), ([[71, 863], [725, 863], [725, 931], [71, 931]], '운워유 ~아 알켓이까 부탕이야 ', 0.006543681621623351), ([[1235, 849], [1827, 849], [1827, 915], [1235, 915]], '부부럽잡나 야일교있으사', 0.08913003583877044), ([[33, 921], [385, 921], [385, 985], [33, 985]], '기^증계해쥐 ', 0.04908575367822419), ([[1153, 960], [1828, 960], [1828, 1032], [1153, 1032]], '이@과 -미문넘어 여문님컵화방안 서', 0.001111559616728148), ([[31, 1037], [449, 1037], [449, 1101], [31, 1101]], '(유요오오외중있아 씨', 0.049686461047493254), ([[1145, 1020], [1827, 1020], [1827, 1089], [1145, 1089]], "요염한 율내'외분/마의로자주변움", 0.0019761738402078125), ([[31, 1095], [561, 1095], [561, 1161], [31, 1161]], '믿렇계하르예어지수없이', 0.018064298788829584), ([[1026, 1074], [1828, 1074], [1828, 1147], [1026, 1147]], '입부걀리뷰둥로문지로랑문말울재곤1다', 0.00011737484543876009)]
[]
[([[340, 10], [378, 10], [378, 40], [340, 40]], '신', 0.022324539808329158), ([[1501, 223], [1625, 223], [1625, 283], [1501, 283]], '오옷', 0.9755361048962027), ([[1679, 219], [1821, 219], [1821, 287], [1679, 287]], '썰어들', 0.19232292199971296), ([[1489, 275], [1834, 275], [1834, 350], [1489, 350]], '안쪽까지 살로꽉 찬', 0.204520339008565), ([[39, 373], [217, 373], [217, 411], [39, 411]], '~~~~~~', 0.8428051806882928), ([[202, 350], [284, 350], [284, 426], [202, 426]], '윗', 0.07210663830443309), ([[1517, 339], [1806, 339], [1806, 406], [1517, 406]], '예로 아기 통로?', 0.6257512747553463), ([[1488, 399], [1758, 399], [1758, 467], [1488, 467]], '기분좋아아~맛!', 0.31722699052300435), ([[750.1490996492694, 55.0241538271413], [966.8578562891751, 138.939877069148], [914.8509003507306, 260.9758461728587], [699.1421437108249, 176.060122930852]], '( ', 0.06965973687897958), ([[1101.1162642820743, 797.0134684520403], [1569.8118876533767, 958.7022538228063], [1481.8837357179257, 1182.9865315479597], [1014.1881123466233, 1022.2977461771937]], "'(}", 0.0033151951648847638)]
[([[340, 10], [372, 10], [372, 40], [340, 40]], ')', 0.04716638811124718), ([[126, 296], [180, 296], [180, 356], [126, 356]], '옷', 0.9999132175200884), ([[95, 357], [223, 357], [223, 421], [95, 421]], '우우옷', 0.6070270621876083), ([[65, 417], [244, 417], [244, 490], [65, 490]], '굉장표햇', 0.48993125557899475), ([[87, 485], [305, 485], [305, 553], [87, 553]], '넷분-@', 0.013020029291510582), ([[116, 548], [318, 548], [318, 622], [116, 622]], '좋야 맛"', 0.02280612937101939), ([[98, 612], [252, 612], [252, 686], [98, 686]], '은유원', 0.17867427398028335), ([[751.1442531419223, 55.02442998364035], [966.8566714077913, 138.93134955081388], [914.8557468580777, 259.97557001635965], [700.1433285922087, 176.06865044918612]], '(물`', 0.021250791133705167), ([[1098.1135642475851, 798.0135508960335], [1568.7570542089402, 954.254091135108], [1482.8864357524149, 1182.9864491039666], [1012.2429457910598, 1026.745908864892]], "'{(}", 0.0834568440914154)]
[([[796, 492], [1122, 492], [1122, 564], [796, 564]], '앗표있다 있다 !', 0.05972399770848993), ([[780, 555], [1140, 555], [1140, 632], [780, 632]], '업잘이쪽이야 !', 0.12568627828147377)]
[([[340, 10], [374, 10], [374, 42], [340, 42]], '값', 0.020540214972177617), ([[1492, 272], [1816, 272], [1816, 344], [1492, 344]], '이런나이스한 몸울', 0.30350061685234947), ([[108, 338], [314, 338], [314, 394], [108, 394]], '아  안돼에~', 0.6854022975328128), ([[1469, 333], [1831, 333], [1831, 397], [1469, 397]], '혼자 나와 살기 전까진', 0.7027485418046009), ([[74, 390], [347, 390], [347, 458], [74, 458]], '곧갈것 같아 !', 0.4823030623997681), ([[1469, 393], [1839, 393], [1839, 455], [1469, 455]], '눈치차지 못해다니  ', 0.1026249182064308), ([[111, 451], [307, 451], [307, 515], [111, 515]], '택다람멋엇', 0.020968219614662397), ([[1501, 451], [1809, 451], [1809, 511], [1501, 511]], '나도 어린애 엿군 "', 0.28937193195107647), ([[102, 506], [331, 506], [331, 575], [102, 575]], '잔뜩안버략속', 0.09531279861129734), ([[751.1075368557226, 53.02490971743488], [969.8325276970126, 138.69108971085234], [916.8924631442774, 263.97509028256513], [698.1674723029874, 178.30891028914766]], '(>', 0.019912959837319836), ([[1097.1295215405937, 793.0130673017701], [1569.828175835555, 957.8478137754363], [1481.8704784594063, 1183.9869326982298], [1009.1718241644451, 1019.1521862245637]], "'{-:", 0.0028613246977329254)]
[]
[([[340, 10], [374, 10], [374, 42], [340, 42]], '값', 0.022906129831474553), ([[1609, 175], [1777, 175], [1777, 237], [1609, 237]], '하앗-감', 0.06887914465321823), ([[1605, 233], [1775, 233], [1775, 295], [1605, 295]], '하맛-감', 0.07157969901431212), ([[176, 308], [256, 308], [256, 360], [176, 360]], '잇-', 0.2847535267289158), ([[1557, 289], [1807, 289], [1807, 353], [1557, 353]], '슬슬-나와관어', 0.04246993528873162), ([[119, 367], [267, 367], [267, 429], [119, 429]], '어 얼굴', 0.6555464131522231), ([[1563, 347], [1829, 347], [1829, 411], [1563, 411]], '어디에 싸켓으면', 0.4026281064857109), ([[116, 426], [408, 426], [408, 498], [116, 498]], '얼굴터럽혀지고', 0.22428685200290696), ([[1629, 409], [1767, 409], [1767, 469], [1629, 469]], '좋계어?', 0.19038257002830505), ([[1597, 465], [1795, 465], [1795, 525], [1597, 525]], '엄마- %', 0.09838648332557108), ([[126, 486], [304, 486], [304, 560], [126, 560]], '싶어어표', 0.13864800333976746), ([[751.1075368557226, 53.02490971743488], [969.8325276970126, 138.69108971085234], [915.8924631442774, 263.97509028256513], [698.1674723029874, 178.30891028914766]], '(개', 0.027357302109410404), ([[1398.2219646171636, 577.0159366587905], [1521.5395550401042, 523.0076625883306], [1653.7780353828364, 858.9840633412095], [1529.4604449598958, 912.9923374116694]], '꿀', 0.005305574092963339), ([[1175.6479721620428, 914.0435685116623], [1291.611984863928, 820.0089191672672], [1498.3520278379572, 1110.9564314883376], [1382.388015136072, 1204.991080832733]], '@', 0.25766593858556064)]
[([[338, 10], [378, 10], [378, 40], [338, 40]], '신', 0.05039681129336859), ([[1599, 243], [1721, 243], [1721, 305], [1599, 305]], '오옷', 0.9664462890870905), ([[1518, 294], [1844, 294], [1844, 370], [1518, 370]], '역사전 운동선순0', 0.4521061234306458), ([[83, 341], [343, 341], [343, 403], [83, 403]], '저 정자 냄새앗', 0.6906681130869129), ([[1549, 363], [1815, 363], [1815, 425], [1549, 425]], '도씨 기질이네 ?', 0.27673258709668697), ([[16, 396], [294, 396], [294, 468], [16, 468]], '너뒤중은거어얼', 0.15817125806344767), ([[70, 456], [356, 456], [356, 528], [70, 528]], '분이분틱이야아', 0.1277997353375554), ([[106, 516], [316, 516], [316, 588], [106, 588]], '업마있업굴', 0.041412296582761625), ([[60, 576], [306, 576], [306, 650], [60, 650]], '잔뜩더럽어쥐', 0.14306312460577977), ([[751.1124796860396, 53.0246343487134], [969.843112177029, 139.76487214100007], [915.8875203139604, 264.9753656512866], [697.156887822971, 178.23512785899993]], '(>', 0.05178504809256935), ([[1398.2371966419125, 566.0145520181085], [1533.544756937886, 514.0074203795853], [1657.7628033580875, 867.9854479818915], [1522.455243062114, 920.9925796204147]], '대', 0.015633323406697208), ([[1176.6392295055389, 914.0441343852991], [1291.611984863928, 820.0089191672672], [1500.3607704944611, 1109.955865614701], [1385.388015136072, 1204.991080832733]], '@', 0.4327620312590206)]
[]
[([[751, 45], [889, 45], [889, 199], [751, 199]], '12', 0.451276135665968), ([[1611, 157], [1787, 157], [1787, 221], [1611, 221]], '하앗-웨', 0.12348383926193532), ([[836, 150], [960, 150], [960, 322], [836, 322]], '', 0.0), ([[1613, 219], [1787, 219], [1787, 281], [1613, 281]], '하앗-씨', 0.07096076639831417), ([[1605, 279], [1751, 279], [1751, 345], [1605, 345]], '아아앗~', 0.6090775728225708), ([[405, 371], [479, 371], [479, 415], [405, 415]], '4', 0.5795768241342536), ([[1623, 341], [1745, 341], [1745, 403], [1623, 403]], '굉장해', 0.999489332148074), ([[1583, 397], [1823, 397], [1823, 463], [1583, 463]], '남은 정액까지', 0.9294415900887782), ([[107, 429], [243, 429], [243, 573], [107, 573]], '통용', 0.05192250503764902), ([[842, 338], [1038, 338], [1038, 642], [842, 642]], '말', 0.0056271453011680905), ([[1617, 457], [1775, 457], [1775, 523], [1617, 523]], '남림없이', 0.6357541680335999), ([[1607, 521], [1801, 521], [1801, 585], [1607, 585]], '빨아들이고', 0.9944145218914067), ([[1579, 579], [1667, 579], [1667, 643], [1579, 643]], '있어', 0.9068744249638083), ([[221.92927022636363, 286.0441697389998], [435.46614532554617, 324.3128302558244], [410.0707297736364, 432.9558302610002], [197.53385467445386, 394.6871697441756]], '어', 0.03155678700686537), ([[1448.2379464145386, 685.0264283693555], [1519.5063750488493, 649.0116614399673], [1613.7620535854614, 850.9735716306445], [1541.4936249511507, 887.9883385600327]], '품', 0.04517678643253831), ([[1260.4267107705416, 738.011742801214], [1464.1866978974822, 915.2977666412079], [1384.5732892294584, 1009.988257198786], [1179.8133021025178, 832.7022333587921]], '(씌}', 0.011071727204376611)]
[]
[([[1228, 310], [1274, 310], [1274, 340], [1228, 340]], '론', 0.005256762868754983), ([[1263, 291], [1399, 291], [1399, 357], [1263, 357]], '@아"', 0.034921172156314205), ([[1424, 308], [1474, 308], [1474, 340], [1424, 340]], '@', 0.04925767264726133), ([[1456, 288], [1562, 288], [1562, 360], [1456, 360]], '&앗', 0.015601176573921675), ([[1564, 310], [1668, 310], [1668, 336], [1564, 336]], '- )', 0.011918397290127851), ([[1702, 308], [1792, 308], [1792, 338], [1702, 338]], '0물 ', 0.007611096218686466), ([[1098, 416], [1236, 416], [1236, 490], [1098, 490]], '흉유-', 0.016750672205021213), ([[1270, 416], [1762, 416], [1762, 492], [1270, 492]], '불태원마아   염릎성이야', 0.013716409094447287), ([[1370, 482], [1802, 482], [1802, 556], [1370, 556]], '노망예안말래없마', 0.018709715579945448), ([[1064, 612], [1798, 612], [1798, 686], [1064, 686]], '그렇사 역세이매로집 순눈없어가', 0.05903065843164081), ([[1168, 740], [1792, 740], [1792, 816], [1168, 816]], '함펴로콤록료합수있타나 반0', 0.008023591448833528), ([[1314, 874], [1798, 874], [1798, 946], [1314, 946]], '여)갈예로고명아 기', 0.0032012398694114793)]
[]
[]
[([[1301, 327], [1425, 327], [1425, 395], [1301, 395]], '후우;', 0.15789075084313633), ([[1194, 387], [1538, 387], [1538, 467], [1194, 467]], '도.어합때하 `', 0.0029264364864084835)]
[([[1340, 68], [1798, 68], [1798, 142], [1340, 142]], '여리? 물활목욕하리앞어?', 0.04894074949955069), ([[994, 188], [1796, 188], [1796, 262], [994, 262]], '@요응 모모처럼런 목욕탕이말레있으네까', 0.016455996236443778), ([[1161, 250], [1796, 250], [1796, 322], [1161, 322]], '한번으로습 아깝지않과해서표호호 표', 0.12031306115393287), ([[1721, 377], [1793, 377], [1793, 437], [1721, 437]], '년', 0.697427144061308), ([[1079, 488], [1792, 488], [1792, 562], [1079, 562]], '땀울속 플렉세몸이곤적관적해적으 깨', 0.00711907290399104), ([[1718, 618], [1794, 618], [1794, 674], [1718, 674]], '효', 0.006641823940791491), ([[862, 730], [1796, 730], [1796, 802], [862, 802]], '회뇨음스장이야 {~@예기요렉곡스장모말리언장기?', 0.0008670807079683735), ([[1190, 786], [1794, 786], [1794, 867], [1190, 867]], '터미제많이표과다 @그렇지멘행', 0.0028889504870572616), ([[950, 906], [1796, 906], [1796, 982], [950, 982]], '8음맞다 기노전랑운안 씌어서언결되어언어', 0.00750121312878335), ([[1068, 968], [1792, 968], [1792, 1042], [1068, 1042]], '@-이터니가 작교넘이쪽요로요지다 ', 0.001967196223088349), ([[1590, 1090], [1792, 1090], [1792, 1162], [1590, 1162]], '안가거지 -', 0.04327586987360914)]
[]
[([[658, 436], [1230, 436], [1230, 510], [658, 510]], '오랜지움가주여행 @;원사;', 0.033460951331934545), ([[847, 561], [1226, 561], [1226, 629], [847, 629]], '답근령네에 ', 0.009949417703180048)]
[]
[([[1148, 42], [1358, 42], [1358, 116], [1148, 116]], '하앗!0', 0.15892156958580017), ([[1164, 116], [1374, 116], [1374, 192], [1164, 192]], '하앗-]~', 0.009975434996784426), ([[1097, 260], [1249, 260], [1249, 352], [1097, 352]], '휴춧', 0.1897354489604852), ([[25, 312], [260, 312], [260, 402], [25, 402]], '또미깝이', 0.045247796922922134), ([[1118, 338], [1254, 338], [1254, 418], [1118, 418]], '휴유', 0.0817258733829339), ([[45, 394], [225, 394], [225, 486], [45, 486]], '어~가', 0.14448876678943634), ([[17, 477], [256, 477], [256, 565], [17, 565]], '가자)', 0.8309817356904223), ([[1191, 1008], [1315, 1008], [1315, 1192], [1191, 1192]], '7', 0.9542789569794117), ([[872.8199912904895, 28.021763972265767], [1157.778061625592, 94.11355004021323], [1087.1800087095105, 362.9782360277342], [803.221938374408, 296.8864499597868]], '7', 0.0109282466413268), ([[1037.1573939780164, 644.0095956349255], [1412.9903284376194, 905.1540673330275], [1233.8426060219836, 1156.9904043650745], [858.0096715623806, 895.8459326669725]], '아뷰', 0.008722551272486452)]
[([[1148, 42], [1358, 42], [1358, 116], [1148, 116]], '하앗!0', 0.1142703965306282), ([[1164, 116], [1376, 116], [1376, 192], [1164, 192]], '하앗-]~', 0.01505884553848053), ([[159, 227], [429, 227], [429, 315], [159, 315]], '그렇네나다', 0.09367730526430997), ([[163, 307], [429, 307], [429, 395], [163, 395]], '미 아', 0.21494196198682697), ([[180, 396], [298, 396], [298, 476], [180, 476]], '옳', 0.04670211776554667), ([[208, 560], [310, 560], [310, 640], [208, 640]], '응', 0.7967082649032733), ([[886, 908], [1230, 908], [1230, 1266], [886, 1266]], '<', 0.034071316028673415), ([[328, 1484], [380, 1484], [380, 1560], [328, 1560]], '3', 0.995541665285149), ([[767.9481114796782, 484.0197653594396], [1319.2214243233072, 572.4430145790574], [1268.0518885203219, 805.9802346405604], [716.7785756766928, 717.5569854209426]], "[_ 찌'", 0.04720837887901279), ([[585.4933415398829, 885.0214301706184], [629.5627260384852, 875.0264466683882], [659.5066584601171, 1014.9785698293816], [615.4372739615148, 1024.9735533316118]], '{', 0.7805887501601525)]
[]
[([[1295, 669], [1669, 669], [1669, 910], [1295, 910]], '[푸', 0.0011484876797030732)]
[([[558, 474], [1376, 474], [1376, 552], [558, 552]], '엄마와 관계름 맺은 가족 여행 후 몇 주가 지난', 0.6129396691343747), ([[840, 540], [1092, 540], [1092, 616], [840, 616]], '어5날의일', 0.4175867265348151), ([[1291, 661], [1671, 661], [1671, 914], [1291, 914]], '[청', 0.01835805226092447)]
[([[21, 65], [587, 65], [587, 133], [21, 133]], '"헤~축하해고응}]  눈유의?', 0.04593550240724332), ([[1363, 65], [1549, 65], [1549, 131], [1363, 131]], '뚜부루루루', 0.5430649020085625), ([[1606, 68], [1758, 68], [1758, 124], [1606, 124]], '뚜루루루', 0.338711142539978), ([[23, 178], [546, 178], [546, 246], [23, 246]], '바보-{너인제당연화깝때', 0.11363925366186173), ([[23, 293], [757, 293], [757, 361], [23, 361]], '정말 [뇨 놀랍다아]3떠아빠한데눈 이일', 0.021059755154828542), ([[1277, 295], [1831, 295], [1831, 361], [1277, 361]], '올신임마한터 온거다   여보세요?', 0.049354747373002335), ([[1557, 353], [1833, 353], [1833, 417], [1557, 417]], '진금 아빠 없어?', 0.8176007753027409), ([[21, 407], [464, 407], [464, 475], [21, 475]], '말말수있음리가 없잡아', 0.0268900549213866), ([[1308, 406], [1802, 406], [1802, 478], [1308, 478]], '마침마드전화하런괴행없어~', 0.13080227657731858), ([[21, 467], [1019, 467], [1019, 535], [21, 535]], '또오히리완전히터기아이라고생각해서 엄청 기뻐하고 계서" .', 0.19151495849050887), ([[1119, 467], [1791, 467], [1791, 533], [1119, 533]], '또 영상동화로 자위 서로보여주면서하자-', 0.6560394369063638), ([[21, 523], [486, 523], [486, 591], [21, 591]], '정말마음이괴로워사- 나:', 0.020671208362512773), ([[1115, 522], [1833, 522], [1833, 589], [1115, 589]], '요즘 알바가 바쁘어서 엄청 쌓여있거든', 0.44663570478324277), ([[16, 636], [806, 636], [806, 708], [16, 708]], '아버지모니 태평합분이시데-덕분에 살앗지만-', 0.009434032759165002), ([[1376, 636], [1835, 636], [1835, 708], [1376, 708]], '렌모 좀짐칙하고 들어반 @', 0.03442553096844085), ([[19, 752], [1045, 752], [1045, 821], [19, 821]], '요즘-이뤄기보다되여행이후로 밤에 원해진 적이만있으니까', 0.04981600219322208), ([[1529, 755], [1833, 755], [1833, 821], [1529, 821]], '@3무손 일있어?', 0.31090363961959755), ([[19, 811], [793, 811], [793, 879], [19, 879]], '요존계도착각해주교있봉럿 갈은데   "하아', 0.006020359655934331), ([[1411, 871], [1835, 871], [1835, 935], [1411, 935]], '@저기-생겨미없어', 0.030885783297121473), ([[17, 922], [986, 922], [986, 999], [17, 999]], '뒤닷전마 -이렇제되이상 남자답게 인지하과 양울비도-', 0.016005172245463526), ([[1570, 988], [1828, 988], [1828, 1044], [1570, 1044]], '"응? " ""뭐가?', 0.40597772749476996), ([[17, 1040], [488, 1040], [488, 1108], [17, 1108]], '파다로워지니까 인해도 돼형]', 0.11122513099124173), ([[20, 1096], [1060, 1096], [1060, 1169], [20, 1169]], '떠어쨌든 이 일은서로무덤까지 가져가} 비밀이니까 알컷자-!', 0.18355212361784284), ([[1249, 1101], [1441, 1101], [1441, 1163], [1249, 1163]], '그러니까야:', 0.397412842061006), ([[1525, 1101], [1771, 1101], [1771, 1161], [1525, 1161]], '아 " 아기: "', 0.4429051141501438)]
[([[1186, 124], [1459, 124], [1459, 201], [1186, 201]], '미입해돕다', 0.2591709686029868), ([[1568, 118], [1670, 118], [1670, 190], [1568, 190]], '장', 0.25995981189011275), ([[106, 182], [460, 182], [460, 258], [106, 258]], '아냐; 이계뜻째에', 0.018141014986024728), ([[511, 181], [780, 181], [780, 258], [511, 258]], '노그렇초셈', 0.048820339125580946), ([[1236, 192], [1410, 192], [1410, 264], [1236, 264]], '모처럼의', 0.32849618792533875), ([[1507, 183], [1747, 183], [1747, 255], [1507, 255]], '걱정애다구', 0.02227088110273996), ([[148, 246], [416, 246], [416, 322], [148, 322]], '통집합 시권율', 0.013496152627367083), ([[559, 253], [737, 253], [737, 319], [559, 319]], '@@하 ', 0.024662546813488007), ([[1233, 255], [1410, 255], [1410, 332], [1233, 332]], '가족여행', 0.9436995387077332), ([[1532, 248], [1722, 248], [1722, 320], [1532, 320]], '공장합다', 0.2463236302137375), ([[156, 316], [412, 316], [412, 388], [156, 388]], '보습데"', 0.004234408028423786), ([[1197, 325], [1451, 325], [1451, 393], [1197, 393]], '이없데', 0.4337909305124178), ([[1530, 314], [1726, 314], [1726, 386], [1530, 386]], '여인', 0.02063128101868872), ([[443, 473], [609, 473], [609, 541], [443, 541]], '예비보 [', 0.16295730125115576), ([[1398, 482], [1626, 482], [1626, 556], [1398, 556]], '댐우리지음', 0.10602270887642894), ([[158, 554], [314, 554], [314, 584], [158, 584]], '에+물-다물)', 0.0015257399972208915), ([[414, 534], [654, 534], [654, 608], [414, 608]], '쓸계언습말', 0.051475715063527806), ([[1388, 546], [1632, 546], [1632, 620], [1388, 620]], '때공공합수', 0.35481256334606304), ([[395, 602], [665, 602], [665, 670], [395, 670]], '안해국태 때', 0.0368096340507971), ([[1402, 612], [1622, 612], [1622, 686], [1402, 686]], '외없*%진', 0.0012626927017383128), ([[1416, 676], [1604, 676], [1604, 750], [1416, 750]], '맨찮지만', 0.015937060117721558), ([[1320, 742], [1702, 742], [1702, 816], [1320, 816]], '당센이량 렌교야말로', 0.2755629606209878), ([[272, 800], [496, 800], [496, 872], [272, 872]], '@아무튼', 0.42357683181762695), ([[1376, 808], [1646, 808], [1646, 880], [1376, 880]], '아무것로없습', 0.30456193936097004), ([[232, 863], [540, 863], [540, 941], [232, 941]], '따오늘이마지막', 0.4039701293384816), ([[1415, 872], [1589, 872], [1589, 944], [1415, 944]], '산속에서', 0.8907170952506046), ([[294, 930], [476, 930], [476, 1002], [294, 1002]], '날이내', 0.6224077233089315), ([[1358, 938], [1664, 938], [1664, 1012], [1358, 1012]], '공공 하인체로', 0.030331120383446538), ([[250, 994], [516, 994], [516, 1068], [250, 1068]], '넷이제제매로', 0.2850928882747886), ([[1413, 1005], [1611, 1005], [1611, 1073], [1413, 1073]], '따분렉지?', 0.45111436418083806), ([[252, 1060], [514, 1060], [514, 1132], [252, 1132]], '광공해요데?', 0.16700455077063997)]
[([[1583, 343], [1781, 343], [1781, 409], [1583, 409]], '알죽어-?!', 0.12100282945531148), ([[1042, 464], [1320, 464], [1320, 536], [1042, 536]], '아; 알죽습니다:', 0.2161983888503862), ([[1456, 462], [1784, 462], [1784, 534], [1456, 534]], '근데-짓위 쪽은"', 0.36624964938250465), ([[736, 586], [1786, 586], [1786, 663], [736, 663]], '된?드립때마아내-오흉예산분인과 예약 되어있으니까-!', 0.013810190296241054), ([[1166, 652], [1784, 652], [1784, 726], [1166, 726]], '본자제적팔이터 기그럼끊어솔', 0.006224758143243392), ([[1688, 802], [1776, 802], [1776, 828], [1688, 828]], '"%', 0.0011659712425147225), ([[1090, 908], [1782, 908], [1782, 982], [1090, 982]], '떠설만제나이에임신활 줄이야 -"', 0.03418070224988557), ([[1078, 970], [1614, 970], [1614, 1044], [1078, 1044]], '5어제전후의 숙녀  "임신한 배', 0.29126657733671074), ([[1639, 977], [1781, 977], [1781, 1041], [1639, 1041]], "'좋앉어!", 0.4151085681022161), ([[890, 1032], [1782, 1032], [1782, 1107], [890, 1107]], '앞으로름 위해서 임산부물 ^벼 보면서 공부해야지!', 0.16755712239341566)]
[]
[([[714, 540], [1234, 540], [1234, 616], [714, 616]], '리모두 령이더지나다 ', 0.00531810855604843), ([[1301, 671], [1677, 671], [1677, 907], [1301, 907]], '[0', 0.0057496169356921825)]
[([[923, 301], [1261, 301], [1261, 365], [923, 365]], '오"야 "옷-', 0.0013776859229479787), ([[1283, 301], [1755, 301], [1755, 369], [1283, 369]], '따맛 ~맛-"으웃~"', 0.06856472789644345), ([[923, 423], [1802, 423], [1802, 500], [923, 500]], '"옷 -!"오옷-!@하앗--이하야 이따탁탁탁 "', 0.029524928678758208), ([[985, 556], [1794, 556], [1794, 632], [985, 632]], '아뇨양 내안대옛"! 0아앗-간다간다" !0', 0.05324276554543671), ([[1292, 688], [1792, 688], [1792, 760], [1292, 760]], '마로이따같이 름', 0.03902347466010678), ([[1281, 883], [1793, 883], [1793, 949], [1281, 949]], '떠#"""웃고0', 0.0002443372854111902), ([[1268, 1012], [1792, 1012], [1792, 1089], [1268, 1089]], '\'"~~~~북 !" 부릇!""', 0.06792088097701794)]
[]
[([[1012, 456], [1784, 456], [1784, 534], [1012, 534]], '후~"  엄청나게 만족스러운-자없없다 -(', 0.1005809913487114), ([[1088, 586], [1385, 586], [1385, 664], [1088, 664]], '여33요히앗 00', 0.0003885344146408014), ([[1412, 612], [1500, 612], [1500, 644], [1412, 644]], '스', 0.10556045624469235), ([[1485, 595], [1585, 595], [1585, 661], [1485, 661]], "'하앗", 0.20105569862890013), ([[1241, 709], [1822, 709], [1822, 795], [1241, 795]], "'표엄마: 배갑 꽤나-", 0.010085181138409552)]
[([[956, 102], [1326, 102], [1326, 174], [956, 174]], '눈에 띄기 시작햇네"', 0.5314176499042952), ([[953, 171], [1237, 171], [1237, 237], [953, 237]], '초 에로하다구~', 0.6561736600382017), ([[953, 299], [1355, 299], [1355, 367], [953, 367]], '아빠도 같은 말을 햇어', 0.7338770288260157), ([[1013, 361], [1316, 361], [1316, 437], [1013, 437]], '정말이지 남자는', 0.7649129357750087), ([[935, 425], [1400, 425], [1400, 503], [935, 503]], '무사태평하다니까 "(발끈)', 0.5121059114462116), ([[308, 1496], [338, 1496], [338, 1524], [308, 1524]], '8', 0.044002131306669634), ([[738, 1656], [764, 1656], [764, 1690], [738, 1690]], '^', 0.9145592052710896), ([[902.4226202628868, 1242.2535721577322], [1143.8108806525975, 1121.116678321796], [1207.5773797371132, 1253.7464278422678], [965.1891193474025, 1373.883321678204]], '대완편', 0.003226334211736161)]
[([[921, 238], [1092, 238], [1092, 341], [921, 341]], '"이런\'', 0.9926261305809021), ([[108, 378], [354, 378], [354, 454], [108, 454]], '떠에앗님?', 0.0056191352308613525), ([[80, 452], [380, 452], [380, 532], [80, 532]], '@모유가 벌써', 0.5511101840966242), ([[87, 527], [375, 527], [375, 613], [87, 613]], '나오는거야]?', 0.2656864353598139), ([[707, 801], [1049, 801], [1049, 1009], [707, 1009]], '9"', 0.03632512982287521), ([[308, 1496], [338, 1496], [338, 1524], [308, 1524]], '6', 0.18890461561392158), ([[738, 1656], [762, 1656], [762, 1690], [738, 1690]], '^', 0.6247013940744672), ([[1306.3300922577378, 905.0280978670799], [1365.1685391734418, 890.0858028707814], [1399.6699077422622, 1039.9719021329201], [1340.8314608265582, 1054.9141971292186]], '7', 0.6325302589583579)]
[([[928, 160], [1338, 160], [1338, 238], [928, 238]], '보통은 출산 후인데,', 0.5506123286744584), ([[942, 236], [1332, 236], [1332, 312], [942, 312]], '엄마는 세번째니까', 0.9337548099068624), ([[966, 312], [1364, 312], [1364, 390], [966, 390]], '쓰꽤-왜는 모양이야', 0.42435326267020795), ([[949, 383], [1315, 383], [1315, 467], [949, 467]], '빨리 나오는 사람', 0.9864551677253715), ([[308, 1496], [340, 1496], [340, 1526], [308, 1526]], '7', 0.056117268915217844), ([[738, 1656], [762, 1656], [762, 1690], [738, 1690]], '1', 0.10022153623276964), ([[1306.3009300182812, 906.0306022084062], [1364.1544551445738, 891.0837361514938], [1398.6990699817188, 1035.9693977915938], [1340.8455448554262, 1050.9162638485063]], '7', 0.49375062667331804)]
[([[1021, 459], [1831, 459], [1831, 544], [1021, 544]], '""엄마"그~""""" 내가 생각울해빛논데:"', 0.08328388949438253), ([[1422, 622], [1596, 622], [1596, 652], [1422, 652]], '(', 0.7324603159518439), ([[1583, 605], [1831, 605], [1831, 673], [1583, 673]], '/름"33', 0.07478422101837685), ([[1305, 671], [1619, 671], [1619, 905], [1305, 905]], '의', 0.0010107120736507907)]
[([[306, 110], [484, 110], [484, 182], [306, 182]], '[내터리', 0.05313461273908615), ([[677, 113], [929, 113], [929, 181], [677, 181]], '옛 기거짓말', 0.21435869418196218), ([[1054, 110], [1190, 110], [1190, 184], [1054, 184]], '아이물', 0.7693756534192779), ([[1303, 113], [1419, 113], [1419, 179], [1303, 179]], '멈계', 0.02495320091293513), ([[1461, 113], [1677, 113], [1677, 181], [1461, 181]], '그리0념', 0.012494096532464027), ([[305, 175], [497, 175], [497, 243], [305, 243]], '활영관되', 0.016844268888235092), ([[715, 181], [885, 181], [885, 241], [715, 241]], '갑갑" 앗', 0.0012519317896989405), ([[992, 172], [1264, 172], [1264, 246], [992, 246]], '히라노류세이', 0.32416241885697006), ([[1478, 172], [1676, 172], [1676, 244], [1478, 244]], '눈 아가', 0.06066234037280083), ([[284, 236], [504, 236], [504, 308], [284, 308]], '팬들이닷로', 0.09059858986018186), ([[685, 239], [923, 239], [923, 305], [685, 305]], '정말이네 애', 0.08982924727848916), ([[1020, 236], [1236, 236], [1236, 310], [1020, 310]], '이 주변어세', 0.437333682719931), ([[1464, 236], [1674, 236], [1674, 308], [1464, 308]], '트위로', 0.1003844124933002), ([[278, 298], [524, 298], [524, 370], [278, 370]], '뜻아미멘', 0.09785695374011993), ([[707, 301], [889, 301], [889, 369], [707, 369]], '틈세이군', 0.27799391746520996), ([[1034, 295], [1209, 295], [1209, 371], [1034, 371]], '촬영하고', 0.9909958839416504), ([[1461, 301], [1691, 301], [1691, 369], [1461, 369]], '뵙없습데', 0.03351401910185814), ([[272, 360], [530, 360], [530, 434], [272, 434]], '트/화되없에', 0.05000215249735364), ([[698, 360], [909, 360], [909, 437], [698, 437]], '와-데~~!', 0.3946836650681262), ([[1010, 360], [1246, 360], [1246, 434], [1010, 434]], '있습페되야', 0.009113539832359931), ([[730, 421], [867, 421], [867, 494], [730, 494]], '만사', 0.14193087447035113), ([[692, 486], [918, 486], [918, 558], [692, 558]], '심어 ~-때', 0.17410234703010843), ([[269, 716], [504, 716], [504, 792], [269, 792]], '저끼야 ?', 0.13734816864793598), ([[663, 723], [843, 723], [843, 789], [663, 789]], '이중예서', 0.6093636751174927), ([[1012, 730], [1133, 730], [1133, 794], [1012, 794]], '아제', 0.10021643528242825), ([[1215, 731], [1409, 731], [1409, 797], [1215, 797]], '떠글쎄', 0.19478974222346115), ([[1466, 726], [1706, 726], [1706, 798], [1466, 798]], '당신일아요', 0.0928329788889196), ([[297, 783], [481, 783], [481, 851], [297, 851]], '붐세이움', 0.20447173714637756), ([[620, 780], [876, 780], [876, 854], [620, 854]], '면어플마지고', 0.21241474958858042), ([[984, 788], [1172, 788], [1172, 860], [984, 860]], '질째움', 0.10237106476397857), ([[248, 844], [528, 844], [528, 916], [248, 916]], '맨고심은다', 0.2305923439917076), ([[654, 844], [840, 844], [840, 916], [654, 916]], '외눈없음', 0.026150256395339966), ([[989, 853], [1171, 853], [1171, 921], [989, 921]], '나로쫓야', 0.2738790512084961), ([[317, 911], [451, 911], [451, 975], [317, 975]], '렌트', 0.0588971994757807), ([[608, 906], [894, 906], [894, 980], [608, 980]], '아빠-이네까뇨', 0.04047910004955072), ([[963, 915], [1195, 915], [1195, 983], [963, 983]], '마니고심에', 0.4097893031308983), ([[276, 968], [502, 968], [502, 1040], [276, 1040]], '탤레사점 {', 0.017041370973416757)]
[]
[]
[([[1185, 45], [1837, 45], [1837, 111], [1185, 111]], "'뭐?멘센교의아파트에?3 3떠어째서?", 0.035817494038211044), ([[768, 152], [1836, 152], [1836, 228], [768, 228]], '으응 "도;"도교의굉장히평판이중음산부인과 전문 병원이없어세', 0.19798609439700326), ([[908, 215], [1835, 215], [1835, 283], [908, 283]], '건기가 어쩌다 운연히되렌고가 살고 있는 곳 근처거듭 ]', 0.11469788344627344), ([[586, 270], [1834, 270], [1834, 342], [586, 342]], '3"그래서  "내나도고렇출산이니까노 그-여러가지로 불안도 있고: .', 0.041422628716956705), ([[748, 384], [1838, 384], [1838, 458], [748, 458]], '저기 "프리교다렌교로시업지않은계먹_언지않율까생각해사 @', 0.0061757670953220085), ([[644, 442], [1836, 442], [1836, 514], [644, 514]], '저번에 밟울때언지말화던가 "같음느낌이노역세이런터짓말 틀길거야 0', 0.004907483523165556), ([[1711, 561], [1835, 561], [1835, 625], [1711, 625]], '알켓에', 0.19192432851888816), ([[28, 652], [539, 652], [539, 725], [28, 725]], '실그로@과고마워요당신 기', 0.0004696429312076189), ([[1626, 694], [1772, 694], [1772, 720], [1626, 720]], '(.%', 0.00021347885099128855), ([[1764, 682], [1834, 682], [1834, 736], [1764, 736]], '예?', 0.9349542354529244), ([[29, 713], [387, 713], [387, 781], [29, 781]], '(정말미인해여보 밟', 0.2836300047071651), ([[926, 786], [1836, 786], [1836, 860], [926, 860]], '당세이안심하고출샌 준비름할 수외문데마)중요하고', 0.0029453810231345784), ([[27, 827], [449, 827], [449, 895], [27, 895]], '하지만 -점점매가터지늄', 0.12141515977179745), ([[1385, 847], [1827, 847], [1827, 915], [1385, 915]], '마드다음주데정년이짜', 0.09089447905518831), ([[28, 884], [518, 884], [518, 956], [28, 956]], '당신팔붙 수없눕계아쉽데뇨', 0.00908919516101535), ([[1050, 902], [1836, 902], [1836, 976], [1050, 976]], '집안일음워이항어명계문할테니 걱정하지말교', 0.03739000455884075), ([[29, 945], [221, 945], [221, 1011], [29, 1011]], '아해는데', 0.09561103582382202), ([[1589, 963], [1837, 963], [1837, 1029], [1589, 1029]], '다녀앉 도교에', 0.17922473446450948), ([[29, 1058], [577, 1058], [577, 1124], [29, 1124]], '@뇨이하 싫마정말 당신]찰', 0.020284197997884713), ([[25, 1115], [521, 1115], [521, 1183], [25, 1183]], '(하여름이녀적3저녀석로 0', 0.23055416884174432)]
[]
[([[705, 539], [1107, 539], [1107, 625], [705, 625]], '#]63336 입주입뒤', 8.382615546350379e-05)]
[([[1575, 102], [1847, 102], [1847, 179], [1575, 179]], '~회제다공향', 0.02129652388768678), ([[1294, 213], [1774, 213], [1774, 285], [1294, 285]], '틈움-예롭미무전원전-에', 0.002555243173117477), ([[1759, 233], [1836, 233], [1836, 263], [1759, 263]], '콤', 0.004406464855012671), ([[1001, 266], [1844, 266], [1844, 338], [1001, 338]], '합2빠만이@이느관태어러올다눈되여-습다 ~', 0.001115286844945087), ([[1141, 327], [1843, 327], [1843, 395], [1141, 395]], '이리운관관의단편모어늘사람이되다사', 0.0064514495227661), ([[875, 379], [1843, 379], [1843, 447], [875, 447]], '이제외제롭회해되늦없지만노 리움습방법이완전히름없이', 0.00518042135644595), ([[1286, 487], [1846, 487], [1846, 561], [1286, 561]], '업마-이미안 미안 (기다렇어?', 0.17004575194702504), ([[26, 607], [629, 607], [629, 676], [26, 676]], '아파트지택? 대더리가 언지양%?', 0.011845981004828284), ([[1758, 606], [1836, 606], [1836, 660], [1758, 660]], '조금', 0.9914745978805161), ([[25, 717], [381, 717], [381, 785], [25, 785]], '아사이파트야민량', 0.0179185821589067), ([[1065, 713], [1837, 713], [1837, 779], [1065, 779]], '"옷 \'오옷 0점점터: 음란한 불훨빼가0', 0.024808890297344566), ([[27, 773], [589, 773], [589, 841], [27, 841]], '공항문체하텔예방잡아 킬으까)', 0.05894271922300314), ([[1187, 821], [1841, 821], [1841, 889], [1187, 889]], '임장내아기때문예롭이 변화하눕없야!', 0.053793313986552724), ([[27, 883], [535, 883], [535, 949], [27, 949]], '예옛--?지금막 도착해는데다?', 0.10565905708966251), ([[1366, 879], [1841, 879], [1841, 943], [1366, 943]], '[희들의그 떠속다속만', 0.019231118320370586), ([[1067, 931], [1841, 931], [1841, 999], [1067, 999]], '눈요기가되미원해세매가터다래지늄제아내야{', 0.1369597020440544), ([[26, 990], [564, 990], [564, 1062], [26, 1062]], '야 옆시 피곤해? 엄청하고심어서', 0.10681346798186094), ([[27, 1049], [429, 1049], [429, 1115], [27, 1115]], '마음대로방울잡앞지만"', 0.31544112972852373), ([[1016, 1035], [1844, 1035], [1844, 1111], [1016, 1111]], '알고 있다니까-0자가자가자) 램사불렉뷰으가', 0.016427955542075306), ([[27, 1100], [430, 1100], [430, 1172], [27, 1172]], '문건움몸으로움함튼가뇨', 0.04742128832641866)]
[]
[([[1174, 490], [1262, 490], [1262, 520], [1174, 520]], '(', 0.048329228160582716), ([[1245, 463], [1814, 463], [1814, 544], [1245, 544]], '무부부부루 ~무부부부루 $', 0.05096068222042634), ([[1099, 593], [1812, 593], [1812, 673], [1099, 673]], '여보세요 ] 아여 응엄마황합류없에', 0.018319233880367557)]
[([[1507, 103], [1783, 103], [1783, 171], [1507, 171]], '너도 여러가지로', 0.9921967350488128), ([[1542, 164], [1745, 164], [1745, 230], [1542, 230]], '바쁘켓지만', 0.6112927728495862), ([[1477, 223], [1811, 223], [1811, 289], [1477, 289]], '엄마을 잘 부탁하다;', 0.5548694274544738), ([[1490, 342], [1790, 342], [1790, 414], [1490, 414]], '물론 맡겨두라고;', 0.475495392694155), ([[1466, 401], [1820, 401], [1820, 473], [1466, 473]], '아빠도기쁘지 않아?', 0.9863412409589066), ([[410, 430], [514, 430], [514, 506], [410, 506]], '주움', 0.9671767704258938), ([[1553, 465], [1725, 465], [1725, 529], [1553, 529]], '손자 같은', 0.9754464345645507), ([[432, 504], [534, 504], [534, 582], [432, 582]], '주움', 0.7101945859560714), ([[1497, 523], [1791, 523], [1791, 591], [1497, 591]], '느낌이지만(웃음)', 0.9739934207222726), ([[1478, 640], [1810, 640], [1810, 712], [1478, 712]], '하나끔 더 만들자고', 0.1720237590202649), ([[1533, 703], [1743, 703], [1743, 769], [1533, 769]], '얘기햇지만', 0.4900640896697675), ([[1461, 759], [1828, 759], [1828, 832], [1461, 832]], "'좀처럼 생기기 않아서", 0.6983397898303872), ([[1530, 821], [1752, 821], [1752, 893], [1530, 893]], '몇 년도 전에', 0.8005782701107406), ([[1476, 878], [1807, 878], [1807, 957], [1476, 957]], '포기행는데 말이다;', 0.286912937545863), ([[1580, 942], [1710, 942], [1710, 1014], [1580, 1014]], '하하하', 0.9942822438108297), ([[162.8543385872546, 284.110640163431], [371.3345367643296, 174.52861287089368], [426.14566141274537, 294.889359836569], [217.66546323567042, 404.4713871291063]], '<외라', 0.027164725586771965), ([[1149.2187682274862, 569.016067927913], [1272.5457517344105, 516.0078396425159], [1399.7812317725138, 849.983932072087], [1276.4542482655895, 901.9921603574841]], '털', 0.011616430874854311), ([[704.7016720042263, 768.0444112617047], [822.6372252117462, 692.0106886899625], [970.2983279957737, 951.9555887382953], [852.3627747882538, 1027.9893113100375]], '즉', 0.004785712181583579)]
[([[1585, 161], [1819, 161], [1819, 225], [1585, 225]], '둘다 젊네~ ?', 0.41380552903763457), ([[238, 226], [460, 226], [460, 346], [238, 346]], '왜아@', 0.11228047186372084), ([[1387, 277], [1755, 277], [1755, 345], [1387, 345]], "이야-네 엄마가 요즘'", 0.7645182372123858), ([[337, 337], [437, 337], [437, 401], [337, 401]], '웃 -', 0.3235303172523002), ([[480, 332], [606, 332], [606, 406], [480, 406]], '@행', 0.08019023168500618), ([[1294, 336], [1828, 336], [1828, 408], [1294, 408]], "'핸재요염해전서 말이다-(웃음", 0.13215004043927728), ([[384, 416], [432, 416], [432, 476], [384, 476]], '움', 0.5613149096550529), ([[436, 428], [568, 428], [568, 456], [436, 456]], "''0청", 0.0020150060299783945), ([[313, 480], [527, 480], [527, 558], [313, 558]], '주루루움', 0.5992620587348938), ([[1298, 456], [1822, 456], [1822, 528], [1298, 528]], '아들 앞예서 자랑하지말라고~ ?', 0.36982707088052463), ([[1472, 576], [1820, 576], [1820, 648], [1472, 648]], '미안하다 미안웃음)', 0.9291356560262575), ([[634, 634], [684, 634], [684, 702], [634, 702]], '9', 0.20890973655520728), ([[1490, 636], [1829, 636], [1829, 705], [1490, 705]], '웨아무튼 부탁하다', 0.2824148592143583), ([[1517, 693], [1828, 693], [1828, 769], [1517, 769]], "'곧오빠가 되니까!", 0.9660794449704855), ([[1351, 817], [1789, 817], [1789, 885], [1351, 885]], '네이네이 확실하게 서포트', 0.5542986973077453), ([[1464, 879], [1827, 879], [1827, 945], [1464, 945]], '할테니까 걱정하지 마', 0.7560409926677449), ([[1128.001247661122, 603.0249532224431], [1277.6074930198643, 580.5033503046438], [1309.998752338878, 842.9750467775569], [1160.3925069801357, 865.4966496953562]], '@', 0.045047346454014425), ([[743.9193872347403, 791.0343795854217], [841.5663521139548, 720.0094365813544], [1012.0806127652597, 981.9656204145783], [914.4336478860452, 1053.9905634186457]], '물', 0.6310872327053971), ([[985.3034739668531, 929.03473966853], [1063.92011862906, 992.9455057327147], [1024.696526033147, 1042.9652603314698], [945.07988137094, 979.0544942672853]], '[', 0.3536382191744316)]
[]
[([[1021, 297], [1317, 297], [1317, 365], [1021, 365]], '앗  웃"', 0.016886440973378818), ([[1338, 300], [1510, 300], [1510, 356], [1338, 356]], '깊_앗', 0.0054324540199506294), ([[1536, 296], [1790, 296], [1790, 368], [1536, 368]], '3따심"없0', 0.004449583114933193), ([[859, 429], [997, 429], [997, 489], [859, 489]], '오오:', 0.7540563945916132), ([[1028, 422], [1798, 422], [1798, 500], [1028, 500]], '손가락문개 여유롭데0 아프지안야?', 0.05721980699911914), ([[1180, 554], [1482, 554], [1482, 626], [1180, 626]], '@응@분종=', 0.017747531258385716), ([[1537, 557], [1747, 557], [1747, 623], [1537, 623]], '규]이야 :', 0.005063055340068307), ([[1228, 618], [1717, 618], [1717, 695], [1228, 695]], '굉장해 0 메8더어"(', 0.08768309325915094), ([[994, 746], [1752, 746], [1752, 825], [994, 825]], '에~?7 월 말이야? 쿠체적으로 말해쥐야지', 0.3239282018150328), ([[642, 878], [1752, 878], [1752, 954], [642, 954]], '앗기.앗드~ 근거없 굶어내듯이 넣다 뻗다 해쥐어:떠', 0.016933596411733504)]
[]
[([[1589, 115], [1781, 115], [1781, 177], [1589, 177]], '오옷~~기', 0.141933510520295), ([[153, 177], [271, 177], [271, 239], [153, 239]], '아앗', 0.9507972401936465), ([[1519, 172], [1844, 172], [1844, 244], [1519, 244]], '엄마의아날아~', 0.5314420973351971), ([[111, 241], [351, 241], [351, 303], [111, 303]], '굉장 " 해옛:', 0.30655045596761193), ([[1611, 241], [1759, 241], [1759, 305], [1611, 305]], '내 자지', 0.9963931534057947), ([[149, 301], [389, 301], [389, 369], [149, 369]], '뜨거 원:"', 0.285848386049357), ([[1609, 302], [1775, 302], [1775, 366], [1609, 366]], '삼켜내고', 0.48900890350341797), ([[177, 365], [323, 365], [323, 429], [177, 429]], '엇화0', 0.0301321491432888), ([[1563, 365], [1741, 365], [1741, 431], [1563, 431]], '있어~~"', 0.8152472313491081), ([[452, 964], [654, 964], [654, 1088], [452, 1088]], '내"', 0.07067357519301293), ([[954.4099059656128, 400.0116115265656], [1054.4627426114246, 365.0071393898438], [1156.5900940343872, 683.9883884734344], [1056.5372573885754, 718.9928606101562]], '흙', 0.12346060941587211)]
[([[1442, 58], [1836, 58], [1836, 130], [1442, 130]], '역시나 전 운동선순야)', 0.46602335532382705), ([[1501, 121], [1783, 121], [1783, 189], [1501, 189]], '확실히 조정해서', 0.9725493281587793), ([[1450, 178], [1828, 178], [1828, 250], [1450, 250]], '가장 박기 좋을 정도로', 0.5153642373945593), ([[1507, 241], [1773, 241], [1773, 309], [1507, 309]], '완성해옷구나7', 0.07910319001755191), ([[1558, 358], [1729, 358], [1729, 432], [1558, 432]], '너 너가', 0.9701554775238037), ([[1483, 421], [1799, 421], [1799, 489], [1483, 489]], "확장해서 오라고  '", 0.4683952834327353), ([[1479, 485], [1727, 485], [1727, 547], [1479, 547]], '오옷-으응 !', 0.5464155048606282), ([[1541, 605], [1667, 605], [1667, 667], [1541, 667]], '헤혜헤', 0.14407503014084658), ([[1500, 660], [1779, 660], [1779, 729], [1500, 729]], '부끄럽다는 듯이', 0.8973981305798834), ([[1547, 725], [1739, 725], [1739, 787], [1547, 787]], '손가락으로', 0.9869467477671927), ([[1517, 785], [1757, 785], [1757, 849], [1517, 849]], '항문 자위하고', 0.9911604306204314), ([[1557, 845], [1731, 845], [1731, 907], [1557, 907]], '잇는 엄마', 0.41215309073797385), ([[1499, 905], [1787, 905], [1787, 969], [1499, 969]], '최고로 뽑기 좋은', 0.8467184465126534), ([[1492, 963], [1788, 963], [1788, 1029], [1492, 1029]], '딸감이없다구%', 0.34275566350661046), ([[454, 964], [654, 964], [654, 1090], [454, 1090]], '내;', 0.03176417695186074), ([[963.468419228009, 389.0094222298522], [1071.2635001187748, 369.1717645280261], [1126.531580771991, 700.9905777701478], [1017.7364998812252, 719.8282354719739]], '움', 0.12499339982676716)]
[([[1488, 45], [1815, 45], [1815, 113], [1488, 113]], '이걸로앞 구멍으로', 0.42220948017364046), ([[1485, 105], [1817, 105], [1817, 173], [1485, 173]], '활수 없게 되어도0', 0.6120661030051489), ([[1515, 165], [1793, 165], [1793, 233], [1515, 233]], '애널으로 확실히', 0.675284481446673), ([[1519, 224], [1776, 224], [1776, 292], [1519, 292]], '사랑을 나물수', 0.4208407834739219), ([[1551, 289], [1755, 289], [1755, 351], [1551, 351]], '앞게 뒷네>', 0.031859913542226656), ([[1499, 407], [1793, 407], [1793, 471], [1499, 471]], '앗-"! 으웃 !0', 0.15314048308532985), ([[1475, 461], [1826, 461], [1826, 535], [1475, 535]], '광장 해에에에" !', 0.36566864895289886), ([[1526, 584], [1737, 584], [1737, 652], [1526, 652]], '자지의 형태', 0.9955435323223834), ([[1565, 649], [1707, 649], [1707, 709], [1565, 709]], '"양!', 0.9392829029444344), ([[1463, 703], [1842, 703], [1842, 775], [1463, 775]], '정확히   느껴저서: ', 0.5297402517860631), ([[1470, 765], [1835, 765], [1835, 833], [1470, 833]], '엄청나게 아해에 무', 0.13440707869493293), ([[452, 964], [654, 964], [654, 1088], [452, 1088]], '내"', 0.08420502917921288), ([[1004.1797006013645, 539.0198024482459], [1131.2098921362895, 525.1747910075206], [1153.8202993986354, 779.9801975517541], [1025.7901078637105, 793.8252089924794]], '다', 0.010267772858686686), ([[1096.2285772529676, 1012.1314675948837], [1170.7303508454067, 963.0222461353302], [1248.7714227470324, 1102.8685324051164], [1174.2696491545933, 1150.97775386467]], '늘', 0.3638325732866612)]
[]
[([[1635, 37], [1811, 37], [1811, 105], [1635, 105]], '하앗-1', 0.23633444856897895), ([[1635, 97], [1815, 97], [1815, 165], [1635, 165]], '하앗-1', 0.14777898769561418), ([[63, 85], [225, 85], [225, 293], [63, 293]], '[전', 0.01871792160851992), ([[1606, 156], [1832, 156], [1832, 228], [1606, 228]], '엄마어때?', 0.4978154602853155), ([[1608, 212], [1838, 212], [1838, 292], [1608, 292]], '괴분증아?', 0.31711863598789675), ([[1431, 631], [1665, 631], [1665, 695], [1431, 695]], '앗- 으웃_', 0.39402924423485647), ([[1505, 693], [1663, 693], [1663, 757], [1505, 757]], '좋아-)', 0.21646742522716522), ([[1388, 746], [1636, 746], [1636, 820], [1388, 820]], '잔뜩또서취없', 0.05960014819316969), ([[8, 691], [156, 691], [156, 972], [8, 972]], '말', 0.04540662521823524), ([[1145, 823], [1259, 823], [1259, 1055], [1145, 1055]], '터', 0.004891670408263771), ([[838.2372145186401, 840.0242679426506], [917.5399929801368, 808.0121558409611], [996.7627854813599, 1020.9757320573494], [918.4600070198632, 1053.9878441590388]], '9', 0.2572626656909769)]
[([[1651, 65], [1807, 65], [1807, 133], [1651, 133]], '진심으로', 0.6770278811454773), ([[1621, 125], [1805, 125], [1805, 193], [1621, 193]], '기대되네~<', 0.36138099678432717), ([[65, 85], [225, 85], [225, 295], [65, 295]], '[', 0.5437949705422831), ([[1611, 183], [1845, 183], [1845, 249], [1611, 249]], '지금드이렇계', 0.19479602878497904), ([[1621, 239], [1825, 239], [1825, 307], [1621, 307]], '음란한 몸올', 0.19858389363755394), ([[1629, 297], [1829, 297], [1829, 365], [1629, 365]], '하고있는데', 0.31227938943567096), ([[7, 686], [156, 686], [156, 972], [7, 972]], '주', 0.015472378713572932), ([[485.2070349929113, 552.026228392961], [566.8020303792377, 523.0268321956644], [632.7929650070887, 726.973771607039], [551.1979696207623, 755.9731678043356]], '푹', 0.009307596255007988), ([[854.5097187559027, 671.0066783416266], [987.6430098376939, 693.2108144305816], [923.4902812440973, 1073.9933216583734], [791.3569901623061, 1051.7891855694184]], "'", 0.004538526829882594)]
[([[527, 9], [835, 9], [835, 99], [527, 99]], '*망상입뷰', 0.1830708269782495), ([[1078, 142], [1372, 142], [1372, 222], [1078, 222]], '(출산직전에습', 0.4208073347787647), ([[1096, 216], [1346, 216], [1346, 288], [1096, 288]], '분명:  ', 0.5024157591518063), ([[1140, 282], [1286, 282], [1286, 362], [1140, 362]], '쿠후롯-', 0.1594858169555664), ([[11, 423], [464, 423], [464, 515], [11, 515]], '(왜전리입터데 ', 0.1966176742796452), ([[43, 509], [435, 509], [435, 599], [43, 599]], '바보아내나 )', 0.1271368873230936), ([[801, 1299], [1077, 1299], [1077, 1609], [801, 1609]], '9?', 0.18313546683779017), ([[965, 1623], [1043, 1623], [1043, 1683], [965, 1683]], '아;', 0.02392209975047419)]
[([[1628, 46], [1809, 46], [1809, 119], [1628, 119]], '하앗--1>', 0.11288270868389746), ([[1633, 107], [1811, 107], [1811, 171], [1633, 171]], '하앗-민', 0.05054483935236931), ([[1632, 162], [1826, 162], [1826, 234], [1632, 234]], '예정일까지', 0.8555591138733598), ([[1657, 219], [1815, 219], [1815, 287], [1657, 287]], '확실하게', 0.6890568733215332), ([[1650, 272], [1821, 272], [1821, 348], [1650, 348]], '모권화]', 0.003525462234392762), ([[1640, 334], [1830, 334], [1830, 406], [1640, 406]], '줄튀미까니', 0.007150337317348853), ([[1651, 391], [1819, 391], [1819, 459], [1651, 459]], '엄마둑', 0.17236943976846197), ([[1310, 698], [1646, 698], [1646, 764], [1310, 764]], "'지켜본다분의마이", 0.162493979787788), ([[1343, 755], [1627, 755], [1627, 823], [1343, 823]], '전혜다른터관', 0.07381577282367642), ([[1390, 820], [1512, 820], [1512, 874], [1390, 874]], '다 (', 0.31957128643989563), ([[179, 899], [215, 899], [215, 937], [179, 937]], '산', 0.006121778531992028), ([[83.38323807433115, 320.01268520624706], [190.07872314463233, 295.1447346005543], [251.61676192566884, 592.987314793753], [144.92127685536767, 617.8552653994458]], '물', 0.03983820143993455), ([[1229.0275986508948, 491.03946340600646], [1318.831058614468, 466.33873475469125], [1359.9724013491052, 637.9605365939935], [1271.168941385532, 662.6612652453088]], '꿀', 0.0057621553383860324), ([[52.32118768602236, 636.0164663320606], [145.46640762325694, 589.0077713022919], [273.67881231397763, 869.9835336679394], [180.53359237674306, 916.9922286977081]], '7', 0.01566107788661264)]
[([[1589, 185], [1681, 185], [1681, 253], [1589, 253]], '클', 0.05764364344162587), ([[1483, 244], [1696, 244], [1696, 319], [1483, 319]], '저취사는', 0.006050256080925465), ([[1513, 307], [1697, 307], [1697, 379], [1513, 379]], '돕어올께', 0.05234561115503311), ([[1467, 373], [1697, 373], [1697, 441], [1467, 441]], '대련해없', 0.05010354518890381), ([[1554, 496], [1696, 496], [1696, 568], [1554, 568]], '괜찮야', 0.2972884325616693), ([[1528, 558], [1694, 558], [1694, 630], [1528, 630]], '문전럼의', 0.12165679782629013), ([[1522, 617], [1699, 617], [1699, 692], [1522, 692]], '기회나진', 0.008264811676019003), ([[1462, 682], [1696, 682], [1696, 756], [1462, 756]], '어집수없', 0.2389756590127945), ([[1529, 809], [1695, 809], [1695, 877], [1529, 877]], '마녀올게', 0.12831132113933563), ([[1453, 935], [1685, 935], [1685, 1003], [1453, 1003]], '어~ 조심해0', 0.4695240603217905)]
[]
[([[45, 57], [479, 57], [479, 125], [45, 125]], '엄마 준비#어? 쓸술간자 ', 0.11845923435083984), ([[45, 173], [531, 173], [531, 239], [45, 239]], '그래그래소"유자 @움원', 0.012428629403811581), ([[45, 287], [439, 287], [439, 353], [45, 353]], '오늘도더워질컷갈네6', 0.04287441468313424), ([[1742, 174], [1839, 174], [1839, 370], [1742, 370]], '{', 0.2829923602135409), ([[45, 343], [939, 343], [939, 411], [45, 411]], '바닥 패분빌지되모르켓어 렌트카 빌리느라 고생햇거튼', 0.18369852727906963), ([[41, 459], [759, 459], [759, 527], [41, 527]], '므렇제문회해제돌아다메지않아도되는데:?', 0.09894526987288953), ([[40, 570], [596, 570], [596, 644], [40, 644]], '아내하켓된강합아이률렉표면', 0.004292550122739963), ([[42, 630], [844, 630], [844, 702], [42, 702]], '운센모체간 햇볕음제대로지고런강해져야지:', 0.13616245335924035), ([[40, 744], [950, 744], [950, 816], [40, 816]], '탈럴듯합말울하고안붐다 들버튼 네 속마음은 진작에', 0.02465152608648988), ([[1297, 673], [1653, 673], [1653, 901], [1297, 901]], '[>', 0.0018390719786038757), ([[40, 859], [1048, 859], [1048, 933], [40, 933]], '예지(웃임되-뛰어 일컷양특이화고 할짜 일석이주이라고함까;', 0.022634967694516724), ([[43, 918], [764, 918], [764, 991], [43, 991]], '따어찌돼붐바깥용기름마신다늄것이뇨', 0.01462652004368513), ([[45, 1033], [913, 1033], [913, 1101], [45, 1101]], '그래그래 알앉어 알앉어 그야 나드물에들어가는껏올', 0.10775175535668417), ([[43, 1093], [349, 1093], [349, 1161], [43, 1161]], '좋아하는 편이지만:', 0.4798343466273378), ([[413, 1117], [481, 1117], [481, 1133], [413, 1133]], '1 터1', 0.002802688076485918), ([[1716.154696648639, 543.0397844755732], [1779.7772499147245, 527.1772236376177], [1811.845303351361, 666.9602155244268], [1748.2227500852755, 683.8227763623823]], '%', 0.6652182971215872)]
[]
[([[52, 210], [264, 210], [264, 284], [52, 284]], '(그야 이런', 0.627781111719284), ([[88, 280], [230, 280], [230, 354], [88, 354]], '폭유의', 0.9277430520682342), ([[987, 251], [1235, 251], [1235, 335], [987, 335]], '조조금', 0.9772195453196235), ([[26, 352], [264, 352], [264, 426], [26, 426]], '임산부 마망', 0.9742449463724576), ([[927, 333], [1297, 333], [1297, 419], [927, 419]], '분끄럽    네', 0.15611511324396682), ([[20, 420], [300, 420], [300, 496], [20, 496]], '남자라면 모문', 0.6772199288919312), ([[106, 490], [208, 490], [208, 564], [106, 564]], '엄청', 0.9143673346166895), ([[20, 558], [312, 558], [312, 638], [20, 638]], '쳐다보켓지))', 0.659391449913076), ([[1213, 551], [1367, 551], [1367, 613], [1213, 613]], '술걸숙령', 0.14674562215805054), ([[1229, 609], [1351, 609], [1351, 673], [1229, 673]], '운왕', 0.10430714973219947), ([[1230, 668], [1346, 668], [1346, 724], [1230, 724]], '에로햇', 0.8700727118667674), ([[1181, 761], [1213, 761], [1213, 777], [1181, 777]], "터'", 0.025298532825444954), ([[1207, 739], [1361, 739], [1361, 799], [1207, 799]], '술렁술령', 0.10523191839456558), ([[1211, 819], [1363, 819], [1363, 881], [1211, 881]], '위험해에;', 0.603386710392441), ([[1217, 873], [1389, 873], [1389, 941], [1217, 941]], '자제발기', 0.4406706392765045), ([[1215, 935], [1391, 935], [1391, 995], [1215, 995]], '같아', 0.01854093171419206), ([[1158, 1008], [1384, 1008], [1384, 1084], [1158, 1084]], '따습콤숙텅', 0.015173716382742976), ([[191, 1433], [229, 1433], [229, 1477], [191, 1477]], '주', 0.058480908691738165), ([[168.49783257637085, 1003.5411135631206], [613.5274294894571, 920.6274830237003], [630.5021674236291, 1081.4588864368795], [185.47257051054297, 1163.3725169762997]], '{음새', 0.0006611751683504668)]
[([[814, 76], [850, 76], [850, 108], [814, 108]], '<', 0.13267022807397755), ([[104, 266], [278, 266], [278, 342], [104, 342]], '오옷 !', 0.6848485009520008), ([[84, 342], [340, 342], [340, 420], [84, 420]], '"앗-엄마;', 0.3421359771601791), ([[1019, 309], [1271, 309], [1271, 397], [1019, 397]], '떠이락 ?', 0.20858779318135898), ([[29, 417], [359, 417], [359, 503], [29, 503]], '이녀석음-같음', 0.11766643317030255), ([[969, 393], [1321, 393], [1321, 479], [969, 479]], '또"키오다?', 0.07197457795671486), ([[13, 493], [377, 493], [377, 581], [13, 581]], '학과의아마시타', 0.9087560407974056), ([[664, 512], [867, 512], [867, 548], [664, 548]], '무]디]]', 0.0005158279075747677), ([[968, 518], [1014, 518], [1014, 544], [968, 544]], '미디', 0.13154162769877176)]
[([[907, 149], [1055, 149], [1055, 217], [907, 217]], '앗', 0.1918988226292493), ([[807, 215], [1153, 215], [1153, 299], [807, 299]], '@안녕하세요', 0.9156698627521065), ([[841, 291], [1105, 291], [1105, 375], [841, 375]], '항상 렌고가', 0.7266380508736378), ([[779, 367], [1177, 367], [1177, 451], [779, 451]], '신세지고있어요[', 0.2113216962563777), ([[26, 468], [68, 468], [68, 496], [26, 496]], '"', 0.09861550947750075), ([[1103, 513], [1327, 513], [1327, 599], [1103, 599]], '떠예앗기', 0.2607652246952057), ([[1072, 594], [1358, 594], [1358, 690], [1072, 690]], '어뇨이롬님', 0.03995269808448282), ([[1140, 690], [1290, 690], [1290, 768], [1140, 768]], '네', 0.2084184207205908)]
[([[65, 81], [237, 81], [237, 147], [65, 147]], '(오옷 !', 0.6209562246565609), ([[71, 142], [262, 142], [262, 222], [71, 222]], '친엄마가', 0.965998649597168), ([[4, 214], [326, 214], [326, 290], [4, 290]], '아들의 친구에계', 0.6523286680718124), ([[1062, 260], [1112, 260], [1112, 292], [1062, 292]], '0', 0.021130775212668595), ([[1107, 237], [1151, 237], [1151, 311], [1107, 311]], '2', 0.655611021011282), ([[3, 279], [329, 279], [329, 364], [3, 364]], '외설스런 시선올', 0.7394658187714988), ([[36, 356], [306, 356], [306, 430], [36, 430]], '받고 있어-', 0.31462726611568104), ([[70, 424], [216, 424], [216, 500], [70, 500]], '위험햇', 0.9812599309952136), ([[1047, 415], [1321, 415], [1321, 505], [1047, 505]], '(진짜나 {', 0.24744308113492658), ([[14, 494], [314, 494], [314, 572], [14, 572]], '좀흥분되잡아]', 0.7513101512303364), ([[982, 498], [1400, 498], [1400, 594], [982, 594]], '엄청아하잡아 !', 0.40066409335515546), ([[2, 564], [328, 564], [328, 642], [2, 642]], '차라리 수영복올', 0.9169032061777369), ([[316, 506], [644, 506], [644, 691], [316, 691]], '58 ', 0.01982556724965002), ([[997, 582], [1372, 582], [1372, 683], [997, 683]], '업 청깜엽고?', 0.03604143097758636), ([[4, 633], [327, 633], [327, 710], [4, 710]], '벗기고자랑하고', 0.5574646017179108), ([[82, 706], [260, 706], [260, 782], [82, 782]], '싶다씨)', 0.573851466178894), ([[1008, 674], [1376, 674], [1376, 770], [1008, 770]], '정말로모친?)', 0.6670388164000284), ([[636, 758], [780, 758], [780, 999], [636, 999]], '뜻', 0.0032277751454856812), ([[426, 956], [606, 956], [606, 1282], [426, 1282]], '$', 0.2676708385258877), ([[1104.1761562539818, 1379.014759486093], [1278.1085763633437, 1418.583125524439], [1210.8238437460182, 1703.985240513907], [1036.8914236366563, 1664.416874475561]], '43', 0.20170333395888276)]
[([[106, 271], [331, 271], [331, 345], [106, 345]], '너 말이야 !', 0.8159409055156884), ([[96, 336], [328, 336], [328, 410], [96, 410]], '아는 사람이', 0.5546972764421587), ([[60, 402], [362, 402], [362, 476], [60, 476]], '올만한 장소라면', 0.9910435101027084), ([[72, 468], [365, 468], [365, 540], [72, 540]], '말해주어야지~!', 0.625725201409119), ([[58, 532], [380, 532], [380, 604], [58, 604]], '부끄러워잡나-!', 0.2112421838058464), ([[439, 563], [483, 563], [483, 613], [439, 613]], '5', 0.0292096222486935), ([[1440.2147863287269, 329.0140172043539], [1726.9996171382827, 491.8702087484467], [1631.7852136712731, 652.9859827956461], [1344.0003828617173, 490.1297912515533]], '스무', 0.0031026508391309936)]
[([[1565, 125], [1791, 125], [1791, 191], [1565, 191]], '저 녀석 앞이', 0.9974744261460854), ([[1525, 185], [1834, 185], [1834, 257], [1525, 257]], '부풀어 있더라~ ?', 0.5670551573520604), ([[1611, 251], [1743, 251], [1743, 319], [1611, 319]], '무리도', 0.9999866478619526), ([[135, 291], [329, 291], [329, 355], [135, 355]], '하여튼~"', 0.8959428260819704), ([[1558, 310], [1766, 310], [1766, 384], [1558, 384]], '아니지만~', 0.1295052990460826), ([[20, 348], [440, 348], [440, 422], [20, 422]], '"시내름 너무많이 밟에', 0.037623214435521204), ([[112, 410], [334, 410], [334, 482], [112, 482]], '야한 것밖에', 0.8657326685944079), ([[50, 474], [416, 474], [416, 546], [50, 546]], '머리에 없다니까.', 0.1615112321500466), ([[439, 565], [483, 565], [483, 613], [439, 613]], '쇼', 0.16864488998466243), ([[1767, 707], [1805, 707], [1805, 769], [1767, 769]], '5', 0.24023072521971134), ([[1440.2641184464424, 354.01425591821237], [1713.9419199020667, 512.5155235186468], [1630.7358815535576, 649.9857440817876], [1357.0580800979333, 490.48447648135317]], '(하:', 0.10741524331834687)]
[([[1517, 95], [1837, 95], [1837, 157], [1517, 157]], '자아 자  그것보다', 0.9712692414286042), ([[109, 133], [233, 133], [233, 195], [109, 195]], '다음에', 0.9931116191561983), ([[1543, 153], [1787, 153], [1787, 217], [1543, 217]], '빨리 시작하자', 0.8470434880431318), ([[55, 191], [299, 191], [299, 257], [55, 257]], '태어날 아이도', 0.7399376538438088), ([[1591, 213], [1759, 213], [1759, 275], [1591, 275]], '셋스 하기', 0.1753547041362627), ([[83, 253], [253, 253], [253, 315], [83, 315]], '너 같으면', 0.8191228720369789), ([[1538, 268], [1820, 268], [1820, 340], [1538, 340]], '좋다는 명소라-', 0.5229438624990099), ([[51, 311], [293, 311], [293, 379], [51, 379]], '어쩌지 정말  -', 0.47811685334884463), ([[1534, 330], [1828, 330], [1828, 402], [1534, 402]], '언제 다른 사람이', 0.973141912308125), ([[109, 372], [231, 372], [231, 434], [109, 434]], '굉장히', 0.9996721912693434), ([[1546, 390], [1826, 390], [1826, 462], [1546, 462]], '[올지 모르니까)', 0.5983109140872489), ([[73, 431], [269, 431], [269, 499], [73, 499]], '불안해지기', 0.9999228038505796), ([[59, 493], [290, 493], [290, 557], [59, 557]], '시작(어    ', 0.10943425946148394), ([[441, 565], [483, 565], [483, 613], [441, 613]], '쇼', 0.10834638727349333), ([[1463.3095133531897, 369.014028488468], [1708.8102251538987, 528.46695237407], [1628.6904866468103, 648.9859715115321], [1383.1897748461013, 489.53304762592995]], '}', 0.0785833729762011)]
