2512900
15
[([[65, 1623], [529, 1623], [529, 1683], [65, 1683]], '갑자기 불려가도 정성껏', 0.9879262532823027), ([[65, 1681], [771, 1681], [771, 1743], [65, 1743]], '성처리 업무름 수행하는 예비서 (27)', 0.6102116750175514)]
[([[43, 1609], [940, 1609], [940, 1669], [43, 1669]], '매번 가렌올 리드하는 것에 싫종이 난 카타리나', 0.481842872908703)]
[]
[([[214, 714], [288, 714], [288, 796], [214, 796]], '1?', 0.3441078543032803), ([[47, 1577], [1167, 1577], [1167, 1641], [47, 1641]], '평소엔 차갑고 도도한 얼굴에 몸매는 야한 간호사 양 (25)', 0.7862511992270791), ([[47, 1637], [817, 1637], [817, 1701], [47, 1701]], '손올 뒤로 묶어 저항할 수 없는 상태에서', 0.5389825920190392), ([[47, 1697], [900, 1697], [900, 1759], [47, 1759]], '색파 군의 오나올 취급올 받는 것올 좋아한다', 0.5232245812631182)]
[([[212, 712], [290, 712], [290, 808], [212, 808]], '1?', 0.5028220044430287)]
[]
[([[619, 515], [685, 515], [685, 553], [619, 553]], '후기', 0.9999914020537298), ([[475, 783], [865, 783], [865, 825], [475, 825]], '시간하고 그림 실력이없어서', 0.897617994643694), ([[525, 819], [815, 819], [815, 861], [525, 861]], '미완성으로 올립니다', 0.8788512231176212), ([[479, 891], [861, 891], [861, 933], [479, 933]], '다음예는 분량올 줄여서라도', 0.5374235864038913), ([[451, 927], [881, 927], [881, 969], [451, 969]], '더 중은 컬리터로 올림 수 있도록', 0.1748875470409723), ([[588, 963], [750, 963], [750, 1005], [588, 1005]], '하켓습니다', 0.7860133895258312), ([[431, 1490], [920, 1490], [920, 1566], [431, 1566]], '오미+하~어탁(어값/레귀+313', 1.3601172949895364e-05), ([[365, 1589], [1046, 1589], [1046, 1668], [365, 1668]], '명슷;머 ,~+/~,/산-.*-/84218952', 0.000447205712840659), ([[578, 1674], [750, 1674], [750, 1730], [578, 1730]], '3리+히13', 0.0050790990439399004)]
[([[647, 334], [894, 334], [894, 394], [647, 394]], '다음스레출은', 0.7651099586289938), ([[656, 390], [856, 390], [856, 444], [656, 444]], '오훈3시에', 0.7771947389086855), ([[579, 439], [943, 439], [943, 501], [579, 501]], '임원회의가 있습리다', 0.27206758328119124), ([[44, 801], [439, 801], [439, 868], [44, 868]], '임무슨 일있으신가요?', 0.1316534032950067), ([[87, 1287], [263, 1287], [263, 1347], [87, 1347]], '지금요?', 0.680514395236969), ([[18, 1389], [307, 1389], [307, 1453], [18, 1453]], '데알려습피다', 0.09309547509036777)]
[([[67, 17], [277, 17], [277, 101], [67, 101]], '사장실', 0.9999431503407694), ([[386, 28], [604, 28], [604, 152], [386, 152]], '@0', 0.4304099646807694), ([[327, 417], [459, 417], [459, 501], [327, 501]], '차?', 0.017572674874461056), ([[882, 500], [1024, 500], [1024, 578], [882, 578]], '@아', 0.15531815983594077), ([[93, 657], [274, 657], [274, 774], [93, 774]], '@쭉', 0.04549597684112374), ([[9, 935], [151, 935], [151, 1021], [9, 1021]], '필', 0.03941880105543505), ([[802, 688], [1228, 688], [1228, 1008], [802, 1008]], '내꿈', 0.05990349096490021), ([[1069, 1075], [1165, 1075], [1165, 1135], [1069, 1135]], '@', 0.9897811556778748), ([[783, 1003], [1017, 1003], [1017, 1273], [783, 1273]], '국', 0.14523639144968925), ([[969, 1535], [1175, 1535], [1175, 1667], [969, 1667]], '몰', 0.019052291192594106), ([[614, 1726], [1224, 1726], [1224, 1782], [614, 1782]], '결국, 회의논 다음날로 미루어젓다', 0.5168630765887808), ([[66.8343736752861, 1274.0130659177603], [629.1152522277051, 1392.9965228311585], [522.1656263247139, 1823.9869340822397], [-41.11525222770513, 1706.0034771688415]], '잘뼈', 0.011423527396130988)]
[([[585, 415], [609, 415], [609, 433], [585, 433]], '8;', 0.31103127412000336), ([[602, 382], [762, 382], [762, 436], [602, 436]], '이상으로', 0.9845556616783142), ([[507, 431], [839, 431], [839, 493], [507, 493]], '기상 정보없습)다', 0.20393328857130702), ([[724, 1012], [1166, 1012], [1166, 1068], [724, 1068]], '26살인 기상 쾌스터 ^양', 0.37799452193519184), ([[658, 1342], [912, 1342], [912, 1398], [658, 1398]], '평소엔차갑고', 0.9551870109300584), ([[640, 1395], [931, 1395], [931, 1450], [640, 1450]], '도도한 인상이다', 0.8810986026513704), ([[45, 1605], [1019, 1605], [1019, 1669], [45, 1669]], '가 버월 때는 신음소리가 새어나가지 못하게 얼굴올', 0.8534042502783353), ([[43, 1669], [1188, 1669], [1188, 1731], [43, 1731]], '배게에 파문고 침대시트록 입으로 무슨 기상 키스터 양 (24)', 0.3088319687075803)]
[([[575, 376], [765, 376], [765, 439], [575, 439]], '{이상-로', 0.10134993019691127), ([[507, 429], [838, 429], [838, 492], [507, 492]], '피상 정보엿습)다', 0.12053790895356897), ([[722, 1010], [1165, 1010], [1165, 1070], [722, 1070]], '26살인 기상 쾌스터 ^양', 0.752186504981383), ([[656, 1339], [913, 1339], [913, 1399], [656, 1399]], '평소엔차갑고', 0.9538908117768468), ([[640, 1395], [932, 1395], [932, 1451], [640, 1451]], '도도한 인상이다', 0.9209554478343174)]
[([[741, 45], [805, 45], [805, 129], [741, 129]], '1', 0.2205485887653289)]
[([[45, 1609], [1165, 1609], [1165, 1671], [45, 1671]], '한동안 하질 못해서 욕구불만인 스타버스 바리스타 양 (21)', 0.6233036797987824)]
[]
[]
