2514774
24
[([[141, 150], [378, 150], [378, 223], [141, 223]], '대아내가', 0.42975735664367676), ([[63, 198], [454, 198], [454, 335], [63, 335]], '문곳달합다9', 0.007334362227797217), ([[1275, 314], [1341, 314], [1341, 380], [1275, 380]], '만', 0.6183296554503528), ([[58, 398], [328, 398], [328, 471], [58, 471]], '암컷자위틀', 0.3737997473635723), ([[1080, 308], [1399, 308], [1399, 449], [1080, 449]], '@사이묘', 0.006650024559348822), ([[132, 451], [358, 451], [358, 520], [132, 520]], '밖에 없는', 0.6650392718452317), ([[0, 428], [330, 428], [330, 649], [0, 649]], '[개', 0.002310634152480303), ([[1014, 728], [1181, 728], [1181, 792], [1014, 792]], '미안해', 0.9996893969122556), ([[1024, 779], [1205, 779], [1205, 854], [1024, 854]], "이나탕'", 0.10368457436561584), ([[1655, 1729], [1933, 1729], [1933, 1798], [1655, 1798]], '수컷으로서', 0.9801341594234341), ([[1610, 1774], [1967, 1774], [1967, 1920], [1610, 1920]], '@장하품이름', 0.011197522260395153), ([[266, 1934], [746, 1934], [746, 2150], [266, 2150]], '(뒷말불% 때', 8.149001598639643e-05), ([[1586, 2678], [1635, 2678], [1635, 2740], [1586, 2740]], '오', 0.9995810232418059), ([[1044, 2779], [2024, 2779], [2024, 2876], [1044, 2876]], '[과정장:어-어한이러,:-물', 1.2007661899156696e-06), ([[1380.0806504495004, 745.1613008990009], [1538.0616768821587, 655.820889292731], [1578.9193495504996, 744.8386991009991], [1420.9383231178413, 833.179110707269]], '44', 0.3368980774773775)]
[([[263, 29], [501, 29], [501, 102], [263, 102]], '여보어서', 0.999562680721283), ([[1533, 10], [1994, 10], [1994, 160], [1533, 160]], '물내]:촬습현픽', 0.00012721378552221888), ([[241, 73], [530, 73], [530, 211], [241, 211]], '톤필렉로다', 0.011493508737195863), ([[832, 298], [1127, 298], [1127, 376], [832, 376]], '어째서자죄', 0.15035101059606662), ([[1627, 167], [1997, 167], [1997, 377], [1627, 377]], '@타량히질', 0.0014149807067836504), ([[1743, 337], [1988, 337], [1988, 416], [1743, 416]], '청소할래?', 0.40550925446982417), ([[320, 682], [552, 682], [552, 763], [320, 763]], '왜 몸교', 0.14229516685009003), ([[252, 736], [628, 736], [628, 824], [252, 824]], '안`직여지지?', 0.23953249629057205), ([[46, 861], [106, 861], [106, 923], [46, 923]], '하', 0.9998464643288116), ([[93, 856], [266, 856], [266, 982], [93, 982]], '알불/', 0.013873179512411645), ([[53, 969], [90, 969], [90, 1020], [53, 1020]], '비', 0.4203601962572634), ([[35, 944], [434, 944], [434, 1096], [35, 1096]], '비교록질워교입', 0.0003354514890244012), ([[1601, 1488], [1938, 1488], [1938, 1638], [1601, 1638]], '따-안다', 0.0016282357973977923), ([[19, 1654], [516, 1654], [516, 1862], [19, 1862]], '@콤@뜻', 0.002024527871981263), ([[193, 1667], [466, 1667], [466, 1755], [193, 1755]], '(알아버리명', 0.3770556009810895), ([[1488, 1656], [1946, 1656], [1946, 1805], [1488, 1805]], '무능하록중렉히구', 0.002889927680070255), ([[81, 1910], [425, 1910], [425, 2051], [81, 2051]], '"불량다외환', 0.000962627670623645), ([[291, 1969], [625, 1969], [625, 2048], [291, 2048]], '예계압도되여', 0.2706603632269498), ([[655, 2064], [1046, 2064], [1046, 2139], [655, 2139]], '분명 지장황울', 0.4927365242481107), ([[1599, 2015], [1962, 2015], [1962, 2163], [1599, 2163]], '미정있의뷰', 0.0003447690402045374), ([[684, 2116], [1012, 2116], [1012, 2188], [684, 2188]], '해결활수_잇는', 0.5721361456024859), ([[666, 2169], [993, 2169], [993, 2242], [666, 2242]], '힘이 있음에도_', 0.3224348844855776), ([[330, 2677], [844, 2677], [844, 2763], [330, 2763]], '@능이물복한것일까?', 0.0814887166383249), ([[1520, 2663], [2005, 2663], [2005, 2808], [1520, 2808]], "'당신밀적-일핏&)", 0.0025630798194518876), ([[46, 2771], [1021, 2771], [1021, 2859], [46, 2859]], '비묘---제스:큰-고', 8.782413641978338e-05)]
[([[1586, 2678], [1635, 2678], [1635, 2740], [1586, 2740]], '오', 0.9991061301685136), ([[1044, 2781], [2026, 2781], [2026, 2877], [1044, 2877]], '[명_---예러:렌-물', 2.9481448239251068e-06), ([[1379.8982978415224, 741.8474467622838], [1540.3159331750037, 657.9939471393465], [1579.1017021584776, 745.1525532377162], [1419.6840668249963, 830.0060528606535]], '41', 0.03151127675575885)]
[([[268, 448], [341, 448], [341, 534], [268, 534]], '시', 0.024976062906888252), ([[26, 2778], [1001, 2778], [1001, 2863], [26, 2863]], '~묘_중어-어예비입리-쪽', 2.757822682864775e-05), ([[327.0887454140621, 979.012583989048], [572.6169370156841, 1070.9360915117538], [444.9112545859379, 1406.9874160109518], [199.38306298431584, 1315.0639084882462]], '((', 0.8165617401887237)]
[([[38, 24], [1017, 24], [1017, 108], [38, 108]], '비명-장설어사-어입:_"-,', 1.086850802346614e-05), ([[410, 2664], [485, 2664], [485, 2755], [410, 2755]], ':', 0.1016302681870549), ([[104.31778720402625, 2423.7813446448313], [323.3592205454601, 2332.3905033903047], [358.6822127959738, 2430.2186553551687], [139.64077945453988, 2521.6094966096953]], '>)야.', 0.00039778402424417436), ([[621.2321123501924, 2346.0226987182514], [811.9965504613814, 2440.7005403119497], [759.7678876498076, 2540.9773012817486], [569.0034495386186, 2446.2994596880503]], '9세', 0.3912703448365152)]
[([[420, 1782], [751, 1782], [751, 2128], [420, 2128]], '-', 0.8695545914538663), ([[14, 2773], [998, 2773], [998, 2870], [14, 2870]], "~묘서플도--어|,8:_'-쪽", 3.0575575435871247e-06)]
[([[1063, 10], [2037, 10], [2037, 103], [1063, 103]], '~묘장도---한예8:_장-쪽', 4.126218907664066e-06), ([[865, 1031], [1074, 1031], [1074, 1283], [865, 1283]], "'", 0.82880163089985)]
[([[61, 1861], [1038, 1861], [1038, 1958], [61, 1958]], '~묘예_로-_어|예8:_-쪽', 1.0829456053976792e-05), ([[665, 2672], [736, 2672], [736, 2736], [665, 2736]], ')', 0.5227502742509529), ([[1342.1783367600844, 2692.4063449842874], [1398.7175698882074, 2639.025778553915], [1487.8216632399156, 2745.5936550157126], [1431.2824301117926, 2797.974221446085]], '>', 0.9590920418488622)]
[([[790, 2032], [827, 2032], [827, 2065], [790, 2065]], '사', 0.5762054215790755), ([[1025, 2776], [2007, 2776], [2007, 2863], [1025, 2863]], '~묘:도어-어쪽예8성:명-', 6.824996518169413e-06), ([[287.08765689447637, 1696.0697698140964], [454.9104848395449, 1718.9674454195977], [444.91234310552363, 1772.9302301859036], [277.0895151604551, 1750.0325545804023]], '시  ^', 0.12460135954042033)]
[([[20, 2762], [999, 2762], [999, 2853], [20, 2853]], '[::망:--어비입::--고', 3.899963759605283e-05)]
[([[41, 1929], [273, 1929], [273, 2172], [41, 2172]], '")', 0.04142987536074776), ([[46, 2771], [1019, 2771], [1019, 2860], [46, 2860]], '나명-장로--괴제예비입돌_~물', 8.548563188872474e-06)]
[([[1774, 13], [2003, 13], [2003, 81], [1774, 81]], '어제된후', 0.7291602492332458), ([[1745, 60], [2029, 60], [2029, 144], [1745, 144]], '마의롬운', 0.14909860491752625), ([[739, 109], [965, 109], [965, 178], [739, 178]], '자히나다', 0.5845679044723511), ([[688, 161], [1016, 161], [1016, 234], [688, 234]], "오늘도 '조교클", 0.2896482068768387), ([[713, 212], [986, 212], [986, 287], [713, 287]], '시작하자고', 0.5747189249925732), ([[266, 448], [341, 448], [341, 534], [266, 534]], '1', 0.06014988024166801), ([[620, 651], [912, 651], [912, 742], [620, 742]], '데중인심0', 0.05630444920289321), ([[1577, 707], [1817, 707], [1817, 851], [1577, 851]], '발질로관', 0.02001081593334675), ([[1803, 718], [2019, 718], [2019, 795], [1803, 795]], "'활수없는", 0.2188808377434598), ([[1795, 771], [1967, 771], [1967, 837], [1795, 837]], "'육체로", 0.9854169546987199), ([[615, 806], [950, 806], [950, 890], [615, 890]], '의주제목루는', 0.06779023497181902), ([[1627, 819], [1983, 819], [1983, 899], [1627, 899]], '타락해버로교', 0.4143274926462608), ([[558, 852], [1007, 852], [1007, 991], [558, 991]], '숲천위동공콩칠철', 0.005136628879489845), ([[535, 958], [1042, 958], [1042, 1044], [535, 1044]], '종치분흘픽꿈습네다', 0.010266656292003273), ([[813, 2434], [1148, 2434], [1148, 2522], [813, 2522]], '몸최많아니라', 0.2200256507311234), ([[878, 2498], [935, 2498], [935, 2546], [878, 2546]], '(미', 0.1327145421812668), ([[987, 2494], [1098, 2494], [1098, 2563], [987, 2563]], '까지', 0.998704904525904), ([[881, 2487], [1105, 2487], [1105, 2615], [881, 2615]], '말유껑질', 0.03293578326702118), ([[818, 2586], [1177, 2586], [1177, 2675], [818, 2675]], '물들어버싶다', 0.1566923818541322), ([[26, 2778], [1001, 2778], [1001, 2863], [26, 2863]], '~묘중어-어예비입리:-쪽', 4.713757214750283e-05), ([[311.10182650070414, 989.0130142742931], [547.8694968391346, 1054.2200323395982], [450.89817349929586, 1395.986985725707], [214.13050316086535, 1330.7799676604018]], '((', 0.3544725723347363)]
[([[46, 2771], [1021, 2771], [1021, 2859], [46, 2859]], '비명---제스:큰-고', 0.00011545611012089408)]
[([[67, 2315], [1252, 2315], [1252, 2418], [67, 2418]], '~묘:장:--어제예러::명-쪽', 6.811213753138054e-06)]
[([[1128, 1776], [1256, 1776], [1256, 1938], [1128, 1938]], '', 0.0), ([[772, 2732], [1952, 2732], [1952, 2837], [772, 2837]], '~:,지:--어예::큰_-물', 7.864368595114942e-07)]
[([[374, 174], [451, 174], [451, 271], [374, 271]], '다', 0.04737133277337713), ([[394, 835], [685, 835], [685, 1196], [394, 1196]], '{(', 0.1261797039774895), ([[547, 2759], [1650, 2759], [1650, 2856], [547, 2856]], '~묘_설--어|예8:-고', 4.2357251795488385e-05)]
[([[6, 17], [593, 17], [593, 65], [6, 65]], '~묘장도--어예긋:~,', 2.875879565237217e-05)]
[([[38, 24], [1015, 24], [1015, 108], [38, 108]], '비묘-장어-어예:_"-,', 2.1493107958063342e-05), ([[1442, 26], [1975, 26], [1975, 110], [1442, 110]], '사실은입고있어장0', 0.05022014876567621), ([[126, 238], [508, 238], [508, 323], [126, 323]], '주인닐의 자지로', 0.24981302500176056), ([[220, 301], [428, 301], [428, 362], [220, 362]], '동고보지', 0.9464862942695618), ([[220, 348], [431, 348], [431, 421], [220, 421]], '주서저서', 0.5695815682411194), ([[232, 396], [456, 396], [456, 471], [232, 471]], "'필수' 있든", 0.3130178177797174), ([[135, 448], [516, 448], [516, 523], [135, 523]], '암컷쾌락 앞예{', 0.2584591598595724), ([[1623, 509], [1794, 509], [1794, 582], [1623, 582]], '믿래움', 0.007051369313226631), ([[131, 591], [499, 591], [499, 728], [131, 728]], '외룩하분[팔', 0.00032983585607265835), ([[58, 642], [307, 642], [307, 786], [58, 786]], '오론위', 0.12234100125134091), ([[286, 699], [566, 699], [566, 778], [286, 778]], '의 굽이오터', 0.0725828170021997), ([[188, 755], [448, 755], [448, 819], [188, 819]], '호카켓따원', 0.25749271666215673), ([[206, 807], [421, 807], [421, 875], [206, 875]], '아무래도', 0.9857690433847913), ([[162, 855], [433, 855], [433, 928], [162, 928]], '돌앗던거야', 0.19306622017532998), ([[1775, 1130], [1959, 1130], [1959, 1270], [1775, 1270]], '회7', 0.026306583599855497), ([[34, 1982], [382, 1982], [382, 2141], [34, 2141]], '나이스-}', 0.00454599997895192), ([[1261, 2227], [1424, 2227], [1424, 2293], [1261, 2293]], '자지름', 0.25491566716581454), ([[1264, 2276], [1373, 2276], [1373, 2342], [1264, 2342]], '원해', 0.9999351787623457), ([[410, 2664], [485, 2664], [485, 2757], [410, 2757]], ':', 0.4323002523749473), ([[103.6834708698037, 2424.4885121307448], [323.35996512574576, 2332.391226388369], [358.31652913019633, 2430.5114878692552], [138.64003487425424, 2522.608773611631]], '>어야.', 0.0009211699943989515), ([[618.1940996192479, 2349.0250038698923], [807.9883012325001, 2437.448609853337], [759.8059003807521, 2535.9749961301077], [570.0116987674999, 2447.551390146663]], '91', 0.10270245357834401)]
[([[760, 91], [981, 91], [981, 160], [760, 160]], '마루토가', 0.7306730341133739), ([[704, 149], [760, 149], [760, 213], [704, 213]], '일', 0.9999830723525207), ([[697, 137], [987, 137], [987, 278], [697, 278]], '들의굴철', 0.054577406495809555), ([[1736, 229], [1901, 229], [1901, 293], [1736, 293]], '부족해', 0.9999333771984182), ([[1685, 277], [2003, 277], [2003, 354], [1685, 354]], '자지름원해:', 0.26379763060214073), ([[89, 602], [365, 602], [365, 725], [89, 725]], '맥롯토록관', 0.003583337774761863), ([[24, 649], [432, 649], [432, 797], [24, 797]], '콤훨$장히어', 0.007950688685121818), ([[602, 1027], [716, 1027], [716, 1094], [602, 1094]], "'맨날", 0.8686798966090266), ([[520, 1069], [799, 1069], [799, 1208], [520, 1208]], '만록차하', 0.05078769102692604), ([[47, 1655], [220, 1655], [220, 1739], [47, 1739]], '일밖에', 0.9759798645973206), ([[150, 1598], [501, 1598], [501, 1743], [150, 1743]], '허하룻왕아-', 0.03371814435939057), ([[1579, 1636], [2037, 1636], [2037, 1849], [1579, 1849]], '자류품균하"]주', 0.0003109154190544026), ([[423, 1804], [753, 1804], [753, 2130], [423, 2130]], '~', 0.2173536608566451), ([[1578, 2222], [1982, 2222], [1982, 2374], [1578, 2374]], '제발밀운록록쥐드', 0.009433976058703643), ([[24, 2584], [88, 2584], [88, 2648], [24, 2648]], '저', 0.999998569489037), ([[109, 2582], [385, 2582], [385, 2648], [109, 2648]], '이렇게 혼자', 0.7606410497771093), ([[20, 2620], [375, 2620], [375, 2764], [20, 2764]], "횟출성원'", 0.006009974783170853), ([[18, 2770], [998, 2770], [998, 2873], [18, 2873]], "음묘'.--어예입::-고", 2.165267540794859e-05)]
[([[1065, 10], [2037, 10], [2037, 103], [1065, 103]], "~:'-,:-사어스러.큰문고", 9.439475384603453e-07), ([[740, 96], [1038, 96], [1038, 246], [740, 246]], '콤홀@-늄', 0.0009776258526791363), ([[1648, 152], [1922, 152], [1922, 218], [1648, 218]], '이대로라면', 0.9950617594915975), ([[808, 210], [980, 210], [980, 282], [808, 282]], '보네3', 0.40554365138086174), ([[1620, 198], [1986, 198], [1986, 278], [1620, 278]], '바람피고 말이', 0.4215120540243639), ([[537, 561], [781, 561], [781, 711], [537, 711]], '%있답', 0.005806115893505919), ([[867, 1009], [1072, 1009], [1072, 1283], [867, 1283]], "'", 0.4323682101276205), ([[811, 1480], [977, 1480], [977, 1546], [811, 1546]], '남편은', 0.9649771691125116), ([[778, 1534], [1001, 1534], [1001, 1595], [778, 1595]], '일 갖는데', 0.1380479514042337), ([[659, 1574], [1132, 1574], [1132, 1658], [659, 1658]], '@줌종일자위라내', 0.08615926046594957), ([[1045, 1898], [1159, 1898], [1159, 1964], [1045, 1964]], "'정말", 0.743208110332489), ([[932, 1947], [1277, 1947], [1277, 2026], [932, 2026]], '못돌아내네요', 0.5368154527347359), ([[31, 2173], [315, 2173], [315, 2239], [31, 2239]], '하지만전의', 0.6168298416676362), ([[50, 2219], [228, 2219], [228, 2304], [50, 2304]], '이라면', 0.8929447167562198), ([[208, 2159], [500, 2159], [500, 2309], [208, 2309]], '전대트꼬', 0.0009634116431698203), ([[193, 2274], [360, 2274], [360, 2340], [193, 2340]], '고민을', 0.5529246588871934), ([[163, 2326], [387, 2326], [387, 2392], [163, 2392]], "'해결활수", 0.9861055244035273), ([[749, 2327], [859, 2327], [859, 2384], [749, 2384]], '아아', 0.999713413459542), ([[66, 2366], [482, 2366], [482, 2454], [66, 2454]], "있'기갈혼데요?", 0.020601332308403296), ([[623, 2369], [1021, 2369], [1021, 2510], [623, 2510]], '박혀워뤄기핑0', 0.0006458742796507545), ([[664, 2514], [975, 2514], [975, 2589], [664, 2589]], '생각만해도)', 0.4618771512830826), ([[1712, 2590], [1952, 2590], [1952, 2726], [1712, 2726]], '외출술:', 0.01114861760288477), ([[1627, 2689], [2035, 2689], [2035, 2839], [1627, 2839]], '비표균해요이', 0.007062731816353135)]
[([[1815, 109], [1931, 109], [1931, 171], [1815, 171]], '이거', 0.870720587603433), ([[1725, 154], [2027, 154], [2027, 238], [1725, 238]], '라운래요3', 0.3056930988858401), ([[949, 206], [1255, 206], [1255, 292], [949, 292]], '@요아괴야:', 0.0035816878255981533), ([[1013, 347], [1302, 347], [1302, 424], [1013, 424]], '아니고 뭐가', 0.05025110493734945), ([[1738, 315], [2016, 315], [2016, 399], [1738, 399]], '이마타찌가', 0.06342760657354082), ([[1794, 372], [1956, 372], [1956, 441], [1794, 441]], '자지에', 0.9897579027314009), ([[1050, 400], [1275, 400], [1275, 478], [1050, 478]], '아꾸에요', 0.20899967849254608), ([[28, 443], [375, 443], [375, 584], [28, 584]], '이렇계념질에', 0.030153549077259083), ([[145, 503], [295, 503], [295, 569], [145, 569]], '척이는', 0.29725081626812877), ([[1726, 403], [2031, 403], [2031, 561], [1726, 561]], '@연뷰부보', 0.0029943980819741), ([[117, 554], [170, 554], [170, 618], [117, 618]], '집', 0.2896665764870363), ([[53, 541], [349, 541], [349, 691], [53, 691]], '콤"출다;', 0.00455869412463353), ([[58, 1077], [358, 1077], [358, 1163], [58, 1163]], '@양 5간', 0.16861576947674756), ([[63, 1861], [1038, 1861], [1038, 1958], [63, 1958]], '~묘워로--어예8.-쪽', 6.5730503730424136e-06), ([[82, 2010], [428, 2010], [428, 2160], [82, 2160]], '더툼다얘', 0.00015057632117532194), ([[1584, 2109], [1756, 2109], [1756, 2186], [1584, 2186]], '도지름', 0.02887438368382164), ([[1729, 1989], [1988, 1989], [1988, 2202], [1729, 2202]], '뼈', 0.7519214340200087), ([[186, 2211], [324, 2211], [324, 2273], [186, 2273]], '아앗', 0.6606488760090751), ([[102, 2246], [422, 2246], [422, 2453], [102, 2453]], '꿀다}', 0.005040735598261389), ([[1600, 2224], [2005, 2224], [2005, 2429], [1600, 2429]], '다리품주렉주급', 0.00023112543595980148), ([[1789, 2343], [1977, 2343], [1977, 2420], [1789, 2420]], '순없어', 0.8968032469438545), ([[665, 2672], [736, 2672], [736, 2736], [665, 2736]], ')', 0.5357458070444778), ([[1342.0172500686406, 2692.4552002196497], [1398.7227426057848, 2639.026152040171], [1485.9827499313594, 2743.5447997803503], [1430.2772573942152, 2796.973847959829]], '>', 0.9869472565037682)]
[([[1156, 98], [1453, 98], [1453, 182], [1156, 182]], '{지금분런', 0.04088534327410775), ([[70, 120], [293, 120], [293, 279], [70, 279]], '@8-', 0.17098631514689433), ([[2, 899], [457, 899], [457, 1182], [2, 1182]], '@올:', 0.1698145314852815), ([[57, 1244], [459, 1244], [459, 1408], [57, 1408]], '@물움숨걸없지', 0.0033509031346375443), ([[1581, 1398], [1802, 1398], [1802, 1465], [1581, 1465]], '개끌리논', 0.31262505054473877), ([[1390, 1439], [1996, 1439], [1996, 1528], [1390, 1528]], '운분녀보지 잘먹켓습피다 ', 0.09751048610236308), ([[116, 1534], [392, 1534], [392, 1602], [116, 1602]], '애낳은후로', 0.4855152578676617), ([[100, 1585], [414, 1585], [414, 1652], [100, 1652]], '호카켓티이랑', 0.04877703531265395), ([[127, 1628], [387, 1628], [387, 1760], [127, 1760]], '안해따올', 0.015097660943865776), ([[1065, 1632], [1366, 1632], [1366, 1769], [1065, 1769]], '콤@출하움', 0.015143947316657946), ([[1234, 1698], [1404, 1698], [1404, 1764], [1234, 1764]], "'이만한", 0.787882387638092), ([[397, 1725], [450, 1725], [450, 1767], [397, 1767]], '44 ', 0.14765265583992004), ([[1060, 1742], [1362, 1742], [1362, 1821], [1060, 1821]], '조임이라미하', 0.3448550680961796), ([[787, 2032], [827, 2032], [827, 2063], [787, 2063]], '새', 0.17141742346851974), ([[41, 2309], [210, 2309], [210, 2386], [41, 2386]], '안랫어', 0.2147165345306001), ([[1285, 2372], [1595, 2372], [1595, 2544], [1285, 2544]], '태쇠물집', 0.0013113066088408232), ([[998, 2525], [1168, 2525], [1168, 2649], [998, 2649]], '레', 0.06992413190397428), ([[1538, 2465], [1823, 2465], [1823, 2612], [1538, 2612]], '라발어0', 0.009036527015268803), ([[980, 2628], [1156, 2628], [1156, 2704], [980, 2704]], '이보지', 0.9190096837167225), ([[1027, 2776], [2007, 2776], [2007, 2863], [1027, 2863]], '~묘:어-어예:큰명-고', 1.483298224585644e-05)]
[([[84, 82], [257, 82], [257, 158], [84, 158]], '느렇게', 0.024722395632952733), ([[27, 123], [323, 123], [323, 273], [27, 273]], '입# 교', 0.006833482533693314), ([[1426, 137], [1658, 137], [1658, 274], [1426, 274]], '통요황등', 0.003751828335225582), ([[1523, 74], [1986, 74], [1986, 290], [1523, 290]], '지옮쓸로필질', 0.0001201535563807464), ([[1534, 340], [1831, 340], [1831, 474], [1534, 474]], '하일', 0.34889843443834195), ([[2, 650], [178, 650], [178, 738], [2, 738]], '데:)', 0.044749947141706665), ([[1170, 1305], [1455, 1305], [1455, 1464], [1170, 1464]], '원', 0.3229510798055344), ([[1512, 1348], [1963, 1348], [1963, 1444], [1512, 1444]], '이보지미젓다지짜', 0.05603425389833575), ([[80, 1673], [312, 1673], [312, 1820], [80, 1820]], '중원@ ', 0.023580553010106087), ([[74, 1870], [263, 1870], [263, 2004], [74, 2004]], '오', 0.03162032762075406), ([[1673, 1927], [1789, 1927], [1789, 1994], [1673, 1994]], '우옷', 0.7953142719763489), ([[29, 1974], [296, 1974], [296, 2064], [29, 2064]], '마초분이)', 0.07446276276908595), ([[1563, 1970], [1944, 1970], [1944, 2056], [1563, 2056]], '벌써 나화번려', 0.062252993200505057), ([[1673, 2190], [1989, 2190], [1989, 2275], [1673, 2275]], '안예튿안되6', 0.07320779101117988), ([[60, 2335], [272, 2335], [272, 2403], [60, 2403]], '날편보다', 0.7465766072273254), ([[27, 2385], [273, 2385], [273, 2460], [27, 2460]], '더출앗어?', 0.3337160874334503), ([[1592, 2669], [1937, 2669], [1937, 2761], [1592, 2761]], '@아미야)', 0.20016725369010663), ([[20, 2762], [999, 2762], [999, 2855], [20, 2855]], '[묘--::--장시러::-,', 1.9421004616576895e-05), ([[49.94271332388177, 387.03497119061467], [313.32841294327716, 434.4130885510648], [283.0572866761182, 569.9650288093853], [18.671587056722828, 522.5869114489352]], '앗0', 0.41776323657073106), ([[1012.0952517592642, 603.4286329166888], [1365.878302017369, 529.8690509289626], [1385.904748240736, 683.5713670833112], [1032.121697982631, 757.1309490710374]], '하양!', 0.39054790500865055)]
[([[1211, 3], [1490, 3], [1490, 93], [1211, 93]], '이럴숙가 3', 0.04532055750812345), ([[567, 90], [1147, 90], [1147, 239], [567, 239]], '여적히다오 간탕치튼', 0.0003687629124155692), ([[949, 101], [1174, 101], [1174, 175], [949, 175]], "'사라다량", 0.5453583510441304), ([[569, 269], [853, 269], [853, 445], [569, 445]], '왜어', 0.033067668853756615), ([[1505, 581], [1912, 581], [1912, 739], [1505, 739]], '돌`어완@', 0.0018621639042600863), ([[69, 686], [356, 686], [356, 784], [69, 784]], '(고야)', 0.05669562891125679), ([[1469, 951], [1919, 951], [1919, 1037], [1469, 1037]], '후운기분증게 씻다', 0.28341333217931347), ([[1509, 1047], [1911, 1047], [1911, 1200], [1509, 1200]], "'플목월---", 0.000629561544500936), ([[1011, 1464], [1213, 1464], [1213, 1609], [1011, 1609]], '잊', 0.4713168854391512), ([[33, 1661], [547, 1661], [547, 1811], [33, 1811]], '적-트묘있로인', 0.0002729546509246034), ([[897, 1729], [1078, 1729], [1078, 1802], [897, 1802]], '@거기', 0.2222317050714728), ([[1745, 1680], [1996, 1680], [1996, 1827], [1745, 1827]], "'횟속덧탕", 0.010781648957811082), ([[875, 1778], [1146, 1778], [1146, 1853], [875, 1853]], '손쓰치 말고', 0.8307024488702051), ([[924, 1833], [1089, 1833], [1089, 1897], [924, 1897]], '머리만', 0.9989561276050685), ([[897, 1881], [1120, 1881], [1120, 1962], [897, 1962]], '@들어쥐', 0.7038430571556091), ([[39, 1927], [268, 1927], [268, 2170], [39, 2170]], '")', 0.02036749742000003), ([[565, 2626], [861, 2626], [861, 2782], [565, 2782]], '지빛다하', 0.009424759075045586), ([[1778, 2653], [1965, 2653], [1965, 2845], [1778, 2845]], '둘운', 0.012054206391846078), ([[46, 2771], [1019, 2771], [1019, 2860], [46, 2860]], '나명-장로--괴제예비입_~물', 2.154802514167072e-05), ([[214.47725067524132, 1420.329428578779], [587.0112289364307, 1351.770603735058], [603.5227493247587, 1510.670571421221], [230.98877106356935, 1579.229396264942]], '하양?', 0.13563649783379134)]
