2514806
9
[([[568, 16], [702, 16], [702, 64], [568, 64]], '번 식자', 0.9339202510068068), ([[499, 59], [768, 59], [768, 113], [499, 113]], '꼴어,9샌하결(농약)', 0.0016018650696959659), ([[359, 339], [713, 339], [713, 495], [359, 495]], '유-18', 0.18226606534541037)]
[([[262, 168], [312, 168], [312, 192], [262, 192]], '입으로', 0.9979993729361533), ([[261, 191], [311, 191], [311, 211], [261, 211]], '해보럼', 0.2693627781506425), ([[86, 280], [158, 280], [158, 308], [86, 308]], '지0-::', 0.00015640278677305525), ([[262, 279], [316, 279], [316, 306], [262, 306]], '주인남', 0.7267706897160202), ([[420, 280], [476, 280], [476, 304], [420, 304]], '탁라어명', 0.0049417996779084206)]
[([[175, 137], [213, 137], [213, 185], [175, 185]], '0', 0.10981115041072886), ([[62, 656], [122, 656], [122, 682], [62, 682]], '해본적', 0.9985914811446707), ([[48, 679], [135, 679], [135, 705], [48, 705]], '있논거니?', 0.1025210711679507)]
[([[297, 73], [315, 73], [315, 127], [297, 127]], '물', 0.1845210303544178), ([[296, 124], [320, 124], [320, 166], [296, 166]], '질', 0.926078194519139), ([[517, 605], [565, 605], [565, 625], [517, 625]], '싫은일', 0.9267495436737573), ([[495, 621], [585, 621], [585, 641], [495, 641]], '떠올라 버끗다.', 0.3209607892817845), ([[69, 711], [107, 711], [107, 747], [69, 747]], '긴', 0.9978300196920351)]
[([[277, 331], [305, 331], [305, 347], [277, 347]], '해서', 0.9999608879486127), ([[156, 334], [188, 334], [188, 366], [156, 366]], '사', 0.9461313750949927), ([[157, 361], [217, 361], [217, 381], [157, 381]], '애밖', 0.013926954769816502), ([[100, 412], [143, 412], [143, 432], [100, 432]], '어느쪽', 0.999029348066896), ([[89, 427], [153, 427], [153, 447], [89, 447]], '해빛없니?', 0.8650975088009364), ([[59, 465], [105, 465], [105, 479], [59, 479]], '그거까지', 0.9981036186218262), ([[55, 477], [109, 477], [109, 493], [55, 493]], '맡인가요?', 0.7923277346001371), ([[49, 503], [125, 503], [125, 515], [49, 515]], '인단은 드라무마인계;', 0.37165828875815315), ([[256, 546], [305, 546], [305, 575], [256, 575]], '[공]을', 0.5763760209083557), ([[501, 561], [533, 561], [533, 575], [501, 575]], '니다만', 0.7454403424109692), ([[255, 571], [309, 571], [309, 591], [255, 591]], '해보력람!', 0.045966727263525534), ([[331, 601], [367, 601], [367, 621], [331, 621]], '그럼', 0.9999260752280493), ([[549, 563], [563, 563], [563, 625], [549, 625]], '출', 0.04389111781287003), ([[327, 621], [373, 621], [373, 641], [327, 641]], '오늘은', 0.7081058621406555), ([[474, 614], [518, 614], [518, 640], [474, 640]], '좋아', 0.9969485006307728)]
[([[286, 118], [316, 118], [316, 210], [286, 210]], '움', 0.27859375425410704), ([[316, 494], [344, 494], [344, 518], [316, 518]], '기', 0.20682101047424428), ([[480, 570], [528, 570], [528, 596], [480, 596]], '저기.', 0.9040654323234201), ([[478, 592], [536, 592], [536, 618], [478, 618]], '주인남', 0.7578904916639825), ([[67, 623], [89, 623], [89, 643], [67, 643]], '꽤', 0.9972050672946722), ([[266, 624], [320, 624], [320, 650], [266, 650]], '어때?', 0.7326104401443857), ([[32, 642], [122, 642], [122, 668], [32, 668]], '기분증지?', 0.9627090662794224)]
[([[94, 88], [142, 88], [142, 114], [94, 114]], '좀더', 0.3628159263482689), ([[78, 110], [158, 110], [158, 136], [78, 136]], '기분증게', 0.8747020959854126), ([[88, 134], [148, 134], [148, 160], [88, 160]], '해줄끼', 0.32045436018867124), ([[94, 210], [154, 210], [154, 238], [94, 238]], '[ 주', 0.5142902537697984), ([[194, 406], [220, 406], [220, 432], [194, 432]], '앗', 0.14628558956610505), ([[459, 571], [489, 571], [489, 585], [459, 585]], '하아)', 0.7527210562963069), ([[102, 648], [166, 648], [166, 676], [102, 676]], '해주 세요', 0.9711501931933781), ([[164.89059960754955, 570.3358994113244], [204.693273098422, 566.9356569095634], [206.10940039245045, 588.6641005886756], [166.306726901578, 591.0643430904366]], '인남', 0.12774789097656386), ([[98.43826238111394, 640.7506099048911], [164.86113190339478, 633.267751382271], [166.56173761888607, 651.2493900951089], [100.13886809660524, 658.732248617729]], '이제. 그만', 0.46746998732808137)]
[([[466, 78], [506, 78], [506, 102], [466, 102]], '너는', 0.6296661486047248), ([[178, 142], [238, 142], [238, 168], [178, 168]], '생각이', 0.9999229846455916), ([[188, 166], [228, 166], [228, 190], [188, 190]], '너무', 0.567424964474732), ([[186, 190], [230, 190], [230, 216], [186, 216]], '많아', 0.9997642386702584), ([[438, 342], [492, 342], [492, 366], [438, 366]], "'지금은", 0.9988820552825928), ([[411, 393], [445, 393], [445, 413], [411, 413]], '기분', 0.9998989333532101), ([[472, 384], [496, 384], [496, 416], [472, 416]], '4', 0.06073548330786793), ([[160, 404], [212, 404], [212, 428], [160, 428]], '지금은', 0.9994406759972083), ([[404, 412], [452, 412], [452, 436], [404, 436]], '쫓지?', 0.6191889980501997), ([[148, 424], [236, 424], [236, 450], [148, 450]], '|분종은것만', 0.3895341017703477), ([[152, 444], [220, 444], [220, 470], [152, 470]], '생각하럼', 0.6769727468490601), ([[464, 562], [500, 562], [500, 588], [464, 588]], '이제', 0.9997896937036665), ([[370, 592], [418, 592], [418, 618], [370, 618]], '(가요', 0.9999907773866326), ([[68, 624], [106, 624], [106, 648], [68, 648]], '간다', 0.8022302384882125), ([[315, 627], [337, 627], [337, 647], [315, 647]], '가', 0.9999806881883302), ([[442, 598], [468, 598], [468, 662], [442, 662]], '문', 0.005227604878241587), ([[64, 662], [94, 662], [94, 686], [64, 686]], '가!', 0.9995965942023682), ([[354.400119964012, 622.0605878236588], [381.7391963372748, 617.0924944067191], [392.599880035988, 676.9394121763412], [365.2608036627252, 681.9075055932809]], '숨', 0.14047660125399464)]
[([[67, 267], [113, 267], [113, 305], [67, 305]], '벤그', 0.028500618820882413), ([[244, 450], [286, 450], [286, 476], [244, 476]], '평생', 0.9996560990386473), ([[442, 552], [484, 552], [484, 576], [442, 576]], '내꺼', 0.6912475186295406), ([[104, 574], [132, 574], [132, 606], [104, 606]], '주', 0.9999997615814351), ([[442, 576], [484, 576], [484, 602], [442, 602]], '루다', 0.13158388297714488), ([[102, 602], [130, 602], [130, 664], [102, 664]], '입', 0.9983962057271221), ([[69, 709], [105, 709], [105, 729], [69, 729]], '.7어', 0.004444165862594306), ([[217.07944680100655, 114.69533616120788], [274.8141277205744, 81.6106610509508], [287.92055319899345, 107.30466383879212], [230.1858722794256, 140.3893389490492]], '아아아)', 0.9811931848526001), ([[135.02202795004177, 161.16388105512118], [179.73109943238782, 167.75859116709645], [174.97797204995823, 195.83611894487882], [130.26890056761218, 190.24140883290355]], '아앗', 0.8653732617104402), ([[109.12997781415139, 291.1289267866996], [132.52737191545097, 279.04671727347454], [154.87002218584863, 329.8710732133004], [131.47262808454903, 340.95328272652546]], '$', 0.10751918683510908)]
