2514752
8
[([[1724, 34], [2378, 34], [2378, 90], [1724, 90]], "튼묘'-_설어`-어제예입::-,", 1.4905635535753105e-06), ([[1984, 122], [2282, 122], [2282, 196], [1984, 196]], '길말대로이', 0.034829267673048336), ([[864, 156], [1278, 156], [1278, 304], [864, 304]], '언@지옥쓸최', 0.00045041241911444803), ([[1954, 174], [2362, 174], [2362, 254], [1954, 254]], '이대로렉합에', 0.1026077780805102), ([[938, 273], [1206, 273], [1206, 351], [938, 351]], '제법이3', 0.14974692463874817), ([[1928, 224], [2398, 224], [2398, 370], [1928, 370]], '#물끌태넷롬 @', 0.00010485500518302663), ([[98, 336], [274, 336], [274, 408], [98, 408]], '슈님', 0.07949579126457185), ([[50, 384], [310, 384], [310, 532], [50, 532]], '알요요움', 0.014857234433293343), ([[311, 651], [495, 651], [495, 833], [311, 833]], '교', 0.009021330884565693), ([[1228, 1146], [1392, 1146], [1392, 1226], [1228, 1226]], '이-:(', 0.008921916596591473), ([[642, 1420], [809, 1420], [809, 1500], [642, 1500]], '하영-', 0.15491699083128138), ([[2065, 1419], [2246, 1419], [2246, 1494], [2065, 1494]], '어동레', 0.30120010062825364), ([[1954, 1466], [2366, 1466], [2366, 1618], [1954, 1618]], '회양이움로하어', 0.00027850657681461656), ([[35, 1827], [501, 1827], [501, 2121], [35, 2121]], '뿐로표표', 0.0021903151646256447), ([[1170, 2084], [1534, 2084], [1534, 2164], [1170, 2164]], "'마망세험심야", 0.007858522951420784), ([[1261, 2147], [1437, 2147], [1437, 2209], [1261, 2209]], '여자로', 0.9998456947895134), ([[1148, 2192], [1490, 2192], [1490, 2272], [1148, 2272]], '변핏뿐뿐인데', 0.017939728797800786)]
[([[1723, 33], [2379, 33], [2379, 93], [1723, 93]], '~묘:도---|예입큰:-쪽', 2.8857487162108768e-05), ([[1427, 77], [1711, 77], [1711, 295], [1427, 295]], '@놔', 0.029339702544038677), ([[2077, 143], [2337, 143], [2337, 283], [2077, 283]], '"켓', 0.007605291193481561), ([[118, 336], [249, 336], [249, 417], [118, 417]], '육유', 0.08914370628892837), ([[2024, 250], [2380, 250], [2380, 398], [2024, 398]], '거^이용등', 0.0021814338019076297), ([[69, 390], [191, 390], [191, 464], [69, 464]], '말로', 0.7429317187022219), ([[34, 384], [336, 384], [336, 536], [34, 536]], '리안-렉뱀', 0.005752621811154599), ([[66, 500], [248, 500], [248, 578], [66, 578]], '입보지드', 0.2132098227739334), ([[824, 588], [880, 588], [880, 638], [824, 638]], '스', 0.5286902933811497), ([[179, 1849], [364, 1849], [364, 1925], [179, 1925]], '타액관', 0.20236802476558058), ([[96, 1904], [454, 1904], [454, 1982], [96, 1982]], '훌렁굴령하페', 0.011422406038919395), ([[64, 1962], [420, 1962], [420, 2034], [64, 2034]], '짓페름감국오', 0.0044670562542337795), ([[75, 1978], [493, 1978], [493, 2182], [75, 2182]], '콤기3', 0.0003591456370365834), ([[1250.0828256173056, 546.0233820991898], [1485.7343138999815, 635.9187485501963], [1426.9171743826944, 777.9766179008102], [1191.2656861000185, 687.0812514498037]], '~', 0.8183577112448717)]
[([[1723, 33], [2379, 33], [2379, 93], [1723, 93]], '~묘:도---|예입큰:-쪽', 2.8857487162108768e-05), ([[1369, 52], [1677, 52], [1677, 202], [1369, 202]], '@품-렉', 0.009310013614594936), ([[1307, 161], [1705, 161], [1705, 369], [1307, 369]], '@요겪금 ', 0.0006403288209250687), ([[4, 420], [334, 420], [334, 640], [4, 640]], '뺨문)', 0.012078334621787708), ([[2085, 1575], [2266, 1575], [2266, 1650], [2085, 1650]], '임신해', 0.5490678341646859), ([[2058, 1630], [2238, 1630], [2238, 1706], [2058, 1706]], '격세3', 0.023211594643375164), ([[95, 1813], [471, 1813], [471, 1971], [95, 1971]], '콤스-부]뭐', 0.0003520682872724381), ([[313, 1940], [433, 1940], [433, 1996], [313, 1996]], '의', 0.888713573682768), ([[34, 1914], [532, 1914], [532, 2136], [34, 2136]], '탤출 ', 0.02766856769360081), ([[1250.059241374407, 538.0210826492793], [1527.5682008634565, 635.7633606194873], [1462.940758625593, 802.9789173507207], [1185.4317991365435, 706.2366393805127]], '+', 0.07024909800756873)]
[([[1723, 33], [2379, 33], [2379, 93], [1723, 93]], '~묘-도---|예입큰:-,', 1.8775169852027417e-05), ([[313, 645], [493, 645], [493, 829], [313, 829]], '|', 0.23925561103885773), ([[1100, 1102], [1492, 1102], [1492, 1228], [1100, 1228]], '태?월]', 0.04281225800514221), ([[1249.0420940005465, 542.0218586119692], [1522.4481060456928, 633.2172226537193], [1459.9579059994535, 802.9781413880308], [1186.5518939543072, 711.7827773462807]], '쇼~', 0.07953603716185474)]
[([[1723, 33], [2379, 33], [2379, 93], [1723, 93]], '~묘:.---|예러큰:-쪽', 2.247432697262236e-05), ([[310, 642], [502, 642], [502, 838], [310, 838]], '|', 0.8072743400639979)]
[([[1723, 33], [2379, 33], [2379, 93], [1723, 93]], '~묘:도---|예입큰:-쪽', 3.76072773655211e-05), ([[824, 588], [880, 588], [880, 638], [824, 638]], '스', 0.6333794659001093), ([[309, 641], [495, 641], [495, 833], [309, 833]], '', 0.0), ([[1249.0922061622653, 551.0242552343595], [1476.729003935489, 635.976686035755], [1421.9077938377347, 771.9757447656405], [1194.270996064511, 687.023313964245]], '~', 0.6219608878598457), ([[1997.7811280484034, 2011.0354024325386], [2154.661712436773, 1989.3545900342979], [2178.2188719515966, 2224.9645975674616], [2021.3382875632271, 2246.645409965702]], '7', 0.8699445934219661)]
[([[1723, 33], [2379, 33], [2379, 93], [1723, 93]], '~묘:도---|예입큰:-쪽', 3.76072773655211e-05), ([[286, 638], [496, 638], [496, 836], [286, 836]], '권|', 0.012653258996284453), ([[1248.0507450395844, 541.021465374814], [1523.4852166782264, 634.3787558335314], [1459.9492549604156, 803.978534625186], [1185.5147833217736, 710.6212441664686]], '+', 0.03635292883054664)]
[([[1723, 33], [2379, 33], [2379, 93], [1723, 93]], '~묘:도---|예입큰:-,', 3.059079517843859e-05), ([[311, 643], [491, 643], [491, 827], [311, 827]], '교', 0.008145496950369646), ([[1248.0288180107073, 544.0224690312784], [1523.43631471317, 633.1670877367503], [1461.9711819892927, 801.9775309687216], [1186.56368528683, 712.8329122632497]], '#', 0.05201034053699183)]
