2515077
22
[([[2471, 153], [2620, 153], [2620, 231], [2471, 231]], '자지', 0.9999731947095736), ([[2238, 258], [2644, 258], [2644, 342], [2238, 342]], '자지더주세요', 0.7989697932449472), ([[2164, 312], [2767, 312], [2767, 405], [2164, 405]], '뒷보지에 쓰서박아쥐', 0.5192514669617804), ([[2407, 452], [2551, 452], [2551, 539], [2407, 539]], '너무', 0.9998905885344416), ([[2538, 446], [2767, 446], [2767, 611], [2538, 611]], '햇컷화', 0.007724044372838309), ([[2199, 648], [2688, 648], [2688, 729], [2199, 729]], '한 나라의 호카켓', 0.42430171335471173), ([[2275, 634], [2770, 634], [2770, 875], [2275, 875]], "'플월히킬침록", 0.00012026963478082027), ([[2551, 771], [2691, 771], [2691, 859], [2551, 859]], '버럿', 0.979161693618697), ([[2249, 888], [2531, 888], [2531, 976], [2249, 976]], '뭐 본인이', 0.994125107966502), ([[2481, 881], [2765, 881], [2765, 1051], [2481, 1051]], '골원대다', 0.00411921227350831), ([[2213, 1084], [2479, 1084], [2479, 1168], [2213, 1168]], '일핏보럼', 0.14618541300296783), ([[2411, 1007], [2761, 1007], [2761, 1175], [2411, 1175]], '술히복화류', 0.02116305220995658), ([[2456, 1201], [2518, 1201], [2518, 1265], [2456, 1265]], '네', 0.9998811518697472), ([[2189, 1253], [2481, 1253], [2481, 1414], [2189, 1414]], '"기할빨일', 0.05673269204945618), ([[2473, 1263], [2550, 1263], [2550, 1410], [2473, 1410]], '종', 0.03711610293404832), ([[2515, 1177], [2758, 1177], [2758, 1430], [2515, 1430]], '보월', 0.03361582695371093), ([[2170, 1380], [2665, 1380], [2665, 1481], [2170, 1481]], '빨리 수시고 싶어', 0.6159784164463213), ([[2428, 1492], [2541, 1492], [2541, 1567], [2428, 1567]], '뭐 .', 0.8981535768204011), ([[2197, 1464], [2695, 1464], [2695, 1716], [2197, 1716]], '주나라:"철', 0.0014687372487906245), ([[2457, 1613], [2603, 1613], [2603, 1700], [2457, 1700]], '답이', 0.9998197005431112), ([[2659, 1487], [2745, 1487], [2745, 1696], [2659, 1696]], '듯', 0.2711818517423694), ([[2151, 1807], [2301, 1807], [2301, 1898], [2151, 1898]], '사양', 0.9994816331229314), ([[2288, 1739], [2782, 1739], [2782, 1903], [2288, 1903]], '혈일적적담학', 0.10311458318041372), ([[2345, 1965], [2487, 1965], [2487, 2044], [2345, 2044]], '자기', 0.9999916549341934), ([[2416, 1954], [2783, 1954], [2783, 2122], [2416, 2122]], '깊째못록엔', 0.0008209697872870266), ([[2220, 2017], [2782, 2017], [2782, 2187], [2220, 2187]], '아사현자창 듯하', 0.0013447047216283202), ([[2293, 2217], [2776, 2217], [2776, 2308], [2293, 2308]], '너밖에 없올거야', 0.5515214934875495), ([[1825, 2590], [2830, 2590], [2830, 2688], [1825, 2688]], '음-:외안.-_-비예>입리만-슷', 9.067884176836872e-07)]
[([[859, 159], [1150, 159], [1150, 227], [859, 227]], '하양부러워요', 0.5656675058691829), ([[906, 235], [1145, 235], [1145, 304], [906, 304]], '히마외리님', 0.4943512899824247), ([[2479, 339], [2689, 339], [2689, 407], [2479, 407]], '자기버려', 0.9667227864265442), ([[2320, 414], [2859, 414], [2859, 489], [2320, 489]], '허접안글리자지도래수컷', 0.13023619990918353), ([[2460, 531], [2760, 531], [2760, 611], [2460, 611]], '이양  하웃 ,', 0.30350550356280637), ([[205, 1598], [431, 1598], [431, 1675], [205, 1675]], '떠에5', 0.02580164697493702), ([[161, 1673], [479, 1673], [479, 1757], [161, 1757]], '수치름모로', 0.05611186995722853), ([[197, 1756], [430, 1756], [430, 1841], [197, 1841]], '@모임컷', 0.6189322471618652), ([[1824, 1797], [2171, 1797], [2171, 1881], [1824, 1881]], '암컷이훨게오', 0.14151600757345412), ([[165, 1837], [477, 1837], [477, 1922], [165, 1922]], '동구멍보에', 0.013727322374405073), ([[1720, 1881], [2266, 1881], [2266, 1972], [1720, 1972]], '암컷으로만들어주세요', 0.8801126511836467), ([[162, 1947], [456, 1947], [456, 2028], [162, 2028]], '회미오미이', 0.02204675893104404), ([[139, 2020], [484, 2020], [484, 2106], [139, 2106]], '-지지썩', 0.01981188915669918), ([[1822, 2020], [2219, 2020], [2219, 2088], [1822, 2088]], '이미여동생자지에', 0.6823768913465696), ([[142, 2100], [384, 2100], [384, 2177], [142, 2177]], '넘어주세오', 0.3045893158270195), ([[1798, 2095], [2242, 2095], [2242, 2168], [1798, 2168]], '박히면서가느주제에', 0.6292531114508042), ([[1917, 2174], [2118, 2174], [2118, 2247], [1917, 2247]], '남자리니', 0.520782470703125), ([[142, 2223], [496, 2223], [496, 2303], [142, 2303]], '파파도/해물게', 0.06143446225655581), ([[1888, 2253], [2150, 2253], [2150, 2325], [1888, 2325]], '건방지다고', 0.9823201984116864), ([[155, 2297], [427, 2297], [427, 2383], [155, 2383]], "'기표회넷", 0.004058763023349016), ([[51, 2464], [1024, 2464], [1024, 2554], [51, 2554]], '[::_:-_-압-물', 0.0006637937628384817)]
[([[1786, 1809], [2009, 1809], [2009, 2166], [1786, 2166]], '*', 0.005589236572527634), ([[51, 2464], [1024, 2464], [1024, 2554], [51, 2554]], '[::_:-_-압-물', 0.0005343201455953592)]
[([[899, 163], [1049, 163], [1049, 230], [899, 230]], '축히해', 0.45797276038109574), ([[922, 240], [1069, 240], [1069, 304], [922, 304]], '보루토', 0.46327629685401917), ([[1722, 1206], [2028, 1206], [2028, 1286], [1722, 1286]], '타락용로네?]_', 0.11159599581895252), ([[1764, 1285], [1972, 1285], [1972, 1362], [1764, 1362]], '잘부틱해', 0.32379913330078125), ([[1746, 1363], [2002, 1363], [2002, 1439], [1746, 1439]], '암컷오나올', 0.5548386830997751), ([[1792, 1446], [1901, 1446], [1901, 1512], [1792, 1512]], '오빠', 0.9934062730723234), ([[135, 1803], [341, 1803], [341, 1880], [135, 1880]], '이제훈', 0.06030090438528867), ([[117, 1879], [362, 1879], [362, 1955], [117, 1955]], '부자자증', 0.08982925862073898), ([[84, 1949], [385, 1949], [385, 2034], [84, 2034]], '아난주@남의', 0.04574451399476786), ([[86, 2028], [386, 2028], [386, 2107], [86, 2107]], '자지름[기법', 0.010735814716966222), ([[115, 2106], [354, 2106], [354, 2179], [115, 2179]], '임컷이야', 0.30936697125434875), ([[51, 2465], [1024, 2465], [1024, 2553], [51, 2553]], '[::장.-_-[시압--슷', 8.375876221641509e-06)]
[([[1820, 2592], [2829, 2592], [2829, 2690], [1820, 2690]], '~묘--)--_없러리안--물', 2.136502291125538e-05)]
[([[1821, 2593], [2828, 2593], [2828, 2686], [1821, 2686]], '나묘:설----입리리디피', 1.4001052107856796e-05)]
[([[1820, 2592], [2829, 2592], [2829, 2690], [1820, 2690]], '~묘예_-)--없러리안--', 5.584788039076616e-05)]
[([[51, 2464], [1024, 2464], [1024, 2554], [51, 2554]], '[::_:-_-압-물', 0.0004034380403136578)]
[([[51, 2464], [1024, 2464], [1024, 2554], [51, 2554]], '[::_:-_-압물', 0.0008877911234127242)]
[([[51, 2464], [1024, 2464], [1024, 2554], [51, 2554]], '[::_:-_-압장-물', 0.00011971106542624685)]
[([[51, 2464], [1024, 2464], [1024, 2554], [51, 2554]], '[::_:-_-압물', 0.0016167389063314178), ([[2400.6140041121016, 2187.487613981145], [2613.7281507407984, 2143.974113353868], [2627.3859958878984, 2244.512386018855], [2414.2718492592016, 2288.025886646132]], '43>', 0.15154878850748496), ([[2490.0172500686404, 2265.4552002196497], [2659.857378783127, 2229.8144039366875], [2671.9827499313596, 2316.5447997803503], [2503.142621216873, 2353.1855960633125]], '+96', 0.0038640901622147283)]
[([[2549, 79], [2836, 79], [2836, 168], [2549, 168]], '우리 아빠', 0.996181310466446), ([[2006, 143], [2212, 143], [2212, 229], [2006, 229]], '집에서', 0.9669439340926766), ([[2206, 141], [2421, 141], [2421, 293], [2206, 293]], '풍렬경', 0.033456880039947984), ([[2412, 133], [2701, 133], [2701, 296], [2412, 296]], '간춧채밤다', 0.002084950486231819), ([[2682, 142], [2757, 142], [2757, 222], [2682, 222]], '데', 0.9998934297345983), ([[2131, 265], [2281, 265], [2281, 357], [2131, 357]], '음란', 0.9401008212142834), ([[2265, 185], [2854, 185], [2854, 383], [2265, 383]], '불발륭철히국여번 ', 0.0013117891648316117), ([[2144, 467], [2349, 467], [2349, 553], [2144, 553]], '잘난척', 0.6293393675424027), ([[2344, 394], [2840, 394], [2840, 565], [2344, 565]], '떠중안합다올림', 0.021241352992439625), ([[2159, 643], [2428, 643], [2428, 729], [2159, 729]], '수컷구멍', 0.9889034628868103), ([[2414, 562], [2846, 562], [2846, 807], [2414, 807]], '일컷질지록', 0.014411532317373474), ([[2336, 830], [2555, 830], [2555, 994], [2336, 994]], '국재골', 0.020060321068254585), ([[2486, 824], [2843, 824], [2843, 1000], [2486, 1000]], '골태찢증몇', 0.0013418363334677125), ([[2333, 954], [2846, 954], [2846, 1128], [2333, 1128]], '되어석요낱이-위가', 0.00030326276130274594), ([[36, 1436], [456, 1436], [456, 1527], [36, 1527]], '귀엽고 역겨운', 0.9179903706093817), ([[41, 1508], [114, 1508], [114, 1583], [41, 1583]], '모', 0.9995888894220037), ([[169, 1508], [246, 1508], [246, 1585], [169, 1585]], '부', 0.999998569489037), ([[89, 1488], [530, 1488], [530, 1733], [89, 1733]], '[등러 로록', 0.017805737335081694), ([[297, 1569], [377, 1569], [377, 1653], [297, 1653]], '수', 0.9960286785185737), ([[41, 1567], [119, 1567], [119, 1777], [41, 1777]], '올', 0.6006873260215038), ([[96, 1625], [656, 1625], [656, 1790], [96, 1790]], '룻국콤주칠해하다', 0.006883558547730685), ([[1796, 1654], [2375, 1654], [2375, 1817], [1796, 1817]], '내가 이뵈일렉올', 0.12846716402165906), ([[2355, 1647], [2803, 1647], [2803, 1892], [2355, 1892]], '식콤달월대금', 0.010187907779308357), ([[33, 1838], [547, 1838], [547, 2010], [33, 2010]], '잘싶씩맛종-흐', 0.0015955126601667772), ([[1826, 1853], [2117, 1853], [2117, 1942], [1826, 1942]], '이젠 내가', 0.58766593252574), ([[2097, 1776], [2607, 1776], [2607, 1956], [2097, 1956]], "'하어올다푹되록=", 0.0019118286501056477), ([[2585, 1784], [2807, 1784], [2807, 1941], [2585, 1941]], '취]어', 0.07657554396631369), ([[193, 1918], [261, 1918], [261, 1991], [193, 1991]], '수', 0.999979853731535), ([[36, 1973], [258, 1973], [258, 2132], [36, 2132]], '자창픽', 0.008404450118602583), ([[245, 1971], [402, 1971], [402, 2132], [245, 2132]], '핸록드', 0.04495156464790691), ([[383, 1983], [458, 1983], [458, 2062], [383, 2062]], '때', 0.9997301283785873), ([[387, 1976], [611, 1976], [611, 2137], [387, 2137]], '떠마표', 0.008270878477015575), ([[2034, 1972], [2463, 1972], [2463, 2132], [2034, 2132]], '알알*등올로', 0.03800450093042765), ([[2448, 1974], [2806, 1974], [2806, 2151], [2448, 2151]], '회맞분락빛', 0.0006479110771798059), ([[1949, 2032], [2607, 2032], [2607, 2227], [1949, 2227]], '출플등후옷동출', 0.02376185674394724), ([[2589, 2112], [2794, 2112], [2794, 2198], [2589, 2198]], '햇어요', 0.9360742336855569), ([[2308, 2251], [2376, 2251], [2376, 2324], [2308, 2324]], '동', 0.3876140843775744), ([[2510, 2245], [2781, 2245], [2781, 2331], [2510, 2331]], '쌀수없는', 0.9223304986953735), ([[2159, 2305], [2369, 2305], [2369, 2398], [2159, 2398]], '한심한', 0.9313101172447205), ([[2360, 2241], [2780, 2241], [2780, 2402], [2360, 2402]], "'불텍.출-다", 0.001278074630149934), ([[2384, 2373], [2446, 2373], [2446, 2448], [2384, 2448]], '히', 0.9741141488224372), ([[2104, 2433], [2318, 2433], [2318, 2530], [2104, 2530]], '근사한', 0.9384105812574877), ([[2296, 2427], [2468, 2427], [2468, 2597], [2296, 2597]], '"확록', 0.26457526529928405), ([[2421, 2352], [2802, 2352], [2802, 2607], [2421, 2607]], '[히루터올', 0.020548575564147957), ([[1820, 2592], [2829, 2592], [2829, 2690], [1820, 2690]], '주묘예--)--없러리안--물', 4.025867589412689e-05)]
[([[51, 2464], [1021, 2464], [1021, 2554], [51, 2554]], '[묘:_:-_-압물', 0.0006390269849117411)]
[([[51, 2464], [1024, 2464], [1024, 2554], [51, 2554]], '[::_:---압-물', 0.00038921166541587316)]
[([[51, 2464], [1021, 2464], [1021, 2554], [51, 2554]], '[:_:-_-러물', 0.0029142830371789723)]
[([[2375, 170], [2720, 170], [2720, 254], [2375, 254]], '하아아양생', 0.4920813400994852), ([[2299, 233], [2788, 233], [2788, 319], [2299, 319]], '이걸 원있어요 !', 0.27178504399207554), ([[1970, 296], [2720, 296], [2720, 387], [1970, 387]], '내열등한 암컷클리자지와', 0.7119306976626247), ([[2353, 286], [2803, 286], [2803, 530], [2353, 530]], "'지최증기등 ", 0.005086462999381347), ([[2056, 553], [2470, 553], [2470, 641], [2056, 641]], '수치름 모르는', 0.9231651178794781), ([[2453, 537], [2818, 537], [2818, 717], [2453, 717]], '또물칙-일', 0.011218655047863476), ([[2195, 615], [2540, 615], [2540, 701], [2195, 701]], '동고보지에', 0.9583010507842149), ([[2378, 679], [2788, 679], [2788, 770], [2378, 770]], '달리고있어', 0.7922548540304031), ([[2432, 809], [2621, 809], [2621, 895], [2432, 895]], '하앗 .', 0.3118206858634949), ([[2582, 796], [2831, 796], [2831, 968], [2582, 968]], "'허곡영", 0.41825342178344727), ([[2387, 928], [2809, 928], [2809, 1030], [2387, 1030]], '자지가 옮벽에', 0.17254233530385654), ([[2481, 1003], [2814, 1003], [2814, 1091], [2481, 1091]], '달라붙어서', 0.931760416776042), ([[2592, 1069], [2739, 1069], [2739, 1149], [2592, 1149]], '흐웃', 0.49744393544581106), ([[54, 1528], [335, 1528], [335, 1617], [54, 1617]], '하하 너의', 0.9950987213587491), ([[44, 1584], [353, 1584], [353, 1758], [44, 1758]], '여하화운들', 0.014131293731695126), ([[317, 1573], [608, 1573], [608, 1722], [317, 1722]], "'들어버려 ", 0.38801017677556554), ([[811, 1621], [1199, 1621], [1199, 2097], [811, 2097]], '북', 0.8749669326700769), ([[2357, 2051], [2791, 2051], [2791, 2154], [2357, 2154]], '한방 와줄게', 0.28149370572555965), ([[1965, 2217], [2141, 2217], [2141, 2318], [1965, 2318]], '마조', 0.9993896839034914), ([[2121, 2093], [2806, 2093], [2806, 2333], [2121, 2333]], '호활적_하버력', 0.024858234820614125), ([[1820, 2592], [2829, 2592], [2829, 2690], [1820, 2690]], '나묘:_--)--없러리안--물', 1.754608883217609e-05), ([[1837.532806776538, 1852.0708379117632], [2249.154296058095, 1742.125060719455], [2315.467193223462, 2111.929162088237], [1903.8457039419052, 2220.8749392805453]], '즈봇', 0.2488643046949993)]
[([[2167, 351], [2330, 351], [2330, 424], [2167, 424]], '네~~', 0.9998475530402419), ([[2321, 334], [2754, 334], [2754, 509], [2321, 509]], '앓결탁달확혈', 0.0005556295324471449), ([[2251, 471], [2651, 471], [2651, 562], [2251, 562]], '동고보지워어', 0.49656407239751965), ([[2381, 603], [2586, 603], [2586, 678], [2381, 678]], '흥으웃', 0.3084608047432774), ([[2478, 659], [2694, 659], [2694, 752], [2478, 752]], '최고야', 0.999981967736744), ([[2083, 798], [2566, 798], [2566, 968], [2083, 968]], '수치스러물럴듯', 0.03900130090496371), ([[2552, 810], [2773, 810], [2773, 969], [2552, 969]], '못통관', 0.42541683040898076), ([[2339, 942], [2752, 942], [2752, 1030], [2339, 1030]], '한심한 아빠네', 0.9685936682094674), ([[2294, 1111], [2797, 1111], [2797, 1283], [2294, 1283]], '입젯적정흉니까', 0.010203945619667422), ([[1813, 1311], [2709, 1311], [2709, 1402], [1813, 1402]], '이제 아빠라고 부르지도 않울게', 0.5232270016881494), ([[2321, 1486], [2748, 1486], [2748, 1573], [2321, 1573]], '하하이 암캐도', 0.41272949854967894), ([[2335, 1549], [2670, 1549], [2670, 1633], [2335, 1633]], '질로으니까', 0.9232109469230003), ([[2191, 1676], [2682, 1676], [2682, 1766], [2191, 1766]], '다음 주제름 모루', 0.4205678580637549), ([[2315, 1662], [2776, 1662], [2776, 1927], [2315, 1927]], '콤규록록록', 0.04859343095083695), ([[2606, 1744], [2681, 1744], [2681, 1828], [2606, 1828]], '한', 0.99995219764617), ([[1984, 1932], [2746, 1932], [2746, 2028], [1984, 2028]], '내수컷 오나흘 잘사용하럼', 0.35003159282071106), ([[1820, 2592], [2829, 2592], [2829, 2690], [1820, 2690]], '나묘예_--)--없러리안--물', 2.6363697046064957e-05), ([[657.9970597874561, 1518.0179680700264], [813.5352750117725, 1396.0051168842988], [1132.0029402125438, 1852.9820319299736], [976.4647249882275, 1974.9948831157012]], '듯', 0.0033803040389523975)]
[([[1826, 2594], [2828, 2594], [2828, 2684], [1826, 2684]], '튼묘:지리장--[/예-버러물안-~물', 3.1170481609148906e-06)]
[([[844, 129], [1130, 129], [1130, 210], [844, 210]], '주인념에게', 0.17318067813300964), ([[2281, 33], [2572, 33], [2572, 232], [2281, 232]], '찌적', 0.4883594147999998), ([[818, 214], [1155, 214], [1155, 303], [818, 303]], '그만큼복하력', 0.14154737768802408), ([[2450, 273], [2780, 273], [2780, 352], [2450, 352]], '마조쾌락으로', 0.48253731855151766), ([[873, 306], [1047, 306], [1047, 386], [873, 386]], '보무토', 0.676868148289566), ([[2500, 363], [2728, 363], [2728, 442], [2500, 442]], '암컷굴복', 0.6874504089355469), ([[2387, 449], [2797, 449], [2797, 533], [2387, 533]], '해버려번태오빠', 0.5405355622776187), ([[1703, 598], [1973, 598], [1973, 821], [1703, 821]], '얘적', 0.04671697150223626), ([[844, 844], [1025, 844], [1025, 921], [844, 921]], '오빠도', 0.4837511822913083), ([[819, 934], [1050, 934], [1050, 1014], [819, 1014]], '피파처럼', 0.44704723358154297), ([[790, 1017], [1085, 1017], [1085, 1110], [790, 1110]], '빨리임컷이', 0.7412736235717807), ([[847, 1108], [1029, 1108], [1029, 1192], [847, 1192]], '되버려', 0.9717712137488063), ([[2371, 1633], [2610, 1633], [2610, 1717], [2371, 1717]], '옷 우옷', 0.24430276453495026), ([[2268, 1720], [2713, 1720], [2713, 1806], [2268, 1806]], '어서이런짓올 _', 0.32653291291589015), ([[1786, 1786], [2070, 1786], [2070, 1870], [1786, 1870]], '어서리니', 0.6061604619026184), ([[1726, 1877], [2132, 1877], [2132, 1956], [1726, 1956]], '이런꽉꺼보이튿', 0.17852734390121877), ([[331, 1920], [512, 1920], [512, 1997], [331, 1997]], '따파도', 0.9970805114491093), ([[1654, 1965], [2206, 1965], [2206, 2046], [1654, 2046]], '동고보지름가져으면서', 0.2983176578279544), ([[199, 2002], [650, 2002], [650, 2092], [199, 2092]], '눈로서우수활집', 0.12963072698043804), ([[1727, 2049], [2132, 2049], [2132, 2137], [1727, 2137]], '년자름하는것은', 0.2695151235861908), ([[336, 2095], [512, 2095], [512, 2175], [336, 2175]], ' 도', 0.1084332253110139), ([[1841, 2145], [2022, 2145], [2022, 2222], [1841, 2222]], '사치야', 0.9998169951981299), ([[200, 2180], [655, 2180], [655, 2270], [200, 2270]], '부거근앞에', 0.15252406074033759), ([[305, 2270], [540, 2270], [540, 2358], [305, 2358]], '@리의', 0.9304247778039817), ([[272, 2359], [506, 2359], [506, 2445], [272, 2445]], '입컷일뿐', 0.4742693603038788), ([[51, 2464], [1024, 2464], [1024, 2554], [51, 2554]], '[::_:---압-물', 0.0006758272616666784)]
[([[962, 107], [1087, 107], [1087, 191], [962, 191]], '후릇', 0.6314198148936616), ([[2453, 84], [2688, 84], [2688, 163], [2453, 163]], '곧오빠도', 0.7019158005714417), ([[906, 197], [1201, 197], [1201, 281], [906, 281]], '그말이맞아', 0.5335935293491707), ([[2338, 174], [2802, 174], [2802, 253], [2338, 253]], '피파처럼 월거니까', 0.1973324554059768), ([[966, 288], [1137, 288], [1137, 366], [966, 366]], '보무토', 0.6432443857192993), ([[2347, 290], [2809, 290], [2809, 370], [2347, 370]], '웃 웃기지마_내가', 0.9817070915789468), ([[2362, 377], [2794, 377], [2794, 461], [2362, 461]], '콤복활것같아?]', 0.08071942972705257), ([[2453, 468], [2690, 468], [2690, 548], [2453, 548]], '엇_???', 0.8673760269552088), ([[961, 927], [1142, 927], [1142, 1005], [961, 1005]], '피파도', 0.4609920589371976), ([[1187, 968], [1204, 968], [1204, 1000], [1187, 1000]], '0', 0.18640999216614862), ([[856, 1012], [1251, 1012], [1251, 1098], [856, 1098]], '허미외리관에게', 0.084131644376193), ([[912, 1105], [1198, 1105], [1198, 1185], [912, 1185]], '동고보지에', 0.32413122303328157), ([[940, 1185], [1174, 1185], [1174, 1278], [940, 1278]], '다선저서 ', 0.018161756408063407), ([[857, 1277], [1226, 1277], [1226, 1368], [857, 1368]], "'암컷리락쾌어", 0.05256850602481638), ([[1604, 1250], [1989, 1250], [1989, 1339], [1604, 1339]], '이사진보이지?', 0.9361739007591673), ([[1621, 1330], [1862, 1330], [1862, 1430], [1621, 1430]], '[내오빠', 0.027786489576101303), ([[220, 1457], [571, 1457], [571, 1543], [220, 1543]], '피파의진운', 0.10173733139175674), ([[1622, 1428], [1973, 1428], [1973, 1512], [1622, 1512]], '이빠도처음엔', 0.7883992022075192), ([[304, 1548], [489, 1548], [489, 1628], [304, 1628]], '보람)', 0.048069314695620445), ([[1706, 1515], [1886, 1515], [1886, 1604], [1706, 1604]], '이쨌어', 0.4491412341594696), ([[119, 1676], [639, 1676], [639, 1764], [119, 1764]], '잔뜩문보지적정의', 0.1357760476096017), ([[74, 1761], [669, 1761], [669, 1860], [74, 1860]], '암컷오로론진플  외서', 0.021200356581362954), ([[204, 1849], [560, 1849], [560, 1947], [204, 1947]], '버입준제에', 0.015149318168626453), ([[208, 1935], [558, 1935], [558, 2039], [208, 2039]], '가줌이권처서', 0.032840330077486976), ([[233, 2083], [486, 2083], [486, 2169], [233, 2169]], '자지임에', 0.15420348942279816), ([[51, 2168], [684, 2168], [684, 2259], [51, 2259]], '반항조자일스 없는연의합', 0.06648342005392997), ([[114, 2258], [574, 2258], [574, 2342], [114, 2342]], '임컷오로변안거야', 0.4904827407433925), ([[51, 2464], [1024, 2464], [1024, 2554], [51, 2554]], '[::_:-_-압-물', 0.0003666658030384377)]
[([[742, 71], [1269, 71], [1269, 140], [742, 140]], '그뒤계속음관하게조교권', 0.5587987691963044), ([[888, 148], [1127, 148], [1127, 216], [888, 216]], '동고보지에', 0.9449922755204256), ([[859, 218], [1154, 218], [1154, 293], [859, 293]], '쓰서박히면서', 0.4012236158532697), ([[951, 301], [1062, 301], [1062, 365], [951, 365]], '파파', 0.9995929700036491), ([[796, 373], [1175, 373], [1175, 441], [796, 441]], '마음이꺾어버워어', 0.24951873896189658), ([[2555, 373], [2756, 373], [2756, 441], [2555, 441]], '건방지게', 0.9965882301330566), ([[2481, 451], [2828, 451], [2828, 520], [2481, 520]], '마조자지주제에', 0.9843566163094695), ([[2478, 525], [2829, 525], [2829, 602], [2478, 602]], '남지행세하길래', 0.8710518539487991), ([[797, 907], [1191, 907], [1191, 982], [797, 982]], '현실올받아들이럼', 0.46363907850452557), ([[899, 991], [1053, 991], [1053, 1058], [899, 1058]], '보루토', 0.44322411037526216), ([[882, 1089], [1083, 1089], [1083, 1162], [882, 1162]], '우리같은', 0.8739563226699829), ([[854, 1165], [1107, 1165], [1107, 1249], [854, 1249]], '열등순컷은', 0.8120062602237177), ([[1628, 1216], [1980, 1216], [1980, 1283], [1628, 1283]], '사구라아줌미에게', 0.18978063590800054), ([[878, 1247], [1077, 1247], [1077, 1322], [878, 1322]], '말이야', 0.7422105073928833), ([[1639, 1286], [1955, 1286], [1955, 1352], [1639, 1352]], '받은약으로몸올', 0.4770097124507113), ([[1651, 1351], [1957, 1351], [1957, 1423], [1651, 1423]], "'못움직이거하고", 0.9190346362710976), ([[71, 1414], [421, 1414], [421, 1505], [71, 1505]], '(세의기블올', 0.1936401878540458), ([[1601, 1422], [1964, 1422], [1964, 1491], [1601, 1491]], '매일매일암컷훈육 ', 0.4476340466779224), ([[78, 1505], [421, 1505], [421, 1593], [78, 1593]], '일이외순간', 0.17538525996974808), ([[121, 1592], [353, 1592], [353, 1681], [121, 1681]], '8키베도', 0.025875836610794067), ([[80, 1682], [423, 1682], [423, 1768], [80, 1768]], '파획정이야', 0.194709830560018), ([[1527, 1730], [1719, 1730], [1719, 1820], [1527, 1820]], '@싸 ,', 0.06513335555791855), ([[127, 1814], [394, 1814], [394, 1899], [127, 1899]], '공어자도', 0.005896730348467827), ([[72, 1899], [435, 1899], [435, 1979], [72, 1979]], '부드러운임의', 0.7260029486745889), ([[101, 1979], [421, 1979], [421, 2063], [101, 2063]], '유방자물리', 0.09898437176050782), ([[49, 2058], [466, 2058], [466, 2142], [49, 2142]], '마조오니올입 이', 0.14577701461883283), ([[122, 2141], [387, 2141], [387, 2227], [122, 2227]], '돼물문', 0.021035430272366373), ([[1528, 2147], [1911, 2147], [1911, 2222], [1528, 2222]], '후랜리발기자짓로', 0.08371265346201329), ([[1418, 2217], [2022, 2217], [2022, 2292], [1418, 2292]], '파피의암컷구멍에내자지크기에', 0.4418948207750701), ([[44, 2283], [509, 2283], [509, 2370], [44, 2370]], '빨리틱라이극세요', 0.015235509347175276), ([[1561, 2283], [1878, 2283], [1878, 2356], [1561, 2356]], '딱닷계접칙다', 0.08072823130619766), ([[145, 2362], [398, 2362], [398, 2450], [145, 2450]], '병신소적0', 0.046379904888744765), ([[1529, 2353], [1913, 2353], [1913, 2419], [1529, 2419]], '기분중은암컷회강간', 0.5598558215835324), ([[1623, 2417], [1803, 2417], [1803, 2490], [1623, 2490]], '시료어)', 0.04195903614163399), ([[51, 2464], [1024, 2464], [1024, 2554], [51, 2554]], '[::_:-_-압물', 0.0010718010652679296)]
[([[901, 67], [1200, 67], [1200, 140], [901, 140]], '파피의행복한', 0.8078159019120413), ([[818, 140], [1275, 140], [1275, 213], [818, 213]], '모습이보이지않니?0', 0.24056558431942288), ([[797, 255], [1257, 255], [1257, 332], [797, 332]], '남자로서느길수없는', 0.4267630431635008), ([[815, 334], [1236, 334], [1236, 418], [815, 418]], "'거대하고부드러운", 0.44096447790123905), ([[869, 419], [1137, 419], [1137, 498], [869, 498]], '유방울달고', 0.5910068706555852), ([[2601, 552], [2751, 552], [2751, 627], [2601, 627]], '나도 ', 0.6595417094953845), ([[2462, 639], [2880, 639], [2880, 719], [2462, 719]], '저렇게되고싶어', 0.5054654475459872), ([[1706, 880], [2004, 880], [2004, 955], [1706, 955]], '드디어본성올', 0.7666491327285159), ([[813, 941], [1149, 941], [1149, 1016], [813, 1016]], "'진짜자지에게", 0.34751023943866716), ([[1189, 968], [1204, 968], [1204, 1000], [1189, 1000]], '0', 0.3990588706152529), ([[1713, 959], [1997, 959], [1997, 1032], [1713, 1032]], '깨달은거야?', 0.9546999437439699), ([[842, 1022], [1110, 1022], [1110, 1099], [842, 1099]], "'이양슬떨려", 0.1873665298909671), ([[1629, 1300], [1892, 1300], [1892, 1405], [1629, 1405]], '[낫우울화', 0.018139036831020902), ([[1581, 1394], [2023, 1394], [2023, 1483], [1581, 1483]], '후립니리자지에게', 0.19721040066057882), ([[1627, 1485], [1963, 1485], [1963, 1565], [1627, 1565]], '꿀복하고싶어', 0.5486884006295182), ([[107, 1668], [430, 1668], [430, 1754], [107, 1754]], "'옆물사지달고", 0.09730661664028914), ([[29, 1750], [501, 1750], [501, 1836], [29, 1836]], '항상공안적울히자만', 0.1509914490670621), ([[138, 1834], [395, 1834], [395, 1911], [138, 1911]], '뜻소보지로', 0.04093318370916866), ([[158, 1915], [368, 1915], [368, 1995], [158, 1995]], '가', 0.014288623142366674), ([[160, 2034], [411, 2034], [411, 2109], [160, 2109]], "'자지이", 0.21541427075862885), ([[135, 2104], [434, 2104], [434, 2191], [135, 2191]], '골발스렉에', 0.021104238581965588), ([[202, 2178], [371, 2178], [371, 2263], [202, 2263]], '어게', 0.06843495991072585), ([[1420, 2187], [1821, 2187], [1821, 2267], [1420, 2267]], '이미여동생자지에', 0.6417635643887674), ([[132, 2250], [438, 2250], [438, 2346], [132, 2346]], '회믿쇼', 0.0006523345459261308), ([[1396, 2258], [1846, 2258], [1846, 2351], [1396, 2351]], '박히면서지논주제에', 0.08213071930769152), ([[120, 2338], [417, 2338], [417, 2411], [120, 2411]], '틀의분등이야', 0.22743734646290875), ([[1517, 2343], [1725, 2343], [1725, 2424], [1517, 2424]], '남자렉', 0.21457442499736568), ([[1488, 2424], [1752, 2424], [1752, 2503], [1488, 2503]], '건방지다고', 0.4116266076738466), ([[51, 2465], [1024, 2465], [1024, 2551], [51, 2551]], '[::.어음--시:살명-고', 8.953262671718607e-06), ([[2400.6140041121016, 2187.487613981145], [2614.746576383176, 2143.9996965203704], [2628.3859958878984, 2244.512386018855], [2414.253423616824, 2288.0003034796296]], '43>', 0.10694296613016793), ([[2490.0172500686404, 2265.4552002196497], [2659.857378783127, 2229.8144039366875], [2671.9827499313596, 2316.5447997803503], [2503.142621216873, 2353.1855960633125]], '세96', 0.00424245538320644)]
