2515956
8
[([[5, 9], [145, 9], [145, 45], [5, 45]], '역식다)', 0.06767994910478592), ([[686, 132], [890, 132], [890, 182], [686, 182]], '스시오나흘', 0.38487241096706515), ([[732, 174], [844, 174], [844, 222], [732, 222]], '3개에', 0.9972218938350097), ([[723, 217], [853, 217], [853, 261], [723, 261]], '100엔갈', 0.13888444658843682), ([[63, 654], [167, 654], [167, 707], [63, 707]], '@+퍽:`', 0.0018856136939067122)]
[([[29, 15], [247, 15], [247, 280], [29, 280]], '7', 0.1442396938040138), ([[678, 144], [714, 144], [714, 176], [678, 176]], '느', 0.20998676769301028), ([[726, 130], [869, 130], [869, 184], [726, 184]], '나 수컷 ', 0.6748824424329141), ([[145, 413], [287, 413], [287, 551], [145, 551]], '제 `', 0.007413225299261477), ([[15, 851], [119, 851], [119, 891], [15, 891]], '(째>히', 0.0008845807169564068), ([[354.23686801975, 128.01387054312494], [509.15311567463806, 206.44233021433183], [388.76313198025, 444.98612945687506], [233.84688432536194, 366.55766978566817]], '=', 0.7440769582561337), ([[347.43431457505073, 638.0402020253554], [423.97442101915885, 681.5483612478229], [403.56568542494927, 715.9597979746446], [328.02557898084115, 672.4516387521771]], '<608 ', 0.01830855738823524)]
[([[717, 105], [851, 105], [851, 275], [717, 275]], '0', 0.9997462195257221)]
[([[829, 21], [943, 21], [943, 149], [829, 149]], ',', 0.038179063465136664), ([[15, 553], [143, 553], [143, 591], [15, 591]], '@대3|`>]', 0.0002413303188442351), ([[115.48784596651676, 397.1053670015494], [523.6728921916758, 321.35464534133723], [549.5121540334833, 575.8946329984507], [141.32710780832412, 652.6453546586628]], '7', 0.16004542673158895)]
[([[193, 75], [255, 75], [255, 139], [193, 139]], '은', 0.31531566641560005), ([[790, 140], [946, 140], [946, 192], [790, 192]], '잠7 , 자지', 0.44421947025020847), ([[798, 183], [942, 183], [942, 231], [798, 231]], '부러짓: !', 0.3008862080871412), ([[47, 437], [107, 437], [107, 503], [47, 503]], '@', 0.34243547482305203), ([[74, 492], [147, 492], [147, 584], [74, 584]], '병', 0.40990803823968136), ([[86, 741], [209, 741], [209, 777], [86, 777]], '@+퍽5감교', 0.002402498098741626)]
[([[191, 221], [289, 221], [289, 263], [191, 263]], '내 자지', 0.9933747727171558), ([[110, 254], [374, 254], [374, 302], [110, 302]], '부러적으니까(대참사)', 0.5241459106857796), ([[111, 293], [369, 293], [369, 337], [111, 337]], '당분간은 장난감으로', 0.8934625291992443), ([[145, 324], [340, 324], [340, 374], [145, 374]], '놀라고] # # #', 0.06270200329793305), ([[362, 606], [414, 606], [414, 632], [362, 632]], '712', 0.05143052576450194), ([[734, 662], [782, 662], [782, 688], [734, 688]], '71', 0.21740478656357123), ([[7, 909], [79, 909], [79, 953], [7, 953]], '@+63', 0.08197512477636337), ([[736.5723575755319, 103.02292545244686], [771.7624582204446, 98.0733401647104], [785.4276424244681, 203.97707454755314], [750.2375417795554, 208.9266598352896]], '승', 0.15977785197334526)]
[([[725, 89], [805, 89], [805, 129], [725, 129]], '스위치', 0.9998021721839905), ([[699, 121], [829, 121], [829, 163], [699, 163]], '켜버게9', 0.8630747199058533), ([[350, 240], [500, 240], [500, 362], [350, 362]], '(현', 0.013534815903508602), ([[71, 499], [127, 499], [127, 535], [71, 535]], '미안', 0.9985521414720773), ([[47, 527], [153, 527], [153, 569], [47, 569]], '너무 셋네', 0.9651811584829333), ([[790, 520], [882, 520], [882, 550], [790, 550]], '스시 로터', 0.9578214192525429), ([[61, 557], [127, 557], [127, 599], [61, 599]], '(웃음)', 0.9996603727340698), ([[789, 547], [879, 547], [879, 583], [789, 583]], '로구만 국', 0.45234714351880395), ([[715, 731], [807, 731], [807, 775], [715, 775]], '옛, 6성', 0.7992797326207867), ([[461, 783], [481, 783], [481, 807], [461, 807]], '끈"', 0.009603958650779672), ([[597, 785], [633, 785], [633, 825], [597, 825]], '대', 0.08496024572000138), ([[715, 767], [805, 767], [805, 811], [715, 811]], '메타몽', 0.5121467776317016), ([[705, 803], [817, 803], [817, 845], [705, 845]], '레이드?', 0.9573321342468262), ([[719, 839], [801, 839], [801, 881], [719, 881]], '간다!!', 0.4853552579879761), ([[2, 968], [52, 968], [52, 996], [2, 996]], '@*6:}', 0.004991905235207037), ([[660.2844582472001, 557.0645203596004], [710.9755349386945, 591.5582738957006], [691.7155417527999, 619.9354796403996], [640.0244650613055, 585.4417261042994]], "'7", 0.8130677177145152)]
[([[444, 0], [518, 0], [518, 26], [444, 26]], '(', 0.3879809570326529), ([[301, 25], [361, 25], [361, 67], [301, 67]], '{', 0.0952381775097857), ([[122, 86], [225, 86], [225, 141], [122, 141]], '자지름', 0.2639509752929738), ([[111, 130], [238, 130], [238, 182], [111, 182]], '둘러서는', 0.2555588483810425), ([[98, 174], [250, 174], [250, 222], [98, 222]], '안팎다곳]!', 0.325100999755335), ([[62, 220], [114, 220], [114, 394], [62, 394]], '#', 0.1997221229509627), ([[806, 470], [836, 470], [836, 528], [806, 528]], '5', 0.254618862545275), ([[214, 828], [312, 828], [312, 954], [214, 954]], '텅', 0.0330292112561692), ([[17, 962], [96, 962], [96, 994], [17, 994]], ':65*+퍽>교', 0.00012499579896350566), ([[559.1644588494623, -16.929692788172318], [656.9384177406339, 8.217676397523338], [643.8355411505377, 51.92969278817232], [546.0615822593661, 25.782323602476662]], '고', 0.05227813256474456), ([[384.21114561800016, 15.422291236000337], [441.86002667605226, 4.203529472304486], [447.78885438199984, 42.57770876399967], [391.13997332394774, 53.79647052769551]], '스게', 0.011763560976199652), ([[740.3486328543988, 122.03037154206687], [790.4779161926414, 113.15779540443809], [810.6513671456012, 242.96962845793314], [760.5220838073586, 251.8422045955619]], '지', 0.01780325980839792), ([[661.2765422907172, 301.0291244048934], [727.3350640763722, 283.0995728241853], [766.7234577092828, 442.9708755951066], [700.6649359236278, 460.9004271758147]], '평', 0.0335621969506974), ([[454.3008733627855, 553.0174672557101], [552.9184879484158, 526.132072830023], [612.6991266372145, 780.9825327442899], [514.0815120515842, 806.867927169977]], '표', 0.17727611083471206)]
