2515149
15
[]
[([[1361, 37], [2379, 37], [2379, 121], [1361, 121]], "튼묘'-장---어,러:명-쪽", 8.253542953541269e-06)]
[([[1361, 37], [2379, 37], [2379, 121], [1361, 121]], "튼묘'-장:어--|,러긋:명-쪽", 2.2654432022129735e-06), ([[337, 1483], [423, 1483], [423, 1585], [337, 1585]], '무', 0.47824389836604553)]
[([[1361, 37], [2379, 37], [2379, 121], [1361, 121]], "튼묘'-장---어,러긋:명-쪽", 3.37399081657302e-06), ([[840, 580], [940, 580], [940, 678], [840, 678]], '걸', 0.02040103018586259)]
[([[1361, 37], [2379, 37], [2379, 121], [1361, 121]], "튼묘'-장---어,러긋:명-쪽", 3.2984240236081125e-06)]
[([[1361, 37], [2379, 37], [2379, 121], [1361, 121]], "튼묘'-장---어,러긋:명-쪽", 3.2984240236081125e-06), ([[1869, 1355], [2189, 1355], [2189, 1543], [1869, 1543]], '찌거', 0.5221905261607639), ([[1434, 1692], [1680, 1692], [1680, 1938], [1434, 1938]], '저격', 0.06744042180912055)]
[([[1361, 37], [2379, 37], [2379, 121], [1361, 121]], "튼묘'-장---|,러:명-쪽", 8.489647971969242e-06), ([[1675, 1387], [2083, 1387], [2083, 1669], [1675, 1669]], '부릇', 0.3578829413847621)]
[([[1361, 37], [2379, 37], [2379, 121], [1361, 121]], "튼묘'-장---|,러:명-쪽", 7.988480852010326e-06), ([[645, 683], [785, 683], [785, 739], [645, 739]], '[피?', 0.4771083891391754), ([[1533, 597], [1997, 597], [1997, 737], [1533, 737]], '지러기렉끌불하데?', 9.547746283507431e-05), ([[406, 726], [524, 726], [524, 804], [406, 804]], '면의', 0.4363611022429299), ([[524, 668], [861, 668], [861, 814], [524, 814]], '@주물주_', 0.002019483635788997), ([[1634, 1345], [2018, 1345], [2018, 1417], [1634, 1417]], '암랫말통이달린', 0.17874966014157537), ([[1561, 1389], [2079, 1389], [2079, 1474], [1561, 1474]], '미늄움어면 기분이야?', 0.1321161128689025), ([[323, 1449], [903, 1449], [903, 1655], [323, 1655]], '?청이발-기롭키늄', 1.2279133461292321e-05)]
[([[1361, 37], [2379, 37], [2379, 121], [1361, 121]], "튼묘'-장---|,러:명-쪽", 8.547728529772828e-06), ([[428, 130], [660, 130], [660, 204], [428, 204]], '기분쪽네', 0.0685131624341011), ([[473, 185], [611, 185], [611, 253], [473, 253]], '창녀?', 0.9502137634943663), ([[716, 600], [834, 600], [834, 672], [716, 672]], '이제', 0.7740888247681305), ([[440, 578], [849, 578], [849, 791], [440, 791]], '콤발나패', 0.0005389064899645746), ([[823, 647], [947, 647], [947, 737], [823, 737]], "'위해", 0.39150024798674293), ([[1540, 596], [1992, 596], [1992, 740], [1540, 740]], '@뒷출증%', 0.007533025516005761), ([[1622, 1360], [1900, 1360], [1900, 1436], [1622, 1436]], '너의남성적_', 0.19411575203380882), ([[1491, 1407], [2020, 1407], [2020, 1486], [1491, 1486]], '가치관과없애버활거야', 0.044029126910626076), ([[554, 1521], [844, 1521], [844, 1665], [554, 1665]], '@출없교입', 0.001592337027766821), ([[1617, 1529], [2019, 1529], [2019, 1669], [1617, 1669]], '불"움빛길증하', 0.014557843685952004)]
[([[1361, 37], [2379, 37], [2379, 121], [1361, 121]], "튼묘'-장---|,러긋:명-쪽", 4.417202198405284e-06), ([[330, 129], [756, 129], [756, 205], [330, 205]], '더욱입히눈기?', 0.0975931837856912), ([[1353, 597], [1417, 597], [1417, 665], [1353, 665]], '더', 0.2384453262718731), ([[1397, 539], [1887, 539], [1887, 679], [1397, 679]], "'이레열 봉등물", 0.0021785956003472196), ([[479, 585], [938, 585], [938, 793], [479, 793]], '올내움-?', 0.004544552653282592), ([[1528, 1346], [1984, 1346], [1984, 1493], [1528, 1493]], '순육%궁다의미', 0.013139650026987035), ([[57, 1521], [330, 1521], [330, 1596], [57, 1596]], '기분증종잖야', 0.26753162436638744), ([[28, 1571], [352, 1571], [352, 1706], [28, 1706]], "'타락히버력 다", 0.0012662951793005238), ([[135, 1581], [295, 1581], [295, 1645], [135, 1645]], "'으로", 0.5024998396686576), ([[1684, 1616], [1807, 1616], [1807, 1693], [1684, 1693]], '맨래', 0.07525418477935271), ([[1791, 1613], [2139, 1613], [2139, 1749], [1791, 1749]], '(되일워0이가', 0.002123196284786825)]
[([[1361, 37], [2379, 37], [2379, 121], [1361, 121]], "튼묘'-장---|,러:명-쪽", 7.988480852010326e-06), ([[841, 587], [943, 587], [943, 675], [841, 675]], '주', 0.014112712280413275), ([[465, 639], [819, 639], [819, 777], [465, 777]], '국월증-', 0.0012835945235565305), ([[1594, 596], [1940, 596], [1940, 742], [1594, 742]], '생어질류에_', 0.012847137822486789), ([[443, 1449], [797, 1449], [797, 1653], [443, 1653]], '엷빵', 0.009217866750327793), ([[1506, 1382], [1848, 1382], [1848, 1586], [1506, 1586]], '미?블', 0.0064518377764696405)]
[([[1361, 37], [2379, 37], [2379, 121], [1361, 121]], "튼묘'장---|,러긋:명-쪽", 2.958436309200158e-06), ([[1611, 586], [1825, 586], [1825, 650], [1611, 650]], '동교보지', 0.19640445709228516), ([[465, 665], [860, 665], [860, 809], [465, 809]], '영햇국롭롭에', 0.0002502012701799554), ([[1575, 626], [1853, 626], [1853, 767], [1575, 767]], '품품로위-', 0.0019216431001954867), ([[1832, 1268], [2371, 1268], [2371, 1407], [1832, 1407]], '@원하%늄력슈켜되 ', 0.0003361735174292035), ([[1867, 1373], [2336, 1373], [2336, 1451], [1867, 1451]], "'다까지흥분되는결?", 0.45270526639388053), ([[397, 1446], [835, 1446], [835, 1579], [397, 1579]], '얼핏표동히씬로', 0.0007161758459219769), ([[405, 1613], [628, 1613], [628, 1689], [405, 1689]], '엉덩이가', 0.4720272123813629), ([[431, 1500], [830, 1500], [830, 1711], [431, 1711]], '#호하 ', 0.007494538556784391)]
[([[1361, 37], [2379, 37], [2379, 121], [1361, 121]], '튼묘,-장---어,러긋:명-쪽', 2.4122156322583623e-06), ([[380, 106], [666, 106], [666, 180], [380, 180]], '기분종지', 0.571381688117981), ([[1498, 610], [1908, 610], [1908, 756], [1498, 756]], '@콤다품품빵&', 0.00034860326736356646), ([[363, 707], [987, 707], [987, 845], [363, 845]], '잔기량_요? 숙훨체록표', 0.00027730017869326913), ([[1811, 1194], [2301, 1194], [2301, 1334], [1811, 1334]], '몇현윗골평실렉입관', 0.007882767772746631), ([[343, 1453], [892, 1453], [892, 1603], [343, 1603]], '콤플렉올렉교_렉표교', 0.0007715322124474843), ([[1872, 1354], [2189, 1354], [2189, 1548], [1872, 1548]], '찌거', 0.06597296165468645), ([[1434, 1694], [1682, 1694], [1682, 1936], [1434, 1936]], '지격', 0.1948018042721613)]
[([[1361, 37], [2379, 37], [2379, 121], [1361, 121]], "튼묘'-장---어,러:명-쪽", 8.044259856541098e-06), ([[908, 664], [1456, 664], [1456, 742], [908, 742]], '아아 놔는 죽어버로어:', 0.09182275493543128), ([[951, 710], [1358, 710], [1358, 846], [951, 846]], '종요다탤력히고 ', 0.0016660837921471758), ([[1672, 1386], [2085, 1386], [2085, 1671], [1672, 1671]], '유릇', 0.24449123390982566)]
[([[1361, 37], [2379, 37], [2379, 121], [1361, 121]], "튼묘'-장---어,러:명-쪽", 9.65559276163806e-06)]
