2515796
15
[]
[([[803, 27], [1261, 27], [1261, 66], [803, 66]], '~:서장:--어한예:굵:~', 1.2749631317390762e-05)]
[([[803, 27], [1261, 27], [1261, 66], [803, 66]], '~:-장:어-어한예:갖:~', 1.49598451664958e-05)]
[([[803, 27], [1261, 27], [1261, 66], [803, 66]], "~:'-장:어-어한예:::명~,", 1.4113065118835985e-06), ([[603, 63], [627, 63], [627, 79], [603, 79]], '대', 0.5053982293329682)]
[([[803, 27], [1261, 27], [1261, 66], [803, 66]], "~:'장:어-어한예:::명~,", 3.5902287148542617e-06)]
[([[42, 64], [136, 64], [136, 116], [42, 116]], '앞있영개', 0.045823708176612854), ([[1092, 75], [1225, 75], [1225, 111], [1092, 111]], '하아   이제', 0.740389143489001), ([[1068, 104], [1248, 104], [1248, 136], [1068, 136]], '진짜 남자자지클', 0.5307671897450722), ([[34, 128], [142, 128], [142, 154], [34, 154]], '사이어인의', 0.999984912686322), ([[944, 126], [1054, 126], [1054, 174], [944, 174]], '뚜꽂', 0.010060764524786043), ([[1116, 128], [1174, 128], [1174, 158], [1116, 158]], '원해', 0.9999116613483926), ([[10, 148], [166, 148], [166, 180], [10, 180]], '공지와 전투따원', 0.5669490060288728), ([[30, 168], [134, 168], [134, 224], [30, 224]], '입어어원리', 0.005317585818637079), ([[440, 172], [727, 172], [727, 214], [440, 214]], '{작고 왜소한 열등자지로는', 0.2648824944752319), ([[985, 173], [1081, 173], [1081, 217], [985, 217]], '꾸움', 0.05676945177516543), ([[509, 199], [661, 199], [661, 235], [509, 235]], '느필수 없으니', 0.7256349506700779), ([[32, 234], [144, 234], [144, 262], [32, 262]], '예전 전투름', 0.8840772880174377), ([[472, 220], [703, 220], [703, 263], [472, 263]], '오로지__ 갈수퍼는것은', 0.05230240794805921), ([[30, 250], [150, 250], [150, 300], [30, 300]], '위활록출한', 0.011063727115581288), ([[508, 248], [637, 248], [637, 285], [508, 285]], '동고보지뿐', 0.5957071150348072), ([[18, 296], [162, 296], [162, 326], [18, 326]], '전부 사라젓다.', 0.36344701615647174), ([[508, 735], [665, 735], [665, 799], [508, 799]], '암림훈홀올', 0.002181479696825191), ([[1043, 759], [1121, 759], [1121, 795], [1043, 795]], '받아들', 0.994629003671196), ([[1050, 732], [1238, 732], [1238, 794], [1050, 794]], '@제 봉교장지둘', 0.004995067803234399), ([[1117, 765], [1139, 765], [1139, 781], [1117, 781]], '9', 0.568589719333378), ([[1168, 762], [1248, 762], [1248, 792], [1168, 792]], '잇율거)', 0.08374617993831635), ([[546, 788], [628, 788], [628, 820], [546, 820]], '품기는', 0.36784055319443965), ([[1117, 783], [1175, 783], [1175, 819], [1117, 819]], '같아', 0.36374496026308334), ([[98, 818], [174, 818], [174, 850], [98, 850]], '당연히', 0.9999004101436132), ([[483, 811], [691, 811], [691, 847], [483, 847]], '탄력넘치늄-육체논', 0.05505308223392258), ([[1041, 829], [1247, 829], [1247, 867], [1041, 867]], '열심해동교보지로', 0.6957624370051431), ([[32, 868], [62, 868], [62, 900], [32, 900]], '없', 0.9908681732574429), ([[31, 841], [117, 841], [117, 901], [31, 901]], '안탤트', 0.10200986765653673), ([[103, 831], [249, 831], [249, 905], [103, 905]], '출등렉술 ', 0.004742021507233912), ([[527, 831], [641, 831], [641, 899], [527, 899]], '유수증흘', 0.007442061323672533), ([[1094, 858], [1198, 858], [1198, 890], [1094, 890]], '돈벌어와', 0.8823668956756592), ([[3, 889], [239, 889], [239, 929], [3, 929]], '자지키이스로 봉인', 0.5456258833607447), ([[518, 886], [656, 886], [656, 918], [518, 918]], '몸이 되있다.', 0.49879763015667716), ([[1102, 882], [1158, 882], [1158, 914], [1102, 914]], '여보', 0.9999763978464146), ([[738, 914], [1272, 914], [1272, 966], [738, 966]], '씨:.-`예[입안-디랑', 3.110789926008017e-05)]
[([[1110, 824], [1162, 824], [1162, 872], [1110, 872]], '|"', 0.006171936517041558), ([[734, 916], [1272, 916], [1272, 964], [734, 964]], "':예=-예-입.안-~물", 2.1873716754639875e-05)]
[([[803, 27], [1261, 27], [1261, 66], [803, 66]], "~묘'-장:어-어한예:장:명~", 3.3685681325477015e-06), ([[875, 79], [1015, 79], [1015, 121], [875, 121]], '이레습-', 0.06775005161762238), ([[905, 123], [959, 123], [959, 159], [905, 159]], '@공', 0.10232635194230452), ([[135, 249], [275, 249], [275, 291], [135, 291]], '먹습빛매다', 0.0006714056807817534), ([[943, 255], [1101, 255], [1101, 297], [943, 297]], '훨훨뱃육달증', 0.0008465651314346968), ([[113, 288], [296, 288], [296, 330], [113, 330]], '[로임컷호로몸', 0.03553377494510035), ([[881, 295], [1161, 295], [1161, 339], [881, 339]], '[지동제길내웃기@교0', 0.0003325298687790047), ([[113, 331], [299, 331], [299, 373], [113, 373]], '틈취훨어중예', 0.003755366151713737), ([[941, 447], [1205, 447], [1205, 489], [941, 489]], '@미임컷와가}진행토세', 0.04607970166990312), ([[83, 475], [271, 475], [271, 517], [83, 517]], '어씬이밥큼이낙', 0.0010456120486180371), ([[977, 487], [1165, 487], [1165, 529], [977, 529]], '예떠어질뱃햇템', 0.00020705905719033195), ([[57, 516], [294, 516], [294, 558], [57, 558]], '동동동실이올리세', 0.021723018683589054), ([[953, 527], [1193, 527], [1193, 571], [953, 571]], '콤울이전분)리터네', 0.0008588687321748369), ([[69, 555], [279, 555], [279, 599], [69, 599]], '@레해인성렉출입', 0.004874274380674137), ([[78, 596], [266, 596], [266, 638], [78, 638]], '[완임컷의몸이', 0.09917216765523833), ([[131, 639], [221, 639], [221, 681], [131, 681]], '*률내', 0.0032980834129311513)]
[([[803, 27], [1261, 27], [1261, 69], [803, 69]], '~묘-_어-어제예3::-쪽', 2.2890834253186833e-05), ([[859, 71], [977, 71], [977, 109], [859, 109]], '@의', 0.06992208464579774), ([[849, 109], [985, 109], [985, 151], [849, 151]], '못합정토', 0.06644347310066223), ([[851, 151], [983, 151], [983, 191], [851, 191]], '뜻맙이', 0.008722042403392314), ([[1063, 185], [1149, 185], [1149, 227], [1063, 227]], '@내털', 0.046910338029267175), ([[1038, 227], [1180, 227], [1180, 269], [1038, 269]], "'민족시렉속", 0.016699813259760176), ([[1053, 269], [1169, 269], [1169, 311], [1053, 311]], '없는잃등', 0.0034021318424493074), ([[41, 315], [241, 315], [241, 357], [41, 357]], '@랜레 필요지료', 0.027175827181560787), ([[1041, 311], [1181, 311], [1181, 353], [1041, 353]], '돼래스쨌움', 0.0008698807781172765), ([[51, 353], [237, 353], [237, 395], [51, 395]], '입아훨입운울업', 0.0022456880775764167), ([[51, 391], [235, 391], [235, 431], [51, 431]], '진정입 순되자켓}', 0.016991478879724808), ([[31, 429], [255, 429], [255, 469], [31, 469]], '고이집에맞지국입고', 0.0063377134573413645), ([[1043, 453], [1217, 453], [1217, 497], [1043, 497]], '통지분록집에', 0.07280398017652683), ([[1005, 493], [1252, 493], [1252, 541], [1005, 541]], '임컷립락동소_률', 0.0009320590779819388), ([[1061, 537], [1201, 537], [1201, 579], [1061, 579]], '쏟중습께', 0.011450681756236675), ([[1045, 579], [1215, 579], [1215, 621], [1045, 621]], '@량내의의문이국', 0.010372578131351909), ([[175, 601], [281, 601], [281, 641], [175, 641]], '재성실', 0.05103513109190346), ([[158, 638], [292, 638], [292, 678], [158, 678]], '임컷미로', 0.1836356371641159), ([[125, 675], [327, 675], [327, 717], [125, 717]], '[의임컷동명울', 0.08689444799854987), ([[107, 715], [347, 715], [347, 755], [107, 755]], '보로애조#물렉)', 0.0419743566602685)]
[([[803, 27], [1261, 27], [1261, 66], [803, 66]], '~묘서-장:어-어한예:장:렌~', 4.180292600145515e-06), ([[181, 141], [317, 141], [317, 181], [181, 181]], '임컷@로제', 0.23574436366855298), ([[145, 181], [355, 181], [355, 223], [145, 223]], '[태어지버프트', 0.002129314993139889), ([[959, 176], [1067, 176], [1067, 216], [959, 216]], '최미이)', 0.07529526203870773), ([[101, 221], [399, 221], [399, 263], [101, 263]], '깥잡에 온몸이전움이올}', 0.032715533248578205), ([[921, 217], [1107, 217], [1107, 259], [921, 259]], '씨월에목로움', 0.01145359383191352), ([[945, 259], [1083, 259], [1083, 299], [945, 299]], '[카카지지', 0.004036066662334359), ([[973, 299], [1057, 299], [1057, 339], [973, 339]], '메표율', 0.010163643574592417), ([[119, 335], [253, 335], [253, 377], [119, 377]], '임컷@로제', 0.23542721073669065), ([[80, 376], [290, 376], [290, 418], [80, 418]], '[태어날버프이', 0.016160705525453345), ([[143, 417], [231, 417], [231, 459], [143, 459]], '모습이', 0.9403884409911597), ([[1003, 435], [1165, 435], [1165, 477], [1003, 477]], '임발몹시템', 0.004833957886426185), ([[1031, 477], [1141, 477], [1141, 517], [1031, 517]], '민양관에', 0.07209920883178711), ([[123, 526], [257, 526], [257, 566], [123, 566]], '[지숙에', 0.14738956093788147), ([[1031, 517], [1139, 517], [1139, 559], [1031, 559]], '순컷 지', 0.06999626755714417), ([[81, 567], [295, 567], [295, 609], [81, 609]], '@뱃로다콤적꼼이', 0.0010742344020202674), ([[1021, 557], [1127, 557], [1127, 599], [1021, 599]], '붙뉴', 0.004232547338164819), ([[82, 606], [292, 606], [292, 646], [82, 646]], '[쨌세지지조트움', 0.004199862209781211), ([[73, 647], [303, 647], [303, 689], [73, 689]], ' 완울싱상만해물0', 0.002847128432860053)]
[([[803, 27], [1261, 27], [1261, 67], [803, 67]], '~묘-장도어-어한예러::~고', 1.9224370565512904e-05), ([[285, 109], [401, 109], [401, 151], [285, 151]], '째텔지력', 0.0023708646185696125), ([[156, 186], [390, 186], [390, 228], [156, 228]], '[자로제숙심어물', 0.09800699352082953), ([[937, 177], [1091, 177], [1091, 219], [937, 219]], '@기얼나로', 0.06601554152454778), ([[191, 227], [355, 227], [355, 269], [191, 269]], '전행활수요', 0.016284161504023318), ([[855, 217], [1175, 217], [1175, 259], [855, 259]], '콤똑롭없움패미입스트일', 0.00031991747868610016), ([[179, 267], [371, 267], [371, 309], [179, 309]], '동소터제쾌활에', 0.014651862808096482), ([[193, 309], [357, 309], [357, 349], [193, 349]], ' 질남자로제', 0.08323348513189656), ([[133, 347], [415, 347], [415, 391], [133, 391]], '기처관이되흉패퍼기핑', 0.0006830039381061876), ([[971, 347], [1237, 347], [1237, 389], [971, 389]], '그팬내 임컷이역세계', 0.000235612846853412), ([[1011, 387], [1197, 387], [1197, 429], [1011, 429]], '진림당세이', 0.02779590716838781), ([[121, 427], [315, 427], [315, 469], [121, 469]], '렉볕째-당신의', 5.6912677644425457e-05), ([[997, 427], [1209, 427], [1209, 469], [997, 469]], '입너이훨치회네]', 0.0002446188738677496), ([[49, 467], [389, 467], [389, 511], [49, 511]], '움장움내지지피물의핑제', 0.02222672555031243), ([[128, 542], [265, 542], [265, 587], [128, 587]], '생싱해렉0)', 0.02878837957663167), ([[74, 584], [318, 584], [318, 626], [74, 626]], '빼륙어움짓임출이', 0.061723382683703476), ([[975, 576], [1229, 576], [1229, 618], [975, 618]], '떼안움입수컷지되 개', 0.0015392160604478524), ([[76, 624], [314, 624], [314, 666], [76, 666]], '당신의후장-제입울', 0.015771849016215506), ([[971, 618], [1233, 618], [1233, 660], [971, 660]], '당고의되품에비즈밟-', 0.0011749486829658149), ([[77, 665], [315, 665], [315, 709], [77, 709]], '힘요@트입컷오로몸', 0.001622901536615591), ([[969, 657], [1235, 657], [1235, 701], [969, 701]], '임컷믿붙블음빼움고@', 0.004618326415840255), ([[67, 705], [331, 705], [331, 747], [67, 747]], '품어어내오눈기적울', 0.017700038798587656)]
[([[803, 27], [1261, 27], [1261, 66], [803, 66]], '~:서장:어-어한예:::~', 2.2232414519102985e-05), ([[603, 63], [625, 63], [625, 79], [603, 79]], '대', 0.44420004602665486), ([[191, 185], [359, 185], [359, 227], [191, 227]], '@타륙다앞네', 0.002483123468514789), ([[967, 177], [1063, 177], [1063, 219], [967, 219]], '어머로', 0.042567956016303976), ([[179, 227], [365, 227], [365, 269], [179, 269]], '@미확"#로', 0.017895528293833337), ([[897, 217], [1131, 217], [1131, 259], [897, 259]], '생싱해눈젯만의로로', 0.024056860360179427), ([[157, 267], [391, 267], [391, 309], [157, 309]], '타달해버람임컷호독', 0.0013262494877416165), ([[937, 259], [1089, 259], [1089, 299], [937, 299]], '야립계이로', 0.0017465370910228584), ([[169, 375], [377, 375], [377, 417], [169, 417]], '[와껍기몰리늄', 0.010948136772967325), ([[1015, 397], [1205, 397], [1205, 439], [1015, 439]], '씨움쪽이이랗}', 0.014737539830451849), ([[167, 417], [379, 417], [379, 459], [167, 459]], '질적이늄어액', 0.032901284715345105), ([[1050, 439], [1164, 439], [1164, 479], [1050, 479]], '@절에트', 0.010682877153158188), ([[193, 457], [355, 457], [355, 499], [193, 499]], '텅플@문명', 0.004211241441895321), ([[993, 477], [1221, 477], [1221, 521], [993, 521]], '그능있습고말음데@', 0.0006135081593115216), ([[149, 567], [359, 567], [359, 609], [149, 609]], '지림분페임컷패', 0.11629535301687245), ([[191, 607], [327, 607], [327, 649], [191, 649]], '둘어매내트', 0.037755875154415794), ([[1065, 607], [1127, 607], [1127, 643], [1065, 643]], '@미', 0.7509803270724965), ([[979, 644], [1213, 644], [1213, 686], [979, 686]], '입컷엎로물플@-', 0.009658200091458662), ([[1013, 685], [1177, 685], [1177, 727], [1013, 727]], '순의기능이', 0.28625179177361254), ([[1030, 726], [1158, 726], [1158, 766], [1030, 766]], '상실트]', 0.05287942290306091)]
[([[803, 27], [1261, 27], [1261, 66], [803, 66]], "~:'장:어-어한예:::~,", 1.3422411920331449e-05), ([[173, 123], [397, 123], [397, 207], [173, 207]], '텔렉치자', 0.03265373781323433), ([[918, 216], [1094, 216], [1094, 290], [918, 290]], '패패자', 0.11349152596008842), ([[102, 412], [333, 412], [333, 497], [102, 497]], '[조입넷', 0.1492222398519516), ([[1011, 454], [1242, 454], [1242, 541], [1011, 541]], '입컷호', 0.2276360706834117), ([[152, 634], [270, 634], [270, 710], [152, 710]], '소출', 0.9922325189533611), ([[1012, 738], [1178, 738], [1178, 816], [1012, 816]], '@니올', 0.32179744366858365)]
[([[803, 27], [1261, 27], [1261, 66], [803, 66]], "~묘'-장:어-어한예::명~고", 7.81957778650477e-06)]
[([[803, 27], [1261, 27], [1261, 66], [803, 66]], "~:'-장:어-어한예:::렌~고", 4.7194240196970675e-06)]
