2516675
40
[([[655, 21], [985, 21], [985, 63], [655, 63]], '5 [형9@ 페마9히 (6끓히 <어앙라대)', 2.334280086057543e-06), ([[1249, 11], [1485, 11], [1485, 55], [1249, 55]], ';0하+역+;아7', 0.001540667180929431), ([[260, 92], [568, 92], [568, 148], [260, 148]], '|전,9신형9. (,꾸) (*꾸)', 5.3020912036454155e-05), ([[837, 889], [991, 889], [991, 907], [837, 907]], '. 4*<^커. 5역,레아아*', 1.1468468600479105e-05), ([[949, 913], [991, 913], [991, 929], [949, 929]], '[어고;7', 0.0016364831509132355), ([[916, 908], [992, 908], [992, 956], [916, 956]], '["부주', 0.0005705588846467435), ([[1774, 911], [1949, 911], [1949, 963], [1774, 963]], '0히드태]아', 3.278639331908873e-05), ([[917, 958], [990, 958], [990, 994], [917, 994]], '맑,@', 0.0003388907954715605), ([[1101, 959], [1359, 959], [1359, 997], [1101, 997]], '한어+히/ 8 명#5 ;,디|신어@', 4.698217527949599e-05), ([[1469, 959], [1729, 959], [1729, 997], [1469, 997]], '어+히 6 명#$ ;7디|신|.', 9.038931847877854e-05), ([[1767, 967], [1999, 967], [1999, 987], [1767, 987]], '미명5://>>앙 명끼+웬형형< <찰김/끼탁긋', 8.928856863463632e-08), ([[266.1055728090001, 4.080650449500462], [402.90428543262743, 22.026355097934264], [394.8944271909999, 68.91934955049953], [257.09571456737257, 50.973644902065736]], '서령미99', 0.00019230463102345804), ([[493.6107425767056, 635.2490049571052], [626.1529359213635, 578.538497394725], [638.3892574232943, 615.7509950428948], [505.8470640786365, 672.461502605275]], '0)위)슷#', 0.005157636889526885), ([[505.34314575050763, 661.3431457505076], [653.6817191812556, 599.3681204606852], [676.6568542494924, 662.6568542494924], [528.3182808187444, 723.6318795393148]], '7,촬어', 0.0013442655326798558)]
[([[23, 164], [213, 164], [213, 325], [23, 325]], '', 0.0)]
[]
[([[25, 164], [211, 164], [211, 325], [25, 325]], '', 0.0)]
[([[82, 167], [210, 167], [210, 327], [82, 327]], '_', 0.21590397542519213)]
[([[82, 167], [210, 167], [210, 327], [82, 327]], '_', 0.21590397542519213)]
[]
[]
[]
[]
[]
[([[1074, 2327], [1155, 2327], [1155, 2411], [1074, 2411]], '"', 0.06905704618297737), ([[1578.208583652263, 726.0698707489674], [1703.6644624261894, 617.0096000538446], [1914.791416347737, 899.9301292510326], [1789.3355375738106, 1008.9903999461554]], '8', 0.25627478395918857)]
[]
[([[1914, 25], [2029, 25], [2029, 76], [1914, 76]], '밥응<', 0.00014989283319548583), ([[1073, 2326], [1159, 2326], [1159, 2412], [1073, 2412]], "'", 0.48990619393169155), ([[1616, 2561], [2047, 2561], [2047, 2609], [1616, 2609]], '벼버. 4*여화머. 5포동레아아*', 2.4998460434577087e-06), ([[1840, 2610], [2049, 2610], [2049, 2742], [1840, 2742]], '["', 0.007647155978140579), ([[1842, 2753], [2038, 2753], [2038, 2849], [1842, 2849]], '낙맑,@', 8.332898141816258e-05), ([[1781.9959964937677, 17.072375806997513], [1921.7361658217503, 37.096300963418365], [1910.0040035062323, 99.92762419300249], [1770.2638341782497, 79.90369903658163]], '4,형99', 0.06642754128468863), ([[1580.4967902810356, 730.0595575410496], [1686.6205837401544, 640.0101375512761], [1874.5032097189644, 893.9404424589504], [1768.3794162598456, 983.9898624487239]], '8', 0.430703570109646), ([[678.5473474962675, 1858.0882494693938], [1032.5402011250853, 1704.7209504402758], [1059.4526525037325, 1799.9117505306062], [705.4597988749147, 1954.2790495597242]], '0)3) 소', 0.0454171689995798), ([[721.5992099811853, 1933.516681920978], [1085.5286493072383, 1775.6592485998067], [1134.4007900188149, 1928.483318079022], [770.4713506927617, 2086.3407514001933]], '74쪽', 0.015681997783599754)]
[([[1735, 18], [2024, 18], [2024, 98], [1735, 98]], '[이-솔이0', 0.0012517340523921308), ([[1797, 120], [1967, 120], [1967, 165], [1797, 165]], '쇼 ? + -', 0.1426440943883091), ([[546, 93], [657, 93], [657, 331], [546, 331]], '8', 0.3675619581927094), ([[1356, 161], [2034, 161], [2034, 223], [1356, 223]], "속타: 3나=7 4<림07'-7495", 0.055298514987285365), ([[36, 58], [605, 58], [605, 818], [36, 818]], '1', 0.04105874713424407), ([[1713, 271], [1749, 271], [1749, 385], [1713, 385]], '%', 0.0769438581176054), ([[1733, 241], [2026, 241], [2026, 854], [1733, 854]], '벼', 0.00825002903028249), ([[1824, 678], [1879, 678], [1879, 790], [1824, 790]], '흙', 0.21635753458900808), ([[1836, 648], [1862, 648], [1862, 672], [1836, 672]], '0', 0.2672481602877639), ([[1909, 489], [2012, 489], [2012, 833], [1909, 833]], '8', 0.1550421698547133), ([[390, 2112], [428, 2112], [428, 2185], [390, 2185]], "'", 0.38820983920983565), ([[1838, 2005], [1887, 2005], [1887, 2094], [1838, 2094]], '꽃', 0.1342300504849483), ([[1905, 1825], [1996, 1825], [1996, 2219], [1905, 2219]], '{', 0.15629180345263194), ([[165, 2157], [210, 2157], [210, 2491], [165, 2491]], '{', 0.11756850015649434), ([[206, 2109], [246, 2109], [246, 2226], [206, 2226]], '숙', 0.6549896532621382), ([[247, 2276], [304, 2276], [304, 2547], [247, 2547]], "'", 0.5996295342319833), ([[251, 2154], [293, 2154], [293, 2275], [251, 2275]], '흉', 0.03991000712923043), ([[283, 2097], [398, 2097], [398, 2605], [283, 2605]], '"', 0.9646032035964005), ([[1578, 1985], [1866, 1985], [1866, 2717], [1578, 2717]], '"', 0.18244692258362338), ([[1838, 2117], [1887, 2117], [1887, 2274], [1838, 2274]], '국', 0.03809591834824122), ([[1624, 2691], [1655, 2691], [1655, 2720], [1624, 2720]], '0', 0.9870332376342503), ([[26, 2793], [763, 2793], [763, 2853], [26, 2853]], '[해꿀다0<(+(4 논 틈 5 13 9  서촌+@', 0.00018905195533749613), ([[1170.1964926239916, 336.0540454175381], [1219.6244734615098, 325.2240943590766], [1238.8035073760084, 421.9459545824619], [1189.3755265384902, 432.7759056409234]], '@', 0.04972744704719845), ([[605.2269358608581, 859.0374393668385], [711.9989761965661, 918.8720163808549], [676.7730641391419, 977.9625606331615], [571.0010238034339, 917.1279836191451]], ',제)', 0.003758295672536467), ([[1450.460684314232, 1673.1494900025828], [1496.5781940846277, 1630.0209216321368], [1591.539315685768, 1739.8505099974172], [1545.4218059153723, 1783.9790783678632]], '물', 0.06566848889001964), ([[1077.299010994364, 1704.0273407278569], [1191.913246806388, 1785.7533920550507], [1145.700989005636, 1849.9726592721431], [1031.086753193612, 1768.2466079449493]], '@차들', 0.0030120452484249977), ([[901.1423139959815, 2309.05274336745], [953.0824726289371, 2292.0842026484574], [985.8576860040185, 2403.94725663255], [932.9175273710629, 2420.9157973515426]], '별', 0.12771443810066785)]
[([[1744, 18], [2019, 18], [2019, 98], [1744, 98]], '[084', 0.0384247861802578), ([[1433, 103], [2049, 103], [2049, 220], [1433, 220]], '#23@@슬이다]어3@ 술중', 8.251365189154819e-05), ([[1962, 113], [2044, 113], [2044, 166], [1962, 166]], '스+', 0.009841561834685143), ([[675, 205], [724, 205], [724, 294], [675, 294]], '쇄', 0.005433735560205266), ([[1955, 260], [2011, 260], [2011, 380], [1955, 380]], '통', 0.12588958586519894), ([[1028, 367], [1064, 367], [1064, 393], [1028, 393]], '~', 0.0985471455349094), ([[341, 571], [410, 571], [410, 639], [341, 639]], '0사', 0.013318985949598508), ([[964, 345], [1136, 345], [1136, 855], [964, 855]], '"', 0.286392084322884), ([[1748, 242], [2030, 242], [2030, 779], [1748, 779]], '법', 0.015351329085082688), ([[173, 1066], [305, 1066], [305, 1266], [173, 1266]], '(', 0.8453340203823814), ([[40, 1426], [91, 1426], [91, 1545], [40, 1545]], '붕', 0.0336485606712813), ([[203, 1325], [256, 1325], [256, 1486], [203, 1486]], '봄', 0.07684432506636085), ([[254, 1323], [303, 1323], [303, 1635], [254, 1635]], '{', 0.005812212028096175), ([[1661, 1505], [1927, 1505], [1927, 1583], [1661, 1583]], '[-8]', 0.00913130771368742), ([[79, 1416], [267, 1416], [267, 1837], [79, 1837]], '{', 0.005826380163552136), ([[1109, 1628], [1212, 1628], [1212, 1682], [1109, 1682]], ";보'?@", 0.0004819890867309748), ([[1507, 1597], [2049, 1597], [2049, 1707], [1507, 1707]], '또쨌로다짓스 품요하뭇훈$염: ', 3.4766428934654965e-05), ([[1154, 1814], [1205, 1814], [1205, 1900], [1154, 1900]], '특', 0.2752102559543381), ([[1344, 1817], [1389, 1817], [1389, 1929], [1344, 1929]], '듭', 0.09164487189199466), ([[90, 1836], [143, 1836], [143, 2033], [90, 2033]], '국', 0.07808147576548663), ([[817, 1832], [982, 1832], [982, 2382], [817, 2382]], '{', 0.10603451469402003), ([[928, 2107], [970, 2107], [970, 2145], [928, 2145]], '0', 0.9999976158156301), ([[1149, 1813], [1260, 1813], [1260, 2216], [1149, 2216]], '"', 0.5635844027950476), ([[1245, 1814], [1346, 1814], [1346, 2348], [1245, 2348]], '"', 0.08164560359620854), ([[1344, 1918], [1386, 1918], [1386, 2122], [1344, 2122]], '물', 0.004126582469912654), ([[332, 1941], [555, 1941], [555, 2616], [332, 2616]], '"', 0.9689324172729954), ([[923, 2138], [973, 2138], [973, 2449], [923, 2449]], '6', 0.006081849041351894), ([[1908, 2232], [2025, 2232], [2025, 2362], [1908, 2362]], '병', 0.02392177640109594), ([[300.31215814362656, 59.04753863411124], [381.99884419785786, 98.89249797423962], [360.68784185637344, 140.95246136588875], [279.00115580214214, 101.10750202576038]], '8852', 0.7838338017463684), ([[478.3069948509526, 78.04015571819248], [521.5066584601171, 62.021430170618416], [560.6930051490474, 175.95984428180753], [517.4933415398829, 191.9785698293816]], '$', 0.2239314338231546), ([[347.27253004752583, 223.05320432317575], [431.99884419785786, 260.89249797423963], [413.72746995247417, 300.94679567682425], [329.00115580214214, 263.10750202576037]], '7 >', 0.09649944751676863), ([[694.672672703208, 1467.0630633836847], [774.5852619824091, 1400.0122386204243], [922.327327296792, 1599.9369366163153], [842.4147380175909, 1666.9877613795757]], '날', 0.007731699544720527), ([[1076.076923076923, 1596.3846153846155], [1199.4721359549997, 1582.7639320225003], [1201.923076923077, 1629.6153846153845], [1078.5278640450003, 1643.2360679774997]], '524쇼3', 0.021371771581770244), ([[1501.4052762446836, 2356.019671294721], [1567.395433002816, 2391.870909369015], [1494.5947237553164, 2524.980328705279], [1428.604566997184, 2488.129090630985]], '#', 0.12899004432620131), ([[1445.3278459425114, 2468.176707802464], [1500.1791880856588, 2508.470232524551], [1420.6721540574886, 2614.823292197536], [1365.8208119143412, 2574.529767475449]], '짧', 0.018860419930995853)]
[([[14, 14], [67, 14], [67, 98], [14, 98]], '색', 0.0288474657241109), ([[1746, 23], [2017, 23], [2017, 96], [1746, 96]], '장물교0.42', 0.02124842012905698), ([[817, 110], [865, 110], [865, 193], [817, 193]], '{', 0.8272938003553385), ([[1174, 51], [1408, 51], [1408, 274], [1174, 274]], '}색', 0.01180141343336139), ([[1676, 59], [1727, 59], [1727, 148], [1676, 148]], '숲', 0.45529130312519683), ([[1809, 113], [1936, 113], [1936, 163], [1809, 163]], '훌국출', 0.2555663197077643), ([[1955, 115], [2044, 115], [2044, 163], [1955, 163]], '충꽃', 0.02823476919570903), ([[604, 93], [838, 93], [838, 739], [604, 739]], '"', 0.5743947012090302), ([[1139, 63], [1189, 63], [1189, 404], [1139, 404]], '', 0.0), ([[1301, 284], [1351, 284], [1351, 373], [1301, 373]], '꿀', 0.49598079256453786), ([[1357, 223], [1383, 223], [1383, 247], [1357, 247]], '~', 0.9999837876023321), ([[1528, 45], [1740, 45], [1740, 496], [1528, 496]], '#', 0.007984773951483837), ([[1141, 400], [1192, 400], [1192, 594], [1141, 594]], '"', 0.6427863436818058), ([[6, 566], [48, 566], [48, 628], [6, 628]], '벼', 0.07150518077776358), ([[1173, 795], [1213, 795], [1213, 988], [1173, 988]], '둘', 0.11424494655900563), ([[147, 1063], [192, 1063], [192, 1105], [147, 1105]], '5리', 0.004615831945994656), ([[812, 1026], [841, 1026], [841, 1075], [812, 1075]], '"', 0.8000462563395558), ([[1121, 792], [1171, 792], [1171, 1322], [1121, 1322]], '{', 0.11714203211684904), ([[1731, 926], [2007, 926], [2007, 1422], [1731, 1422]], '~', 0.2740875994317129), ([[1982, 950], [2033, 950], [2033, 1072], [1982, 1072]], '초', 0.006418618228622164), ([[296, 1284], [365, 1284], [365, 1366], [296, 1366]], '봄', 0.004993620410781441), ([[1911, 1841], [1992, 1841], [1992, 1934], [1911, 1934]], '(9', 0.16346748103792913), ([[59, 2369], [109, 2369], [109, 2452], [59, 2452]], '제', 0.18343970992383962), ([[312, 2081], [421, 2081], [421, 2475], [312, 2475]], '"', 0.29925900631587865), ([[54, 2364], [171, 2364], [171, 2751], [54, 2751]], '{', 0.23230793408608807), ([[156, 2365], [260, 2365], [260, 2755], [156, 2755]], '(', 0.045063509178505434), ([[315, 2395], [372, 2395], [372, 2551], [315, 2551]], '몸', 0.03339528107450551), ([[99.40952575098923, 46.04382253162789], [133.82160604692905, 39.08528883522045], [150.59047424901075, 120.95617746837212], [115.17839395307095, 127.91471116477955]], '"', 0.0841955584019729), ([[1094.572357575532, 70.02292545244686], [1131.0703968658993, 76.57750722167677], [1114.427642424468, 170.97707454755314], [1077.9296031341007, 164.42249277832323]], '3', 0.06029917465656198), ([[38.19112486466759, 143.06586167447233], [71.46961297297834, 120.02210248642959], [129.8088751353324, 213.93413832552767], [96.53038702702166, 235.9778975135704]], '$', 0.1757074049530729), ([[-5.084652289093281, 245.11906469908024], [28.558284725908425, 223.03126593941502], [73.08465228909328, 299.88093530091976], [38.44171527409158, 321.968734060585]], '싣', 0.03150438078434181), ([[16.33918139954491, 323.04386049658683], [55.32964499062907, 317.1800369089696], [67.66081860045509, 407.95613950341317], [28.670355009370933, 413.8199630910304]], '"', 0.923547741276721), ([[71.60588741994859, 389.01946294148075], [104.31898088913157, 377.0127388858555], [146.3941125800514, 497.98053705851925], [114.68101911086843, 509.9872611141445]], '[', 0.00827108074241778), ([[1795.1210468075817, 654.0778621224576], [1832.5910644489256, 640.0350586290252], [1858.8789531924183, 719.9221378775424], [1821.4089355510744, 733.9649413709748]], '사"', 0.7688993870629374), ([[12.959461777675706, 901.1094703550758], [48.612632860013235, 884.0376738338928], [81.0405382223243, 957.8905296449242], [45.387367139986765, 974.9623261661072]], '1"', 0.08808849554038696), ([[1219.4262837107244, 1325.0413576039987], [1249.4187391380722, 1312.0219781883143], [1285.5737162892756, 1401.9586423960013], [1256.5812608619278, 1414.9780218116857]], '선', 0.35064653172584315), ([[1078.187618062809, 1352.8626652879327], [1134.8738374771485, 1301.0382527605077], [1203.812381937191, 1383.1373347120673], [1147.1261625228515, 1434.9617472394923]], '중요', 0.0691402837472005), ([[1661.3641784200731, 1539.0405916765708], [1700.4526787302125, 1523.0205339676615], [1740.6358215799269, 1626.9594083234292], [1700.5473212697875, 1642.9794660323385]], '살', 0.14982683029990085), ([[1071.7694655306143, 1730.1090069714405], [1108.553814106987, 1695.0219422519656], [1200.2305344693857, 1799.8909930285595], [1163.446185893013, 1834.9780577480344]], '@', 0.20164692789700212), ([[463.6870488519683, 2355.0431425499182], [611.1860145369926, 2325.752009261287], [646.3129511480317, 2546.9568574500818], [498.8139854630074, 2576.247990738713]], '(%', 0.26486775702552595), ([[290.9329259541044, 2616.03352267026], [389.5701488736677, 2547.0095635647035], [553.0670740458955, 2808.96647732974], [454.4298511263323, 2878.9904364352965]], '날', 0.02392882934224705), ([[1006.2161622789964, 2603.0618223576776], [1044.5345530305851, 2588.0286568155584], [1076.7838377210035, 2675.9381776423224], [1038.4654469694149, 2690.9713431844416]], '"', 0.018839932599643783)]
[([[1827, 45], [2044, 45], [2044, 125], [1827, 125]], '[입올손', 0.001767248846590519), ([[148, 58], [262, 58], [262, 310], [148, 310]], '8', 0.013650460312686852), ([[1874, 144], [2049, 144], [2049, 195], [1874, 195]], '트뱃 음료', 0.007207294023510101), ([[1429, 964], [1756, 964], [1756, 1328], [1429, 1328]], '7', 0.017880096741134333), ([[1699, 1300], [1730, 1300], [1730, 1327], [1699, 1327]], '0', 0.9905619258061051), ([[222, 1320], [335, 1320], [335, 1748], [222, 1748]], '"', 0.49327135446376147), ([[328, 1269], [438, 1269], [438, 1926], [328, 1926]], "'", 0.8306352207056058), ([[1676, 1325], [1729, 1325], [1729, 1639], [1676, 1639]], "'", 0.997221376195089), ([[1721, 1102], [1778, 1102], [1778, 1637], [1721, 1637]], '1', 0.21444994905481796), ([[1843, 1332], [1896, 1332], [1896, 1500], [1843, 1500]], '롬', 0.006346217469912985), ([[1883, 1335], [1948, 1335], [1948, 1722], [1883, 1722]], '{', 0.4108355005882913), ([[1930, 1336], [1990, 1336], [1990, 1537], [1930, 1537]], '8', 0.0707066222003192), ([[14, 1396], [244, 1396], [244, 2242], [14, 2242]], '"', 0.15321517438326637), ([[1381.3020832078655, 91.0187476662975], [1473.7467277486564, 66.1178828536582], [1530.6979167921345, 302.9812523337025], [1438.2532722513436, 327.8821171463418]], '통', 0.22094406738689543), ([[1563.349208626544, 1260.071438819448], [1589.8670137758068, 1256.1280168676399], [1598.650791373456, 1310.928561180552], [1572.1329862241932, 1314.8719831323601]], "'", 0.623603451972091), ([[1824.6891817472217, 1510.0161447733276], [1849.2844272778839, 1506.0135135822181], [1868.3108182527783, 1611.9838552266724], [1843.7155727221161, 1616.9864864177819]], "'", 0.6059551903386797)]
[([[1914, 25], [2029, 25], [2029, 76], [1914, 76]], '밥응<', 0.00014989283319548583), ([[1073, 2326], [1159, 2326], [1159, 2412], [1073, 2412]], "'", 0.48990619393169155), ([[1616, 2561], [2047, 2561], [2047, 2609], [1616, 2609]], '벼롬. 4*표서 독떨,레아아`', 2.0148710514330614e-06), ([[1840, 2610], [2049, 2610], [2049, 2742], [1840, 2742]], '[명', 0.00478337909457835), ([[1842, 2753], [2038, 2753], [2038, 2849], [1842, 2849]], '컨맑,@', 7.140559318941087e-05), ([[1781.9959964937677, 17.072375806997513], [1921.7361658217503, 37.096300963418365], [1910.0040035062323, 99.92762419300249], [1770.2638341782497, 79.90369903658163]], '4,형99', 0.06642754128468863), ([[1580.4967902810356, 730.0595575410496], [1686.6205837401544, 640.0101375512761], [1874.5032097189644, 893.9404424589504], [1768.3794162598456, 983.9898624487239]], '8', 0.430703570109646), ([[830.9028923915031, 1788.073760108954], [1011.7662528934279, 1708.636724792446], [1043.097107608497, 1790.926239891046], [862.2337471065721, 1871.363275207554]], '선생님', 0.9998581519606505), ([[711.2230521269975, 1922.3598710603871], [1081.7800009423315, 1749.5047740952637], [1135.7769478730024, 1909.6401289396129], [765.2199990576684, 2082.4952259047363]], '74', 0.02886244937583542), ([[706.657927757035, 1840.384269962663], [847.7960370712509, 1787.3504982729532], [876.342072242965, 1877.615730037337], [735.2039629287491, 1930.6495017270468]], '렌달', 0.9861458644481704)]
[([[1735, 18], [2024, 18], [2024, 98], [1735, 98]], '[이-솔이0', 0.001738482214045176), ([[479, 104], [694, 104], [694, 157], [479, 157]], '전기 선생님', 0.7835345782599886), ([[1811, 115], [1950, 115], [1950, 172], [1811, 172]], '세미나', 0.999925118214859), ([[511, 149], [663, 149], [663, 202], [511, 202]], '2자꾸', 0.13090080328446202), ([[1667, 166], [1990, 166], [1990, 222], [1667, 222]], '오늘은 밀레니임에서', 0.8967924412973882), ([[518, 194], [658, 194], [658, 244], [518, 244]], '활으시면', 0.5488744974136353), ([[1798, 214], [1988, 214], [1988, 265], [1798, 265]], '아침 브리굉', 0.24578959444581835), ([[511, 239], [663, 239], [663, 287], [511, 287]], '저스위치', 0.6330330943071664), ([[470, 281], [706, 281], [706, 334], [470, 334]], '들어가버려오0', 0.47575225654450376), ([[1845, 353], [1954, 353], [1954, 404], [1845, 404]], '금일의', 0.9223871427132924), ([[1771, 398], [2029, 398], [2029, 451], [1771, 451]], '스레출음 옷!', 0.22120939014122437), ([[1814, 443], [1988, 443], [1988, 494], [1814, 494]], '오전중에:', 0.7639906529353139), ([[1832, 488], [1970, 488], [1970, 537], [1832, 537]], '발리리의', 0.45738041400909424), ([[1201, 483], [1285, 483], [1285, 592], [1201, 592]], '(/', 0.05019531895865516), ([[1816, 533], [1986, 533], [1986, 582], [1816, 582]], '힘조요청이', 0.4293604601773271), ([[1814, 578], [1988, 578], [1988, 629], [1814, 629]], '있습니다.', 0.11280159378307342), ([[1844, 624], [1953, 624], [1953, 669], [1844, 669]], '그리고', 0.7973812222480774), ([[1782, 666], [1990, 666], [1990, 717], [1782, 717]], '오훈 3시분터', 0.5023910150421002), ([[97, 709], [343, 709], [343, 760], [97, 760]], '노아는 젖꼭지가', 0.8938066296972814), ([[1847, 713], [1957, 713], [1957, 762], [1847, 762]], '흐웃 .', 0.1785019578076771), ([[70, 756], [370, 756], [370, 807], [70, 807]], '스위치 엿구나? 하하', 0.8264274777748469), ([[1818, 767], [1954, 767], [1954, 816], [1818, 816]], '응? 리오', 0.966230522687632), ([[1769, 810], [1999, 810], [1999, 863], [1769, 863]], '잘안들리논겉?', 0.23016394680471847), ([[131, 844], [307, 844], [307, 892], [131, 892]], '두사람 모두', 0.9986372702868345), ([[149, 889], [287, 889], [287, 937], [149, 937]], '슬쩍슬쩍', 0.9234867691993713), ([[1841, 861], [1958, 861], [1958, 921], [1841, 921]], '여정말', 0.44930285152581956), ([[115, 932], [321, 932], [321, 982], [115, 982]], '승골이랑 괜티', 0.1883366335273521), ([[133, 977], [305, 977], [305, 1025], [133, 1025]], '보여주니까', 0.9987481946852242), ([[114, 1021], [325, 1021], [325, 1074], [114, 1074]], '선생님 못참게', 0.8763096589400663), ([[133, 1067], [305, 1067], [305, 1115], [133, 1115]], '되버린다구', 0.9695801810652475), ([[1481, 1670], [1578, 1670], [1578, 1747], [1481, 1747]], '%0', 0.13267504992772064), ([[1039, 1716], [1158, 1716], [1158, 1801], [1039, 1801]], '{려 `', 0.07814950258017345), ([[1745, 1892], [1946, 1892], [1946, 1978], [1745, 1978]], '잠시후', 0.19725280890578778), ([[1753, 2057], [1948, 2057], [1948, 2105], [1753, 2105]], '저기 얘들아?', 0.9914755891199671), ([[175, 2081], [267, 2081], [267, 2126], [175, 2126]], '노아?', 0.998891096876725), ([[1802, 2102], [1907, 2102], [1907, 2150], [1802, 2150]], '늦올거', 0.21118782197156474), ([[115, 2124], [325, 2124], [325, 2173], [115, 2173]], '다음 스레줄에', 0.60613975419752), ([[1782, 2147], [1921, 2147], [1921, 2195], [1782, 2195]], '같으니까', 0.5846884250640869), ([[135, 2169], [305, 2169], [305, 2218], [135, 2218]], '가야하니까', 0.9994495355594568), ([[1814, 2192], [1885, 2192], [1885, 2240], [1814, 2240]], '슬슬', 0.5816821329198095), ([[72, 2212], [370, 2212], [370, 2263], [72, 2263]], '슬슬 놔주지 안켓니?', 0.4356265885634187), ([[1735, 2234], [1963, 2234], [1963, 2285], [1735, 2285]], '끝내지 않울래?', 0.554557432485335), ([[207, 2273], [420, 2273], [420, 2328], [207, 2328]], '주름 춤유으움', 0.025773930614744745), ([[1652, 2300], [1860, 2300], [1860, 2350], [1652, 2350]], '먼저 손대신건', 0.9683993157407165), ([[69, 2350], [158, 2350], [158, 2390], [69, 2390]], '노아?', 0.9987968893461459), ([[1638, 2345], [1880, 2345], [1880, 2395], [1638, 2395]], '선생님 쪽입니다', 0.5013765367312304), ([[140, 2392], [487, 2392], [487, 2449], [140, 2449]], '폐로페로주업품운움)', 0.13841303049429157), ([[1683, 2389], [1828, 2389], [1828, 2438], [1683, 2438]], '전 암전히', 0.7536499248392059), ([[1652, 2435], [1862, 2435], [1862, 2485], [1652, 2485]], '불일만 빨테니', 0.6490219275005664), ([[1681, 2477], [1833, 2477], [1833, 2528], [1681, 2528]], '또야먼체', 0.2488269677697206), ([[1649, 2522], [1864, 2522], [1864, 2575], [1649, 2575]], '진정신키3', 0.21699922126767376), ([[1640, 2585], [1756, 2585], [1756, 2638], [1640, 2638]], '고용', 0.350357188469602), ([[77, 2689], [423, 2689], [423, 2763], [77, 2763]], '입으로 임신하눈데', 0.273824036273724), ([[95, 2743], [397, 2743], [397, 2798], [95, 2798]], '아날까할 정도로', 0.5234830773178839), ([[31, 2785], [463, 2785], [463, 2849], [31, 2849]], '빨리고저 켜우 풀려낫다', 0.7834761942066142), ([[1511.241527258976, 289.0360362192484], [1776.9919924352953, 343.64214959244947], [1758.758472741024, 409.9639637807516], [1493.0080075647047, 356.35785040755053]], '57 >', 0.10239266117272662), ([[1169.4765760774098, 338.02747273539296], [1209.4084661972263, 325.0167123938384], [1246.5234239225902, 442.97252726460704], [1206.5915338027737, 456.9832876061616]], '#', 0.05515586835762165), ([[616.3069630690812, 858.0300752944345], [709.8637003123938, 933.5295519741052], [664.6930369309188, 988.9699247055655], [571.1362996876062, 913.4704480258948]], '*리', 0.2258783507312142), ([[897.1514718625762, 2341.060303038033], [936.4709831502905, 2313.018513991311], [1010.8485281374238, 2422.939696961967], [971.5290168497095, 2451.981486008689]], '합', 0.11221661937386163), ([[596.0370214010771, 2536.066554087756], [636.4625629208017, 2497.015299895894], [748.9629785989229, 2621.933445912244], [707.5374370791983, 2661.984700104106]], '3', 0.033894681713972696), ([[716.8409027712042, 2623.074951338273], [776.5869828755317, 2585.0191620043656], [853.1590972287958, 2717.925048661727], [793.4130171244683, 2755.9808379956344]], '틈', 0.5168892359263602)]
[([[1746, 18], [2019, 18], [2019, 98], [1746, 98]], '[{08권', 0.005998479059007759), ([[1798, 115], [2044, 115], [2044, 168], [1798, 168]], '탄만와 순찰중에', 0.16335994467962478), ([[1694, 158], [2044, 158], [2044, 213], [1694, 213]], '@슬한못에제야한 장난', 0.3274197381045105), ([[1738, 311], [2035, 311], [2035, 371], [1738, 371]], '선생 _람장관은', 0.1394809363410947), ([[1827, 360], [2033, 360], [2033, 411], [1827, 411]], '매만화시라고', 0.14632813232678674), ([[1051, 387], [1266, 387], [1266, 438], [1051, 438]], '얼른 끝내기나', 0.9925379418170548), ([[1755, 403], [2033, 403], [2033, 456], [1755, 456]], '말씀드표음렌데오', 0.033280726990468315), ([[1084, 426], [1235, 426], [1235, 487], [1084, 487]], '하시조', 0.8260905567513416), ([[979, 504], [1210, 504], [1210, 555], [979, 555]], '(이렇제 말해도', 0.590255673315974), ([[919, 548], [1268, 548], [1268, 601], [919, 601]], '끝까지 어울려준다니까)', 0.6878881001234862), ([[258, 573], [365, 573], [365, 635], [258, 635]], '과육', 0.21865721974338045), ([[1791, 605], [2044, 605], [2044, 658], [1791, 658]], '말은근렇 해도', 0.43888912825857057), ([[1721, 650], [2044, 650], [2044, 703], [1721, 703]], '칸난되문근문근하지?', 0.16854708353657388), ([[1829, 695], [2044, 695], [2044, 748], [1829, 748]], '골치간 섞다구', 0.2547186931372562), ([[56, 1352], [265, 1352], [265, 1401], [56, 1401]], '산다! 칸나아!', 0.572513518010324), ([[77, 1406], [404, 1406], [404, 1459], [77, 1459]], '하양) 끄웃 선생님 (', 0.16691472028991763), ([[14, 1461], [361, 1461], [361, 1517], [14, 1517]], '다음엔 공무로 요청하지', 0.9995090542860595), ([[746, 1446], [830, 1446], [830, 1550], [746, 1550]], '보', 0.004755052569814178), ([[81, 1510], [298, 1510], [298, 1558], [81, 1558]], '말고 시간 빌때', 0.9663635671022078), ([[822, 1492], [962, 1492], [962, 1594], [822, 1594]], '차', 0.0590496304001944), ([[1661, 1506], [1927, 1506], [1927, 1583], [1661, 1583]], '[-하교]', 0.019034905631287895), ([[99, 1555], [276, 1555], [276, 1603], [99, 1603]], '그냥 불러쥐', 0.7015611971427516), ([[126, 1600], [253, 1600], [253, 1648], [126, 1648]], '알앞지?', 0.2909759283065796), ([[1071, 1622], [1106, 1622], [1106, 1651], [1071, 1651]], '4', 0.8120529315387479), ([[1634, 1600], [2042, 1600], [2042, 1653], [1634, 1653]], '뒷골목에서스레반들이 모여', 0.7808097275190333), ([[179, 1677], [219, 1677], [219, 1697], [179, 1697]], '8@@', 0.037525326039261335), ([[212, 1652], [294, 1652], [294, 1700], [212, 1700]], '네)', 0.8915815907768445), ([[1180, 1628], [1281, 1628], [1281, 1677], [1180, 1677]], "'딪3", 0.0639838545157828), ([[1624, 1647], [2044, 1647], [2044, 1698], [1624, 1698]], '원가 작당올 하길래 혼내짚다', 0.16387859553179562), ([[1265, 1697], [1392, 1697], [1392, 1747], [1265, 1747]], '온석들]', 0.7196608781814575), ([[1240, 1742], [1419, 1742], [1419, 1792], [1240, 1792]], '더는 나변짓', 0.15016024730319574), ([[1231, 1789], [1426, 1789], [1426, 1837], [1231, 1837]], '하지 말컷지!', 0.23682380436398653), ([[1244, 1832], [1412, 1832], [1412, 1880], [1244, 1880]], '임신렉스로', 0.6948923495732141), ([[837, 1861], [1045, 1861], [1045, 1909], [837, 1909]], '너네들 모여서', 0.9958171762877338), ([[1251, 1877], [1405, 1877], [1405, 1925], [1251, 1925]], '경생이다!', 0.91932965794887), ([[853, 1904], [1032, 1904], [1032, 1954], [853, 1954]], '원가 꾸미고', 0.9953701859832684), ([[1252, 1923], [1402, 1923], [1402, 1967], [1252, 1967]], '오라오라!', 0.9926260246821842), ([[866, 1951], [1018, 1951], [1018, 1999], [866, 1999]], '있없잡아!', 0.27048341913511625), ([[858, 1997], [1026, 1997], [1026, 2041], [858, 2041]], '다들없다고', 0.9971473265290368), ([[1179, 1978], [1399, 1978], [1399, 2026], [1179, 2026]], '아냐 우린 아직', 0.8861585275858426), ([[384, 2038], [593, 2038], [593, 2091], [384, 2091]], '학생이 올바른', 0.9898284307459968), ([[1199, 2025], [1383, 2025], [1383, 2074], [1199, 2074]], '아무것도 . !', 0.4929585971213615), ([[799, 2063], [1009, 2063], [1009, 2112], [799, 2112]], '그 : 그렇다고', 0.749452992258217), ([[387, 2086], [595, 2086], [595, 2134], [387, 2134]], '킬로 갈수퍼게', 0.6025859746524741), ([[853, 2108], [960, 2108], [960, 2157], [853, 2157]], '선생이', 0.5990645289421082), ([[342, 2129], [640, 2129], [640, 2177], [342, 2177]], '지도렉스하느거잡아', 0.3561566213940882), ([[385, 2174], [598, 2174], [598, 2224], [385, 2224]], '상낭한 마마가', 0.6140713932757111), ([[819, 2153], [989, 2153], [989, 2204], [819, 2204]], '이런짓해도', 0.9311189964291604), ([[819, 2196], [991, 2196], [991, 2247], [819, 2247]], '되는거야? !', 0.6685178264099678), ([[423, 2219], [559, 2219], [559, 2267], [423, 2267]], '월수퍼게', 0.11631263792514801), ([[396, 2264], [582, 2264], [582, 2312], [396, 2312]], "'이끌어줄게!", 0.3425468114390182), ([[286, 2309], [620, 2309], [620, 2359], [286, 2359]], '흔아양! 엉망진창이야!', 0.6865081209705084), ([[1905, 2267], [2041, 2267], [2041, 2360], [1905, 2360]], '면', 0.058324670780624865), ([[955.4202018956436, 14.028079525128897], [1056.8559813773609, 83.69329341166328], [1025.5797981043563, 128.9719204748711], [924.1440186226391, 59.30670658833672]], '도이가)', 0.26377782225608826), ([[304.2397140787303, 60.05814151174691], [379.99861649139575, 95.8823854943201], [360.7602859212697, 134.94185848825308], [285.00138350860425, 98.1176145056799]], '530', 0.21499469876289368), ([[497.37189129289175, 67.03296728247156], [583.9418978802851, 127.16702366164228], [551.6281087071083, 173.96703271752844], [465.05810211971493, 113.83297633835772]], '(@33)', 0.12975016665826417), ([[585.0578369393376, 118.04945092370734], [641.5076650059955, 77.01432939388008], [743.9421630606624, 230.95054907629265], [687.4923349940045, 271.9856706061199]], '움', 0.7032107389845557), ([[353.15147186257616, 223.060303038033], [427.9857819705379, 260.58718745030774], [403.84852813742384, 304.939696961967], [329.0142180294621, 267.41281254969226]], "'%)", 0.6489195600344163), ([[1686.695454874286, 718.1731830348587], [1717.5645484402214, 693.0319737260514], [1773.304545125714, 764.8268169651413], [1742.4354515597786, 790.9680262739486]], '8', 0.23274015330196907), ([[140.62889655107, 1160.134289649416], [257.7715375776906, 1068.0141778868158], [404.37110344893, 1289.865710350584], [287.2284624223094, 1381.9858221131842]], '쫓', 0.24913064848455235), ([[1178.400119964012, 1324.0605878236588], [1204.4184055655376, 1313.0293204846826], [1232.599880035988, 1378.9394121763412], [1206.5815944344624, 1389.9706795153174]], '묵', 0.03965661985317248), ([[1099.930985278494, 1610.448167612687], [1247.651691003354, 1597.166486757802], [1249.069014721506, 1641.551832387313], [1101.348308996646, 1654.833513242198]], ',304가카', 0.007753629748553041), ([[1504.3284082825983, 2359.0250925038126], [1567.4217422021634, 2394.90905286959], [1494.6715917174017, 2523.9749074961874], [1431.5782577978366, 2488.09094713041]], '표', 0.27786240042593136), ([[1443.6267509490074, 2468.1187445769124], [1500.0322548455738, 2506.185895676977], [1423.3732490509926, 2615.8812554230876], [1367.9677451544262, 2577.814104323023]], '좀', 0.11137886396447616)]
[([[635, 50], [823, 50], [823, 98], [635, 98]], '데 선생님의', 0.9147751007103315), ([[1753, 23], [2008, 23], [2008, 95], [1753, 95]], '장|', 0.024380487057743497), ([[623, 95], [834, 95], [834, 143], [623, 143]], '취향은 완벽히', 0.9883746505215), ([[1090, 78], [1128, 78], [1128, 129], [1090, 129]], '5', 0.11510307842996781), ([[1320, 84], [1472, 84], [1472, 129], [1320, 129]], '아? 후우~', 0.960432109028244), ([[585, 137], [870, 137], [870, 188], [585, 188]], "'파악하고 있습니다.", 0.5675139379658607), ([[1306, 127], [1483, 127], [1483, 171], [1306, 171]], '고마위 토키', 0.9780568127887659), ([[1854, 115], [2042, 115], [2042, 166], [1854, 166]], '사무실. 야근', 0.8198655582523935), ([[1113, 186], [1242, 186], [1242, 230], [1113, 230]], '응? 저기', 0.6973919243545526), ([[1328, 171], [1466, 171], [1466, 220], [1328, 220]], '잘마실게', 0.9672383069992065), ([[0, 236], [60, 236], [60, 287], [0, 287]], '유2', 0.20513324266604616), ([[673, 203], [782, 203], [782, 253], [673, 253]], '여기선', 0.9998032992689625), ([[1105, 227], [1250, 227], [1250, 276], [1105, 276]], '나 불렉은', 0.9129655596952876), ([[1625, 218], [2011, 218], [2011, 267], [1625, 267]], '선생님 벌써 쉬지 않으시고', 0.49510227064615603), ([[674, 253], [801, 253], [801, 295], [674, 295]], '이렇게..', 0.47184236829896753), ([[1078, 272], [1277, 272], [1277, 321], [1078, 321]], '못마시논데...', 0.5881663679181086), ([[1607, 263], [2026, 263], [2026, 312], [1607, 312]], '2시간 넘게 일하고 계십니다.', 0.5869406856209222), ([[622, 296], [831, 296], [831, 340], [622, 340]], '저의 밀크클.', 0.2808788345274747), ([[1643, 308], [1990, 308], [1990, 357], [1643, 357]], '커피라도 드시면서 잠시', 0.9880422919376712), ([[1674, 351], [1954, 351], [1954, 402], [1674, 402]], '휴식올 취해주세요.', 0.9228825159106451), ([[744, 406], [786, 406], [786, 450], [744, 450]], '민', 0.008828397981410996), ([[710, 449], [817, 449], [817, 493], [710, 493]], '토리?!', 0.9416146278381348), ([[693, 491], [836, 491], [836, 544], [693, 544]], '모유가?!', 0.8494860219153966), ([[710, 633], [957, 633], [957, 694], [710, 694]], '책렌업마전부터', 0.04977134119210579), ([[1801, 658], [1843, 658], [1843, 709], [1801, 709]], '못', 0.3327852139981111), ([[675, 680], [994, 680], [994, 735], [675, 735]], '마오시작햇습니다.', 0.19124241001693779), ([[1101, 845], [1202, 845], [1202, 889], [1101, 889]], '선생님', 0.999930830677513), ([[18, 893], [80, 893], [80, 942], [18, 942]], '유리', 0.01142572119150105), ([[1083, 890], [1218, 890], [1218, 934], [1083, 934]], '이러시면', 0.9983788728713989), ([[1856, 884], [1970, 884], [1970, 933], [1856, 933]], '괜찮아.', 0.9720998406410217), ([[1067, 932], [1237, 932], [1237, 980], [1067, 980]], '퇴근하시는', 0.784399165319827), ([[1845, 929], [1984, 929], [1984, 980], [1845, 980]], '선생님올', 0.5540540517582371), ([[1098, 977], [1205, 977], [1205, 1025], [1098, 1025]], '시간이', 0.999563108416427), ([[1842, 971], [1984, 971], [1984, 1026], [1842, 1026]], '위해준는', 0.29813435951338024), ([[1051, 1019], [1252, 1019], [1252, 1070], [1051, 1070]], '늦어지십니다', 0.9864563159827878), ([[1816, 1017], [2015, 1017], [2015, 1068], [1816, 1068]], '착한아이에게', 0.8725711455192026), ([[1809, 1062], [2020, 1062], [2020, 1113], [1809, 1113]], '상울 주논것도', 0.1612965693006071), ([[1796, 1107], [2035, 1107], [2035, 1158], [1796, 1158]], '선생님이 해야활', 0.32565789119338756), ([[1809, 1152], [2024, 1152], [2024, 1201], [1809, 1201]], '훌륭한 일이야', 0.9747986122252035), ([[1832, 1233], [1999, 1233], [1999, 1282], [1832, 1282]], '그러시다면', 0.9933926462413533), ([[1779, 1275], [2022, 1275], [2022, 1329], [1779, 1329]], '선생님의 뜻대로', 0.9967958280587474), ([[470, 1699], [681, 1699], [681, 1747], [470, 1747]], '선생님의 밀크', 0.8406331011023138), ([[455, 1742], [699, 1742], [699, 1792], [455, 1792]], '잔뜩 받휘습니다', 0.39484768414461635), ([[473, 1789], [674, 1789], [674, 1840], [473, 1840]], '따뜻합니다)', 0.4084309553650533), ([[113, 2315], [321, 2315], [321, 2364], [113, 2364]], '토키의 밀크는', 0.8831213547614438), ([[99, 2360], [341, 2360], [341, 2411], [99, 2411]], '단맛이 나는무나', 0.9549694497098379), ([[108, 2408], [325, 2408], [325, 2456], [108, 2456]], '또마시게 해쥐', 0.9512068624429599), ([[34, 2473], [285, 2473], [285, 2524], [34, 2524]], '네 물론입니다)', 0.7192873223625748), ([[466, 2360], [625, 2360], [625, 2542], [466, 2542]], '*', 0.14314337003427013), ([[1021, 2596], [1122, 2596], [1122, 2656], [1021, 2656]], '질쳐', 0.379449314124344), ([[-1.2486458667891525, 15.131364426090986], [41.65539531121313, -5.9640973320394295], [79.24864586678915, 73.86863557390902], [36.34460468878687, 96.96409733203943]], '둘', 0.737978945090223), ([[60.379826327053955, 120.03861061643167], [139.96681530951452, 169.42489506942462], [114.62017367294604, 209.96138938356833], [35.03318469048547, 159.57510493057538]], '45', 0.9257195937399765), ([[7.926687370800101, 341.0967805394006], [47.51977769818905, 311.0225564708259], [114.0733126291999, 407.9032194605994], [74.48022230181095, 437.9774435291741]], ';', 0.8254346615158035), ([[12.434314575050763, 559.0402020253554], [66.88057000058133, 606.0298574998546], [40.56568542494924, 636.9597979746446], [-12.880570000581328, 589.9701425001454]], '4?', 0.683320090030056), ([[147.28215510483713, 981.03690451692], [245.96347007027737, 1041.28579794151], [214.71784489516287, 1091.96309548308], [115.03652992972263, 1030.71420205849]], '쇼?4', 0.008188160312278665), ([[827.2619071887366, 1013.0547781645348], [880.9685593266627, 1055.4401623293902], [853.7380928112634, 1089.9452218354652], [800.0314406733373, 1048.5598376706098]], '싶옷', 0.011253836934006053), ([[1718.00019994002, 1257.1009797060979], [1778.6724386746448, 1273.2200233620401], [1766.99980005998, 1315.8990202939021], [1706.3275613253552, 1300.7799766379599]], '요?', 0.6691820777386601), ([[287.16445884946233, 1279.0703072118276], [380.88678940204085, 1301.9420352840943], [367.83554115053767, 1347.9296927881724], [274.11321059795915, 1325.0579647159057]], '셋', 0.2808280743870597), ([[1232.25097310286, 1314.0564224788761], [1304.9869866754468, 1348.6394949391242], [1284.74902689714, 1389.9435775211239], [1212.0130133245532, 1355.3605050608758]], '&1', 0.1005506451853365), ([[1107.1626818219506, 1329.0502591221896], [1215.9797278753438, 1372.4676478739145], [1192.8373181780494, 1425.9497408778104], [1084.0202721246562, 1382.5323521260855]], '(초원!', 0.02156093902885914), ([[1115.9378517783448, 1746.114118180386], [1146.5645484402214, 1725.0319737260513], [1195.0621482216552, 1801.885881819614], [1164.4354515597786, 1822.9680262739487]], '품', 0.19882762782890495), ([[1917.9531521548195, 1835.054945470786], [2035.4397794328243, 1867.699914507224], [2011.0468478451805, 1949.945054529214], [1893.5602205671757, 1917.300085492776]], '앞집', 0.10753761789571725), ([[370.3907470763439, 2566.01237807806], [558.184208495036, 2742.1206322777075], [467.6092529236561, 2841.98762192194], [279.815791504964, 2665.8793677222925]], '*등?', 0.008032442991156397)]
[([[1506.095511646343, 293.0455652987975], [1781.9354277807588, 333.92383534027357], [1765.904488353657, 409.9544347012025], [1490.0645722192412, 369.07616465972643]], '7 >', 0.10419198125600815)]
[([[1827, 45], [2044, 45], [2044, 125], [1827, 125]], '[입올손', 0.0017033112235367298), ([[182, 137], [292, 137], [292, 190], [182, 190]], '선생', 0.5686113973999369), ([[1883, 144], [2049, 144], [2049, 195], [1883, 195]], '잔택 심야', 0.18806531603307816), ([[133, 182], [339, 182], [339, 235], [133, 235]], '오늘도 올에', 0.09494270770500858), ([[1297, 953], [1451, 953], [1451, 1014], [1297, 1014]], "'", 0.623603451972091), ([[1282, 1025], [1477, 1025], [1477, 1097], [1282, 1097]], "'", 0.623603451972091), ([[1273, 1111], [1372, 1111], [1372, 1140], [1273, 1140]], "'", 0.17455318703432088), ([[1413, 1190], [1505, 1190], [1505, 1223], [1413, 1223]], "'", 0.623603451972091), ([[1485, 1215], [1671, 1215], [1671, 1268], [1485, 1268]], '박퀴선생', 0.020408395677804947), ([[1510, 1260], [1696, 1260], [1696, 1313], [1510, 1313]], '운리희아기', 0.13802588599828447), ([[1425, 1295], [1515, 1295], [1515, 1332], [1425, 1332]], "'", 0.4201580310541999), ([[1568, 1303], [1817, 1303], [1817, 1358], [1568, 1358]], '여리에생어', 0.3731746777369257), ([[1291, 1356], [1357, 1356], [1357, 1429], [1291, 1429]], '%', 0.02868999134273409), ([[1546, 1386], [1959, 1386], [1959, 1441], [1546, 1441]], '오늘움명명이향 예스없어?', 0.10072649256728726), ([[144, 1418], [454, 1418], [454, 1473], [144, 1473]], '외분증어 선생0', 0.04524424409411019), ([[1625, 1431], [2006, 1431], [2006, 1484], [1625, 1484]], '580 아페6명의', 0.03407655028461023), ([[70, 1463], [473, 1463], [473, 1520], [70, 1520]], '선정쿠첫공분붐이약랫지?', 0.012631573366322535), ([[1676, 1476], [1833, 1476], [1833, 1529], [1676, 1529]], '냄새가마', 0.054101452231407166), ([[25, 1528], [445, 1528], [445, 1583], [25, 1583]], '역지컨장고금방 따분문 )', 0.005148398526938728), ([[1753, 1537], [2006, 1537], [2006, 1592], [1753, 1592]], '음예만매가페일', 0.031318467000390725), ([[88, 1575], [337, 1575], [337, 1628], [88, 1628]], '마로리분동아', 0.07687813523743313), ([[1724, 1579], [2009, 1579], [2009, 1640], [1724, 1640]], '넷분증짓 긍치 ', 0.004306899813790334), ([[117, 1643], [334, 1643], [334, 1696], [117, 1696]], '내가 선생님움', 0.08883088978603351), ([[61, 1688], [274, 1688], [274, 1741], [61, 1741]], '메입잡압이', 0.00435915020305519), ([[43, 1733], [296, 1733], [296, 1786], [43, 1786]], '예속함께 있자9', 0.08138706005589469), ([[25, 1775], [105, 1775], [105, 1828], [25, 1828]], '폐속', 0.2387359509622147), ([[8, 1847], [398, 1847], [398, 1935], [8, 1935]], '영원히함께하차', 0.10425360152530257), ([[1157.0593947347957, 46.074186829213225], [1195.5289064337826, 21.023357298256542], [1256.9406052652043, 120.92581317078678], [1218.4710935662174, 145.97664270174346]], '흙', 0.3213437300183273), ([[1381.3020832078655, 91.0187476662975], [1473.70016467613, 66.11165487449844], [1530.6979167921345, 302.9812523337025], [1439.29983532387, 326.88834512550153]], '통', 0.65151220496276), ([[1383.9038403974048, 1091.1326882781834], [1537.4655978279397, 1060.7509032837384], [1545.0961596025952, 1103.8673117218166], [1391.5344021720603, 1134.2490967162616]], "'", 0.35130361118264375), ([[1522.2562854188427, 1122.5587995863798], [1604.630927219508, 1110.5583960441052], [1608.7437145811573, 1141.4412004136202], [1526.369072780492, 1153.4416039558948]], "'", 0.692350193983259), ([[1404.930985278494, 1139.448167612687], [1526.5892851798008, 1129.0154442465728], [1528.069014721506, 1170.551832387313], [1406.4107148201992, 1180.9845557534272]], "'", 0.4909819725574813), ([[1379.5144372945836, 1245.286093236459], [1484.642750911068, 1237.347618143433], [1486.4855627054164, 1277.713906763541], [1380.357249088932, 1284.652381856567]], "'", 0.623603451972091), ([[1373.127036057031, 1370.0638451878108], [1455.948503040875, 1403.2155820165879], [1435.872963942969, 1449.9361548121892], [1353.051496959125, 1416.7844179834121]], '유2)', 0.028045529923506556), ([[1474.6027607015021, 1388.3452453328541], [1547.6912671009807, 1382.674450532353], [1548.3972392984979, 1412.6547546671459], [1475.3087328990193, 1418.325549467647]], "'", 0.7358983651802333)]
[]
[([[1685, 1390], [1716, 1390], [1716, 1419], [1685, 1419]], '개', 0.5462626120365854)]
[([[1132, 595], [1236, 595], [1236, 698], [1132, 698]], '(`', 0.12251644273114971), ([[1824, 2440], [1892, 2440], [1892, 2511], [1824, 2511]], '(0,', 0.8921984660312045)]
[]
[([[1119, 693], [1194, 693], [1194, 856], [1119, 856]], '1', 0.7462062337829458), ([[1441.0868184120002, 212.05981993120218], [1532.8184093951284, 244.4159250900207], [1510.9131815879998, 301.9401800687978], [1420.1815906048716, 270.5840749099793]], '시 새', 0.009561689857835029)]
[([[454.931129346098, 1588.9724517384393], [965.0286537669738, 1399.8932877561197], [1039.068870653902, 1605.0275482615607], [528.9713462330262, 1794.1067122438803]], '[떼-', 0.0037592342023441113)]
[([[1726, 36], [2028, 36], [2028, 116], [1726, 116]], '되 [7 0)', 0.05070907535825862), ([[1719, 134], [1973, 134], [1973, 206], [1719, 206]], '7 [형비', 0.022135490231908844), ([[1522, 1250], [1564, 1250], [1564, 1294], [1522, 1294]], '2', 0.7456997766991122), ([[909, 1980], [964, 1980], [964, 2038], [909, 2038]], '2', 0.7419313180619156)]
[([[1797, 11], [2049, 11], [2049, 101], [1797, 101]], "카''4", 0.008655061945319176), ([[1360, 1537], [1715, 1537], [1715, 1661], [1360, 1661]], '[ [327', 0.3692000145700435), ([[1512.6782349260059, 2395.5678275676705], [1583.1400976443467, 2443.1914881130792], [1438.3217650739941, 2644.4321724323295], [1367.8599023556533, 2596.8085118869208]], '9', 0.09087148213691254)]
[([[829, 95], [860, 95], [860, 115], [829, 115]], '~~', 0.025924786646336365), ([[1576, 27], [2042, 27], [2042, 185], [1576, 185]], '켜 (문 획', 0.002474193279267602), ([[720.6138000549124, 85.36416017571976], [826.4179011221165, 59.113885200663496], [840.3861999450876, 132.63583982428023], [734.5820988778835, 158.8861147993365]], '만따', 0.0014607524310721932), ([[1098.487146444838, 151.4665807565786], [1216.4550911771348, 127.61343183694305], [1225.512853555162, 190.5334192434214], [1108.5449088228652, 214.38656816305695]], '95)!', 0.01337647344917059)]
[([[1146, 606], [1232, 606], [1232, 685], [1146, 685]], "~'", 0.02944657075707639), ([[1502.393275278069, 2359.0204741154225], [1566.3153541481656, 2393.7573295271477], [1494.606724721931, 2524.9795258845775], [1431.6846458518344, 2490.2426704728523]], '표', 0.5645512531613264), ([[1445.3278459425114, 2468.176707802464], [1500.1791880856588, 2508.470232524551], [1420.6721540574886, 2614.823292197536], [1365.8208119143412, 2574.529767475449]], '쭉', 0.019810438304201705)]
[([[1555, 9], [1887, 9], [1887, 109], [1555, 109]], '773마', 0.04770749434828758), ([[1401, 106], [1499, 106], [1499, 284], [1401, 284]], '름', 0.10424953132411563), ([[1483, 256], [1516, 256], [1516, 292], [1483, 292]], '4', 0.9988867760157838), ([[1839, 666], [2022, 666], [2022, 1088], [1839, 1088]], '콩', 0.025429285837985427), ([[1310, 1229], [1389, 1229], [1389, 1304], [1310, 1304]], '~', 0.28572752893314046), ([[1836, 1058], [2030, 1058], [2030, 1499], [1836, 1499]], '훌', 0.21137189545158552), ([[1889.5545918720975, 1448.005511632736], [2024.556894708589, 1464.6631293583105], [1971.4454081279025, 1887.994488367264], [1836.443105291411, 1871.3368706416895]], '출', 0.07538524170138672)]
[]
[([[1441.0984799331588, 212.0582954853233], [1532.8067111138637, 244.36638933267272], [1510.9015200668412, 302.9417045146767], [1419.1932888861363, 271.6336106673273]], '꼴 사', 0.06016405299305916)]
[([[23, 164], [213, 164], [213, 325], [23, 325]], '', 0.0)]
[([[23, 164], [213, 164], [213, 325], [23, 325]], '', 0.0)]
[([[23, 164], [213, 164], [213, 325], [23, 325]], '', 0.0)]
