2517744
29
[([[1480, 206], [1773, 206], [1773, 275], [1480, 275]], '오오~ 완전 절어.', 0.8874222329138538), ([[1549, 298], [1904, 298], [1904, 367], [1549, 367]], '제대로 명청해보여서', 0.5871592644817932), ([[1574, 361], [1881, 361], [1881, 425], [1574, 425]], '진짜 웃긴데 그래.', 0.7117342758159954), ([[420, 537], [500, 537], [500, 601], [420, 601]], '우웃:', 0.4252270214123085), ([[1669, 609], [1730, 609], [1730, 749], [1669, 749]], '4', 0.056739088049284625), ([[1774, 611], [1895, 611], [1895, 847], [1774, 847]], "'", 0.18485456695732783), ([[1531, 1057], [1825, 1057], [1825, 1125], [1531, 1125]], '나중에 네 품예도', 0.3362581489520736), ([[1556, 1120], [1802, 1120], [1802, 1186], [1556, 1186]], '보내줄 테니까', 0.7713353835728032), ([[1477, 1180], [1879, 1180], [1879, 1249], [1477, 1249]], '대기화면으로 설정해뒤.', 0.9697738976141382), ([[502, 1254], [609, 1254], [609, 1333], [502, 1333]], '옛?', 0.9998293095306013), ([[331, 2096], [618, 2096], [618, 2170], [331, 2170]], '아뇨" 아무것도', 0.8746673720088723), ([[794, 2040], [1264, 2040], [1264, 2211], [794, 2211]], '모백 %', 0.029797532995676303), ([[453, 2289], [748, 2289], [748, 2361], [453, 2361]], '너무 기뻐서 요"', 0.5658020603634235), ([[1477, 2282], [1688, 2282], [1688, 2359], [1477, 2359]], '부 뜻', 0.0955049858261519), ([[932, 2570], [1216, 2570], [1216, 2643], [932, 2643]], '그반응은 뭐야?', 0.6732089246276715), ([[918, 2631], [1234, 2631], [1234, 2703], [918, 2703]], '혹시 기뻐서 그래?', 0.9554770360841623), ([[220, 2782], [407, 2782], [407, 2844], [220, 2844]], '괜(`(', 0.0003581868950277567)]
[([[1669, 611], [1730, 611], [1730, 749], [1669, 749]], '"', 0.5364688698822562), ([[1762, 604], [1901, 604], [1901, 863], [1762, 863]], '꿀', 0.017762091177875305), ([[1666, 915], [1730, 915], [1730, 1076], [1666, 1076]], '독', 0.055914402888611825), ([[1774, 865], [1902, 865], [1902, 1180], [1774, 1180]], '틈', 0.12127204411498926), ([[799, 2043], [1277, 2043], [1277, 2206], [799, 2206]], '보부 포', 0.01995690564192344), ([[220, 2782], [407, 2782], [407, 2844], [220, 2844]], '4중`(', 0.00031223901896737516)]
[([[1669, 611], [1730, 611], [1730, 747], [1669, 747]], '"\'', 0.19660234227923323), ([[1761, 604], [1901, 604], [1901, 863], [1761, 863]], '얇', 0.01621711227827749), ([[1666, 917], [1730, 917], [1730, 1069], [1666, 1069]], '독', 0.17805252714083597), ([[1778, 865], [1900, 865], [1900, 1108], [1778, 1108]], '틈', 0.58967753497258), ([[796, 2038], [1279, 2038], [1279, 2209], [796, 2209]], '모봇 청', 0.03858523717505262), ([[221, 2786], [373, 2786], [373, 2843], [221, 2843]], '괜(((', 0.008172347210347652)]
[([[1669, 611], [1730, 611], [1730, 747], [1669, 747]], '"\'', 0.14843069377045498), ([[1772, 608], [1900, 608], [1900, 860], [1772, 860]], "'", 0.049486768398367076), ([[1666, 915], [1730, 915], [1730, 1071], [1666, 1071]], '독', 0.02606823844095718), ([[1774, 863], [1902, 863], [1902, 1108], [1774, 1108]], '틈', 0.21487733281617327), ([[796, 2038], [1279, 2038], [1279, 2209], [796, 2209]], '모봇 청', 0.023548051620555167), ([[220, 2782], [371, 2782], [371, 2844], [220, 2844]], '괜(((', 0.004646716173738241)]
[([[1669, 613], [1730, 613], [1730, 747], [1669, 747]], '"\'', 0.6996773624718774), ([[1772, 608], [1900, 608], [1900, 862], [1772, 862]], "'", 0.09072907161602473), ([[1649, 851], [1916, 851], [1916, 1198], [1649, 1198]], ';', 0.059800944120136146), ([[796, 2038], [1279, 2038], [1279, 2209], [796, 2209]], '모봇 청', 0.03158650382839393), ([[220, 2782], [405, 2782], [405, 2844], [220, 2844]], '괜중(`(', 0.0013454981007531058)]
[([[1669, 609], [1730, 609], [1730, 749], [1669, 749]], '4', 0.06261943020216965), ([[1762, 604], [1901, 604], [1901, 861], [1762, 861]], '얇', 0.016690960360685958), ([[1650, 863], [1913, 863], [1913, 1119], [1650, 1119]], '@돌', 0.07291489218687632), ([[796, 2037], [1279, 2037], [1279, 2209], [796, 2209]], '보백 청', 0.01828283373389943), ([[217, 2777], [410, 2777], [410, 2852], [217, 2852]], '괜독#끼(', 0.00017118925770907812)]
[([[1669, 611], [1730, 611], [1730, 749], [1669, 749]], '"\'', 0.2273063818456553), ([[1762, 606], [1901, 606], [1901, 861], [1762, 861]], '국', 0.01222220388188916), ([[1666, 917], [1730, 917], [1730, 1071], [1666, 1071]], '독', 0.05035308568198027), ([[1776, 865], [1902, 865], [1902, 1108], [1776, 1108]], '틈', 0.34590832178483666), ([[799, 2043], [1277, 2043], [1277, 2206], [799, 2206]], '보부 포', 0.024618210195307594), ([[220, 2782], [403, 2782], [403, 2844], [220, 2844]], '괜(`(', 0.00633509887022236)]
[([[1669, 609], [1730, 609], [1730, 747], [1669, 747]], "4'", 0.12442926988562984), ([[1758, 603], [1906, 603], [1906, 866], [1758, 866]], '얇', 0.03532788005709464), ([[1649, 851], [1914, 851], [1914, 1189], [1649, 1189]], ';', 0.011985131622683554), ([[796, 2036], [1280, 2036], [1280, 2211], [796, 2211]], '부 청', 0.12590245195563668), ([[216, 2778], [408, 2778], [408, 2852], [216, 2852]], '괜냐#끼(', 0.0001254332291076223)]
[([[1669, 611], [1730, 611], [1730, 720], [1669, 720]], "6'", 0.11723434111103433), ([[1762, 605], [1901, 605], [1901, 863], [1762, 863]], '얇', 0.055313819353219884), ([[1649, 851], [1914, 851], [1914, 1120], [1649, 1120]], '탑', 0.009498528903060743), ([[796, 2038], [1279, 2038], [1279, 2209], [796, 2209]], '모봇치 청', 0.005134314773176949), ([[220, 2782], [401, 2782], [401, 2844], [220, 2844]], '칭중(소(', 0.0011457236367573029)]
[([[1669, 611], [1730, 611], [1730, 747], [1669, 747]], '"\'', 0.1911155168558628), ([[1772, 611], [1897, 611], [1897, 853], [1772, 853]], '얇', 0.02369469980115313), ([[1649, 878], [1915, 878], [1915, 1189], [1649, 1189]], '"푹', 0.053266293863300895), ([[796, 2038], [1279, 2038], [1279, 2209], [796, 2209]], '모봇 청', 0.04072631032801212), ([[214, 2777], [413, 2777], [413, 2855], [214, 2855]], '%"((', 0.004633454140275717)]
[([[1669, 611], [1730, 611], [1730, 720], [1669, 720]], "터'", 0.07585609543559069), ([[1774, 608], [1897, 608], [1897, 858], [1774, 858]], '얇', 0.017028559203154714), ([[1651, 877], [1912, 877], [1912, 1118], [1651, 1118]], '#돌', 0.07337721107383459), ([[794, 2038], [1279, 2038], [1279, 2209], [794, 2209]], '모백 청', 0.0634323866729396), ([[214, 2777], [406, 2777], [406, 2853], [214, 2853]], '혼"끼(', 0.0020751850679516792)]
[([[1439, 242], [1769, 242], [1769, 311], [1439, 311]], '그나저나 그 신약  ', 0.9350768293400327), ([[1491, 305], [1724, 305], [1724, 369], [1491, 369]], '효과 죽이네~', 0.9929769144024003), ([[1529, 393], [1928, 393], [1928, 461], [1529, 461]], '보지털이 너무 자라나서', 0.841534220038652), ([[1583, 454], [1872, 454], [1872, 520], [1583, 520]], '죄다 속옷 밖으로', 0.9819120181185353), ([[436, 485], [558, 485], [558, 545], [436, 545]], '저기 ', 0.3089302740744379), ([[1558, 512], [1899, 512], [1899, 581], [1558, 581]], '튀어나오게 뒷잡아?', 0.534150329484715), ([[1515, 573], [1940, 573], [1940, 641], [1515, 641]], '여자로서 어떻게 생각해?', 0.881053903399442), ([[260, 1068], [423, 1068], [423, 1134], [260, 1134]], '이대로면', 0.9994453191757202), ([[1666, 917], [1730, 917], [1730, 1073], [1666, 1073]], '독', 0.037839153749019694), ([[1771, 877], [1903, 877], [1903, 1190], [1771, 1190]], '푹', 0.11303084001248465), ([[160, 1125], [530, 1125], [530, 1198], [160, 1198]], '수영 수업 " 이라거나', 0.6683500735372849), ([[197, 1189], [486, 1189], [486, 1258], [197, 1258]], '수영복올 입흘 때', 0.5367630972856416), ([[226, 1250], [461, 1250], [461, 1316], [226, 1316]], '곤란하니까  ', 0.6958953114530296), ([[345, 1338], [544, 1338], [544, 1406], [345, 1406]], '처리하게  ', 0.841164000030412), ([[260, 1398], [628, 1398], [628, 1467], [260, 1467]], '해주시면 안 돌까요  ', 0.352778832270765), ([[1500, 1387], [1843, 1387], [1843, 1456], [1500, 1456]], '아~ 수영복 말이자 ', 0.8748110763015173), ([[1443, 1445], [1896, 1445], [1896, 1520], [1443, 1520]], '역시 보지털이 빠져나온 채', 0.6173374861429956), ([[1457, 1509], [1886, 1509], [1886, 1575], [1457, 1575]], '수업 듣는 건 좀 심하지  ', 0.5666570039370789), ([[364, 1606], [500, 1606], [500, 1667], [364, 1667]], '그러면;', 0.8141869306564331), ([[801, 2045], [1264, 2045], [1264, 2206], [801, 2206]], '타내보 표', 0.0028207606763924436), ([[192, 2235], [458, 2235], [458, 2314], [192, 2314]], '정말인가요?', 0.9387150488457017), ([[1477, 2280], [1688, 2280], [1688, 2359], [1477, 2359]], '부 뜻', 0.050267063088359105), ([[266, 2347], [521, 2347], [521, 2427], [266, 2427]], '감사합니다', 0.7173228629460652), ([[944, 2506], [1204, 2506], [1204, 2574], [944, 2574]], '별수 없지 뭐~', 0.9212444084701665), ([[817, 2565], [1331, 2565], [1331, 2638], [817, 2638]], '모처럼 길러서 아쉽지만서도: ', 0.5053751550364246), ([[926, 2629], [1222, 2629], [1222, 2696], [926, 2696]], '처리하게 해줄게.', 0.8463235021567447), ([[220, 2782], [407, 2782], [407, 2844], [220, 2844]], '4(`(', 0.0007021508645266294)]
[([[1669, 609], [1730, 609], [1730, 747], [1669, 747]], "4'", 0.09517292724633206), ([[1762, 604], [1901, 604], [1901, 863], [1762, 863]], '얇', 0.023445947710317938), ([[1649, 851], [1914, 851], [1914, 1189], [1649, 1189]], ';;', 0.0165446258343906), ([[796, 2038], [1279, 2038], [1279, 2209], [796, 2209]], '모봇 청', 0.0352226428216113), ([[217, 2782], [405, 2782], [405, 2844], [217, 2844]], '중(`(', 0.003953277133405209)]
[([[1669, 611], [1730, 611], [1730, 720], [1669, 720]], "6'", 0.11723434111103433), ([[1762, 605], [1901, 605], [1901, 863], [1762, 863]], '얇', 0.055313819353219884), ([[1649, 851], [1914, 851], [1914, 1120], [1649, 1120]], '탑', 0.009498528903060743), ([[796, 2038], [1279, 2038], [1279, 2209], [796, 2209]], '모봇 청', 0.04251228690147268), ([[214, 2777], [413, 2777], [413, 2855], [214, 2855]], '%"((', 0.0034827145282179117)]
[([[1669, 611], [1730, 611], [1730, 747], [1669, 747]], '"\'', 0.1911155168558628), ([[1772, 611], [1897, 611], [1897, 853], [1772, 853]], '얇', 0.02369469980115313), ([[1649, 878], [1915, 878], [1915, 1189], [1649, 1189]], '"푹', 0.053266293863300895), ([[796, 2038], [1279, 2038], [1279, 2209], [796, 2209]], '모봇 청', 0.04414982862493989), ([[214, 2777], [408, 2777], [408, 2853], [214, 2853]], '혼"끼(', 0.001336977700702846)]
[([[1669, 611], [1730, 611], [1730, 720], [1669, 720]], "6'", 0.10308135287952228), ([[1761, 604], [1902, 604], [1902, 864], [1761, 864]], '얇', 0.016972091000955203), ([[1666, 915], [1730, 915], [1730, 1078], [1666, 1078]], ';', 0.015994807781851472), ([[1771, 857], [1903, 857], [1903, 1181], [1771, 1181]], '푹', 0.11234350436792795), ([[794, 2037], [1279, 2037], [1279, 2211], [794, 2211]], '보봇 청', 0.011591976965030079), ([[216, 2778], [404, 2778], [404, 2853], [216, 2853]], '차"끼(', 0.0023371304851025343)]
[([[1669, 609], [1730, 609], [1730, 747], [1669, 747]], "4'", 0.09517292724633206), ([[1762, 604], [1901, 604], [1901, 863], [1762, 863]], '얇', 0.023445947710317938), ([[1649, 851], [1914, 851], [1914, 1189], [1649, 1189]], ';;', 0.0165446258343906), ([[796, 2038], [1279, 2038], [1279, 2209], [796, 2209]], '모봇 청', 0.02954064135095457), ([[214, 2777], [410, 2777], [410, 2853], [214, 2853]], '5"끼(', 0.00175559613853693)]
[([[1669, 611], [1730, 611], [1730, 747], [1669, 747]], '"\'', 0.3224107897527236), ([[1772, 608], [1897, 608], [1897, 860], [1772, 860]], "'", 0.029234585544257508), ([[1666, 917], [1730, 917], [1730, 1067], [1666, 1067]], '듭', 0.021944483415702543), ([[1774, 860], [1902, 860], [1902, 1108], [1774, 1108]], '둘', 0.2628339925004184), ([[796, 2038], [1279, 2038], [1279, 2209], [796, 2209]], '모봇 청', 0.026490195056012092), ([[214, 2777], [408, 2777], [408, 2853], [214, 2853]], '5"끼(', 0.006976087111979723)]
[([[1669, 609], [1730, 609], [1730, 747], [1669, 747]], "4'", 0.1403124068881583), ([[1772, 608], [1897, 608], [1897, 858], [1772, 858]], '얇', 0.008841957614800278), ([[1649, 853], [1914, 853], [1914, 1151], [1649, 1151]], '탑틀', 0.00836995634211614), ([[796, 2038], [1279, 2038], [1279, 2209], [796, 2209]], '부봇 청', 0.031868550255619035), ([[214, 2777], [413, 2777], [413, 2855], [214, 2855]], '%디(', 0.001577385239374602)]
[([[1669, 611], [1730, 611], [1730, 747], [1669, 747]], '"\'', 0.21983462439947496), ([[1762, 604], [1901, 604], [1901, 863], [1762, 863]], '얇', 0.02247171784652857), ([[1666, 915], [1730, 915], [1730, 1071], [1666, 1071]], '독', 0.03610713978541846), ([[1774, 867], [1902, 867], [1902, 1108], [1774, 1108]], '틈', 0.15569533367461563), ([[796, 2038], [1279, 2038], [1279, 2209], [796, 2209]], '모봇 청', 0.02951577239482799), ([[214, 2778], [406, 2778], [406, 2853], [214, 2853]], '격"디(', 0.0006015262333676219)]
[([[1669, 611], [1730, 611], [1730, 747], [1669, 747]], '"\'', 0.23671504306770721), ([[1762, 605], [1901, 605], [1901, 863], [1762, 863]], '얇', 0.031097687143059938), ([[1650, 863], [1913, 863], [1913, 1119], [1650, 1119]], '@돌', 0.044806150398014326), ([[796, 2038], [1279, 2038], [1279, 2209], [796, 2209]], '부봇 청', 0.030084977461448992), ([[214, 2777], [411, 2777], [411, 2856], [214, 2856]], '타"디(', 0.0012680260697379708)]
[([[1669, 611], [1730, 611], [1730, 747], [1669, 747]], '"\'', 0.2312346008833913), ([[1772, 608], [1900, 608], [1900, 862], [1772, 862]], "'", 0.1463215657069874), ([[1666, 915], [1730, 915], [1730, 1073], [1666, 1073]], '독', 0.00734051349865622), ([[1774, 860], [1902, 860], [1902, 1108], [1774, 1108]], '둘', 0.24306816016143618), ([[799, 2043], [1277, 2043], [1277, 2206], [799, 2206]], '보 포', 0.12539592476137398), ([[214, 2777], [408, 2777], [408, 2853], [214, 2853]], '6"끼(', 0.0039308988489210606)]
[([[1566, 193], [1882, 193], [1882, 265], [1566, 265]], '단 깎는 순간 이걸', 0.3326115978704988), ([[1524, 256], [1924, 256], [1924, 322], [1524, 322]], '인터넷에 뿌려버길 건데', 0.8329497282308506), ([[494, 332], [576, 332], [576, 392], [494, 392]], '엇', 0.9608104878261692), ([[1592, 316], [1858, 316], [1858, 385], [1592, 385]], '그건 괜찮켓어?', 0.5373990922309196), ([[385, 502], [458, 502], [458, 557], [385, 557]], '으우', 0.994512769855839), ([[1630, 508], [1872, 508], [1872, 574], [1630, 574]], '이걸 보라고  ', 0.4673126204293818), ([[1511, 568], [1996, 568], [1996, 635], [1511, 635]], '모처럼 기름 밀림 보짓털인데', 0.48153031827620935), ([[1495, 629], [2012, 629], [2012, 695], [1495, 695]], '모두에게 보여주고 싶지 않아?', 0.5981427786177861), ([[1653, 885], [1909, 885], [1909, 1109], [1653, 1109]], ';돌', 0.07243511391770009), ([[358, 1107], [537, 1107], [537, 1160], [358, 1160]], '이 " 대로"', 0.49168755148650645), ([[1457, 1169], [1909, 1169], [1909, 1241], [1457, 1241]], '보지털이 다 빠져나올 테니', 0.7730945570147932), ([[1412, 1232], [1958, 1232], [1958, 1301], [1412, 1301]], '수영복올 입기가 많이 그렇잖아?', 0.6305803546389495), ([[493, 1294], [609, 1294], [609, 1347], [493, 1347]], '수  올', 0.9499231815653894), ([[1473, 1293], [1897, 1293], [1897, 1359], [1473, 1359]], '사양 말고 깎아도 된다고.', 0.6150279546140073), ([[455, 1346], [643, 1346], [643, 1401], [455, 1401]], '받켓:" 니다.', 0.4399697373041514), ([[1545, 1486], [1906, 1486], [1906, 1552], [1545, 1552]], '좀 더 기뻐하지 그래?', 0.9715092231374061), ([[797, 2040], [1279, 2040], [1279, 2208], [797, 2208]], '부축 포', 0.06009958434274709), ([[238, 2164], [362, 2164], [362, 2228], [238, 2228]], '이대로', 0.9998482412813698), ([[197, 2222], [441, 2222], [441, 2288], [197, 2288]], '수영 수업올 ', 0.37516159640201685), ([[226, 2411], [410, 2411], [410, 2475], [226, 2475]], '받게 해주 ', 0.5638498616799233), ([[429, 2411], [551, 2411], [551, 2473], [429, 2473]], '세요', 0.9999570104851716), ([[908, 2411], [1150, 2411], [1150, 2477], [908, 2477]], '어: 뭐라고?', 0.6682135861096027), ([[217, 2782], [410, 2782], [410, 2844], [217, 2844]], '서"`(', 0.0010615175124257803)]
[([[1669, 613], [1730, 613], [1730, 720], [1669, 720]], "6'", 0.04509304947446883), ([[1762, 604], [1901, 604], [1901, 863], [1762, 863]], '얇', 0.024346109332695542), ([[1649, 853], [1914, 853], [1914, 1120], [1649, 1120]], '탑:', 0.008703676442459831), ([[796, 2038], [1279, 2038], [1279, 2209], [796, 2209]], '모봇 청', 0.038230512689116036), ([[216, 2775], [413, 2775], [413, 2855], [216, 2855]], '깨냐끼(', 8.524225995643064e-05)]
[([[1669, 613], [1730, 613], [1730, 720], [1669, 720]], '터', 0.03994881718571741), ([[1772, 608], [1897, 608], [1897, 856], [1772, 856]], "'", 0.05540415541381827), ([[1651, 873], [1914, 873], [1914, 1115], [1651, 1115]], '도돌', 0.040270972294476244), ([[797, 2040], [1279, 2040], [1279, 2208], [797, 2208]], '부축 포', 0.056344729946824504), ([[220, 2782], [403, 2782], [403, 2844], [220, 2844]], '냐(`(', 0.0027954060055158116)]
[([[1669, 611], [1730, 611], [1730, 749], [1669, 749]], '"', 0.5364688698822562), ([[1762, 604], [1901, 604], [1901, 863], [1762, 863]], '꿀', 0.017762091177875305), ([[1666, 915], [1730, 915], [1730, 1076], [1666, 1076]], '독', 0.055914402888611825), ([[1774, 865], [1902, 865], [1902, 1180], [1774, 1180]], '틈', 0.12127204411498926), ([[799, 2043], [1277, 2043], [1277, 2206], [799, 2206]], '보부 포', 0.01856701317107844), ([[220, 2782], [407, 2782], [407, 2844], [220, 2844]], '괜`(', 0.0013796539148509038)]
[([[1669, 611], [1730, 611], [1730, 747], [1669, 747]], '"\'', 0.19660234227923323), ([[1761, 604], [1901, 604], [1901, 863], [1761, 863]], '얇', 0.01621711227827749), ([[1666, 917], [1730, 917], [1730, 1069], [1666, 1069]], '독', 0.17805252714083597), ([[1778, 865], [1900, 865], [1900, 1108], [1778, 1108]], '틈', 0.58967753497258), ([[796, 2038], [1279, 2038], [1279, 2209], [796, 2209]], '모봇 청', 0.04821253767574372), ([[220, 2782], [374, 2782], [374, 2844], [220, 2844]], '괜(소(', 0.0017807845724746585)]
[([[1669, 611], [1730, 611], [1730, 720], [1669, 720]], "6'", 0.07751015103934865), ([[1762, 604], [1901, 604], [1901, 863], [1762, 863]], '얇', 0.026416641899928095), ([[1666, 915], [1730, 915], [1730, 1069], [1666, 1069]], '듭', 0.007195323881870552), ([[1774, 865], [1902, 865], [1902, 1108], [1774, 1108]], '틈', 0.33789633943971253), ([[796, 2038], [1279, 2038], [1279, 2209], [796, 2209]], '모봇 청', 0.03605220914891224), ([[220, 2782], [401, 2782], [401, 2844], [220, 2844]], '4(`(', 0.006015187129378319)]
[([[1669, 613], [1730, 613], [1730, 720], [1669, 720]], "터'", 0.04455257247549326), ([[1759, 602], [1905, 602], [1905, 867], [1759, 867]], '얇', 0.019550560124471872), ([[1649, 851], [1914, 851], [1914, 1201], [1649, 1201]], ';;', 0.10155189473200528), ([[796, 2038], [1279, 2038], [1279, 2209], [796, 2209]], '모치 청', 0.0229527392957029), ([[221, 2786], [370, 2786], [370, 2843], [221, 2843]], '괜(((', 0.022579120472073555)]
