2517560
47
[([[5, 253], [243, 253], [243, 315], [5, 315]], '@출교동0', 0.0038020658543238706), ([[3, 303], [423, 303], [423, 365], [3, 365]], '올품@운짓@@적', 0.00020512201995009045), ([[3, 354], [234, 354], [234, 393], [3, 393]], '@야한트레워여보', 0.009894039987562728), ([[109, 381], [459, 381], [459, 420], [109, 420]], '떼라켓오때금렉트레이명', 0.02418090035113086), ([[513.7214632442543, 179.00776430086694], [553.9306904406307, 188.38779505849345], [501.2785367557456, 421.99223569913306], [460.06930955936934, 412.61220494150655]], '@', 0.0716866924791617)]
[([[898, 176], [1108, 176], [1108, 232], [898, 232]], '아소빗', 0.0090812231059233), ([[1109, 155], [1577, 155], [1577, 245], [1109, 245]], '모완완-해봉랜효', 9.103168993494295e-05), ([[1075, 234], [1559, 234], [1559, 303], [1075, 303]], '정말 소-0 탤런즈@력초0', 0.000938623551923318), ([[1251, 346], [1558, 346], [1558, 418], [1251, 418]], '[-아손오움-', 0.00044496957827641094), ([[1107, 461], [1577, 461], [1577, 529], [1107, 529]], "'말기@해물전자탤째교짧", 5.4467381573012694e-05), ([[1250, 518], [1572, 518], [1572, 598], [1250, 598]], '텅콩 @요요0', 0.016851979456484183), ([[55, 699], [481, 699], [481, 767], [55, 767]], '업질-달로롭어@]린', 0.0005445616917029092), ([[55, 757], [443, 757], [443, 825], [55, 825]], '졸발@롭여미 지뇨다', 8.38537722723726e-05), ([[52, 871], [194, 871], [194, 940], [52, 940]], '정글로', 0.02591321581339032), ([[212, 868], [634, 868], [634, 940], [212, 940]], '-정세록올함때또즈요@밥 ', 0.00014467262354550368), ([[53, 927], [571, 927], [571, 995], [53, 995]], '@젯플안랜야발음결언 훌록0 ', 2.3298627429933027e-05), ([[68, 1040], [267, 1040], [267, 1109], [68, 1109]], '떼원운-}', 0.005723939593943975)]
[([[1371, 555], [1590, 555], [1590, 629], [1371, 629]], '그웨햄때늄', 0.001057834039825653), ([[959, 613], [1592, 613], [1592, 688], [959, 688]], '확 실하젠 발기하밥 필질음움다-@@자', 0.0009377884833142298), ([[49, 731], [493, 731], [493, 799], [49, 799]], '센문패-집물--들어젠', 9.798749825101036e-05), ([[938, 728], [1590, 728], [1590, 800], [938, 800]], '@물따밥닷금에 익술해}제@늘-문요0', 0.00012747841896708462), ([[48, 786], [672, 786], [672, 860], [48, 860]], '[발기해음등@괴#문이 2흉해진판적', 0.00017075389426349523), ([[47, 901], [417, 901], [417, 969], [47, 969]], '{볕맣말트최교이양다', 6.204706427940043e-05), ([[66, 1070], [370, 1070], [370, 1142], [66, 1142]], '진노뱃장활페판늄', 0.0003955876354054363)]
[([[40, 226], [546, 226], [546, 300], [40, 300]], '"@위물중어되관렉즈양물록', 0.00044894425667952936), ([[41, 281], [295, 281], [295, 349], [41, 349]], '힘제청력유요', 0.0030281471033824173), ([[1167, 367], [1535, 367], [1535, 433], [1167, 433]], '냉뚱 어필내어되얇다', 0.004710604095032285), ([[54, 394], [434, 394], [434, 466], [54, 466]], '@음나롭플하#', 0.000695637003583533), ([[1158, 474], [1568, 474], [1568, 550], [1158, 550]], '러스@출물 출히록듯0', 0.0006703222873732867), ([[1080, 534], [1536, 534], [1536, 606], [1080, 606]], '원전품롭철분렉핸번질_입', 0.0005018882993098743)]
[([[2, 283], [635, 283], [635, 371], [2, 371]], '@월 @:@@--물-}되[` ', 9.131653103438574e-05), ([[1116, 336], [1560, 336], [1560, 410], [1116, 410]], '도최즈합}/출컵_하올키', 0.00016707942367584602), ([[1105, 397], [1538, 397], [1538, 465], [1105, 465]], '패능랜현-애 넷요화0', 0.00016325457321474115), ([[1252, 510], [1516, 510], [1516, 590], [1252, 590]], '콤@짝@되0', 0.0012431624250868795), ([[389, 1047], [409, 1047], [409, 1079], [389, 1079]], '(', 0.548831656249277), ([[393, 1089], [411, 1089], [411, 1113], [393, 1113]], '0', 0.9999207273935475)]
[([[2, 91], [707, 91], [707, 177], [2, 177]], '[키히령 고}[히물-유@@@@@- ', 0.00014488784511604326), ([[1377, 329], [1533, 329], [1533, 395], [1377, 395]], '류콤최(', 0.000629166723228991), ([[1028, 382], [1566, 382], [1566, 454], [1028, 454]], '@직국질원로러운렉문이린#압)', 0.0014882040842944912), ([[1169, 509], [1561, 509], [1561, 597], [1169, 597]], '함찍합짝함적함훨0', 0.0004932020634698046), ([[389, 1047], [409, 1047], [409, 1079], [389, 1079]], '(', 0.7023804656573738), ([[395, 1091], [411, 1091], [411, 1113], [395, 1113]], '0', 0.9999519592333037)]
[([[275, 135], [465, 135], [465, 219], [275, 219]], '젓올 @', 0.037584630343800135), ([[123, 284], [393, 284], [393, 376], [123, 376]], '주입율% {', 0.0032475239260800117), ([[1015, 761], [1545, 761], [1545, 827], [1015, 827]], '@럽-껍집울뒷스트기-록햄없요', 0.0007716942388368045), ([[879, 875], [1555, 875], [1555, 943], [879, 943]], '따양소령없에0 필질쓸에스름록어에0 ', 0.0002739850399570276)]
[([[48, 138], [721, 138], [721, 225], [48, 225]], '때@---가아-`---가`-!`` ', 1.2496272234782245e-06), ([[1333, 677], [1555, 677], [1555, 743], [1333, 743]], '도소램의노', 0.0021972300710006386), ([[1131, 729], [1556, 729], [1556, 804], [1131, 804]], '품문@주램울어탤-지둥이', 0.0002737927578161161), ([[1181, 791], [1490, 791], [1490, 859], [1181, 859]], '@름움집일베웨외외하`', 0.0005010631098134494), ([[1019, 921], [1513, 921], [1513, 1007], [1019, 1007]], '흰씬이가3가와규]일}', 4.326646548427569e-05)]
[([[48, 138], [721, 138], [721, 225], [48, 225]], '때@---가아-`---}`-청`껍 ', 1.2171145529571096e-06), ([[1333, 677], [1555, 677], [1555, 743], [1333, 743]], '도소램의노', 0.004295153690329122), ([[1134, 729], [1556, 729], [1556, 804], [1134, 804]], '스롭데주되울어튼답지둥이', 0.0004916801803574805), ([[1183, 793], [1490, 793], [1490, 859], [1183, 859]], '어름움적일게요입:(', 0.014767214209124134), ([[1018, 921], [1513, 921], [1513, 1007], [1018, 1007]], '콤씬이이이이간3""#@일}', 2.1683265659316684e-05)]
[([[251, 197], [269, 197], [269, 225], [251, 225]], '(', 0.2153001637698262), ([[29, 293], [163, 293], [163, 353], [29, 353]], '@이용', 0.0828004516040839), ([[197, 291], [429, 291], [429, 359], [197, 359]], '올각햇실즈탕', 0.00030399327460509573), ([[28, 343], [662, 343], [662, 416], [28, 416]], '그기렉질릿@이언고뇨이 (/3--', 7.72900356368085e-05), ([[26, 460], [351, 460], [351, 529], [26, 529]], '@@@퍼-화)핑', 0.001373770687530103), ([[495, 477], [589, 477], [589, 545], [495, 545]], '0', 0.008240504722565822), ([[1327, 719], [1439, 719], [1439, 803], [1327, 803]], '손율', 0.09150384287959047), ([[1460, 746], [1506, 746], [1506, 772], [1460, 772]], '교물)', 0.10548223988250317), ([[862, 856], [1538, 856], [1538, 928], [862, 928]], '때로에0껍집없웨훨치에완성이에요요다', 0.0016071216568853994)]
[([[387, 245], [401, 245], [401, 267], [387, 267]], '1', 0.6496106251943843), ([[51, 271], [378, 271], [378, 343], [51, 343]], '@@노훨주}움버말', 1.748802032178485e-05), ([[892, 633], [1552, 633], [1552, 712], [892, 712]], '_라램} 이뒷국-벽하페젓어락트증씬좌(', 1.5742866405680374e-05), ([[1249, 753], [1581, 753], [1581, 821], [1249, 821]], '콤매< 로0', 0.0005349467886024346), ([[389, 1047], [409, 1047], [409, 1079], [389, 1079]], '(', 0.5298427029537756), ([[395, 1091], [411, 1091], [411, 1113], [395, 1113]], '0', 0.9999274028602976)]
[([[606, 302], [1054, 302], [1054, 378], [606, 378]], '@비품화껏현롭렉우@꿀', 0.003092898564679245), ([[677, 361], [985, 361], [985, 429], [677, 429]], '어넘따트질집름럽', 0.0021200136466874185), ([[662, 472], [986, 472], [986, 544], [662, 544]], '@월 히럿} 운경}', 0.0034213905312550632), ([[469, 526], [1192, 526], [1192, 607], [469, 607]], '어사둘퇴중캠-전@래정토안)원찮-활생 ', 0.0002916156444387824), ([[643, 643], [1023, 643], [1023, 729], [643, 729]], '[ @이자하로원}', 0.007182918594962965), ([[682, 770], [978, 770], [978, 842], [682, 842]], '@로똑입야-문렉', 0.001200120307776303), ([[644, 828], [1016, 828], [1016, 900], [644, 900]], '@런동예안외진해다-', 0.0013583641058378705)]
[([[9, 158], [311, 158], [311, 251], [9, 251]], '떼@`@@-밟료', 0.00046105579234513816), ([[17, 237], [643, 237], [643, 323], [17, 323]], '긴@봉롭{ &이동텔@하 때', 2.6504665658337945e-05), ([[1139, 499], [1559, 499], [1559, 585], [1139, 585]], '콤름적@플주플주0', 0.0005104101137080923), ([[1371, 635], [1531, 635], [1531, 701], [1371, 701]], '명장안하(', 0.003220226242659871), ([[1023, 688], [1560, 688], [1560, 762], [1023, 762]], '@어내3옮어내물 이렇꽤 표이', 0.0018057529049028546), ([[389, 1047], [409, 1047], [409, 1079], [389, 1079]], '(', 0.5192584456837643), ([[395, 1091], [411, 1091], [411, 1113], [395, 1113]], '0', 0.9999434955949624)]
[([[134, 258], [218, 258], [218, 336], [134, 336]], '@', 0.21787261299687088), ([[1268, 638], [1549, 638], [1549, 726], [1268, 726]], '[페터 기-', 0.007841991901463247), ([[1032, 791], [1176, 791], [1176, 876], [1032, 876]], '물-(', 0.23933958283897586), ([[1207, 791], [1317, 791], [1317, 876], [1207, 876]], '물', 0.28878243193745234), ([[1388, 794], [1490, 794], [1490, 874], [1388, 874]], '#', 0.0212421723659304)]
[([[115, 355], [373, 355], [373, 421], [115, 421]], '@필@젯요외', 0.007418665483215823), ([[1189, 546], [1540, 546], [1540, 613], [1189, 613]], '@아뇨 @5 @@맺', 0.03317890245348953), ([[1285, 663], [1345, 663], [1345, 705], [1285, 705]], '[라(', 0.000942086040276351), ([[1381, 661], [1551, 661], [1551, 723], [1381, 723]], '렌짜50', 0.0007316184928640723), ([[1028, 712], [1556, 712], [1556, 786], [1028, 786]], '@로쩐히넷제못하프요집이양?', 0.00037693044854017146), ([[389, 1047], [409, 1047], [409, 1079], [389, 1079]], '(', 0.4194090684049776), ([[393, 1089], [411, 1089], [411, 1113], [393, 1113]], '0', 0.9999377737189121), ([[1065.9815420665361, 538.074486052446], [1193.706235595122, 557.993409821932], [1181.0184579334639, 619.925513947554], [1053.293764404878, 600.006590178068]], '[하아뇨', 0.16396959125995636)]
[([[385, 243], [401, 243], [401, 267], [385, 267]], '0', 0.5491527246712771), ([[395, 315], [415, 315], [415, 347], [395, 347]], '(', 0.5020028640970509), ([[389, 1047], [409, 1047], [409, 1079], [389, 1079]], '0', 0.3687519532673491), ([[395, 1091], [411, 1091], [411, 1113], [395, 1113]], '0', 0.9999672177140475), ([[363.78842789081295, 136.01122217364178], [384.1970562900257, 133.00973147074038], [400.21157210918705, 233.98877782635822], [380.8029437099743, 237.99026852925962]], '0', 0.028058348030329805)]
[]
[([[979, 181], [1558, 181], [1558, 255], [979, 255]], '@랜롭픽적당트웨어뤄에블어롭계입', 0.00015759443280897382), ([[886, 292], [1589, 292], [1589, 372], [886, 372]], '떠외줍완-집어문 "달절로)예정어물@', 8.943071246104466e-05), ([[28, 624], [602, 624], [602, 698], [28, 698]], '@/_때물플런샌@/줌하', 0.00011845699760156453), ([[27, 683], [297, 683], [297, 751], [27, 751]], '@문찮이줌요', 0.002926100567622306), ([[24, 796], [651, 796], [651, 865], [24, 865]], '@#전매} @발주: 돕문득흉싶올-', 8.712965132989183e-05)]
[([[1189, 160], [1553, 160], [1553, 229], [1189, 229]], '때3도} @립붐분요외다', 0.00012513910039361835), ([[883, 270], [1580, 270], [1580, 345], [883, 345]], '@{중예따터현문되록국성장안즈안있밥', 1.7637534705590884e-05), ([[828, 329], [1553, 329], [1553, 402], [828, 402]], '{량때중숙국@인전습결요 @젠률 -이에외', 0.000298822609916568), ([[9, 733], [187, 733], [187, 799], [9, 799]], '젯따--', 0.0006787573802284896), ([[9, 786], [716, 786], [716, 859], [9, 859]], '{정활되@매@템미롭랜터플세@술해고탕', 3.626360951370483e-05), ([[11, 845], [685, 845], [685, 913], [11, 913]], '즈만립옮랑등출이터 현중3있무훨안', 9.477244685341017e-06), ([[6, 958], [506, 958], [506, 1027], [6, 1027]], '말}뜨현 사 @ @둠_범편관', 5.859514331589498e-05)]
[([[23, 378], [542, 378], [542, 450], [23, 450]], '[아하@0뇨 콤문등트립질판]', 0.0007190708693520727), ([[1348, 549], [1475, 549], [1475, 622], [1348, 622]], '때_', 0.13120749509485488), ([[1466, 572], [1520, 572], [1520, 598], [1466, 598]], '=', 0.7510281654582265), ([[998, 607], [1538, 607], [1538, 680], [998, 680]], "'트럽용킬운록트렉이붉트넷고외", 8.161046979973599e-05), ([[1275, 724], [1559, 724], [1559, 790], [1275, 790]], '@발국들줌해', 0.000397843296816925), ([[940, 778], [1540, 778], [1540, 850], [940, 850]], '@폭체화소소- @물어트립키키요', 0.00042877674126646007)]
[([[988, 181], [1511, 181], [1511, 271], [988, 271]], ' 패사 0 [폭플주---', 8.819034837171991e-05), ([[60, 308], [442, 308], [442, 380], [60, 380]], '@-숙화되이에입이@', 0.0002739952561222757), ([[1200, 315], [1330, 315], [1330, 383], [1200, 383]], '@햇 {', 0.05092645175100004), ([[1355, 319], [1547, 319], [1547, 385], [1355, 385]], '&질해렉 0', 0.0037457522843857066), ([[57, 423], [465, 423], [465, 491], [57, 491]], '@운운운운  @요하이-', 0.003698110203430111), ([[1204, 428], [1552, 428], [1552, 500], [1204, 500]], '램질질언프볶-관', 0.0005912154137524563), ([[1174, 485], [1575, 485], [1575, 558], [1174, 558]], '돕림"움찢램이심어 _', 0.0003884580082697867)]
[([[923, 331], [1052, 331], [1052, 396], [923, 396]], '@무램', 0.015271902306043425), ([[1083, 329], [1590, 329], [1590, 403], [1083, 403]], '손울어리]-늄물이터', 0.003046843956223855), ([[153, 479], [491, 479], [491, 545], [153, 545]], '콤달슬붐외러 ', 8.678486840556778e-05), ([[758.0129971978583, 815.2506890716477], [862.0292913256759, 799.7418970997013], [868.9870028021417, 869.7493109283523], [763.9707086743241, 885.2581029002987]], '!', 0.7679392573960655)]
[([[904, 218], [1574, 218], [1574, 290], [904, 290]], '깥령하물러0예표@@_쪽@화책', 9.137075777499087e-06), ([[1366, 333], [1575, 333], [1575, 405], [1366, 405]], '때-핸탕', 0.000544761773198843), ([[951, 445], [1574, 445], [1574, 533], [951, 533]], '[문문정따트 호쪽외', 0.0007219005241022831), ([[22, 761], [654, 761], [654, 834], [22, 834]], '&품@늘안문물터험늄플탑픽인젠웬 ', 3.7055780880869715e-06), ([[21, 821], [773, 821], [773, 907], [21, 907]], '@옆립 예둡-컨회롭내매문등드플내판@', 3.204994468096909e-06), ([[38, 952], [430, 952], [430, 1024], [38, 1024]], '@조콤발등플플--때}', 3.9734981543408905e-05)]
[([[104, 254], [427, 254], [427, 345], [104, 345]], '@@원앗 받', 0.0013588668632871159), ([[1267, 372], [1395, 372], [1395, 435], [1267, 435]], '@|입', 0.05873292804918408), ([[116, 410], [340, 410], [340, 490], [116, 490]], '은필움껍', 0.015191501937806606), ([[1224, 486], [1452, 486], [1452, 566], [1224, 566]], '업안움 :(', 0.003600676353760482), ([[611.170867717451, 1042.6221280326863], [630.6243229333945, 1025.0656822130454], [661.829132282549, 1060.3778719673137], [642.3756770666055, 1077.9343177869546]], '8', 0.24501069534437736)]
[([[42, 190], [347, 190], [347, 278], [42, 278]], '떼@@`', 0.0033534832764416933), ([[49, 267], [897, 267], [897, 355], [49, 355]], '@하@에문렉콩" 입히쥐 -이흉임하@_', 3.54814853546993e-05), ([[1243, 393], [1548, 393], [1548, 459], [1243, 459]], '돌립내적함고오뇨다', 9.949815473135955e-05), ([[993, 449], [1583, 449], [1583, 517], [993, 517]], '전움-계용동운동편-롭요 ', 0.00021985924519340555), ([[614.8038216657567, 1036.2487898312404], [637.599880035988, 1023.0605878236588], [659.1961783342433, 1064.7512101687596], [636.400119964012, 1077.9394121763412]], '8', 0.9955694982014087)]
[([[1041, 303], [1203, 303], [1203, 369], [1041, 369]], '때륭다', 0.007654013682172787), ([[1231, 297], [1575, 297], [1575, 370], [1231, 370]], '@소``5"55내0@', 7.131718476121652e-05), ([[1183, 415], [1539, 415], [1539, 503], [1183, 503]], '$ 워워워워워중', 0.007177852787746277), ([[26, 606], [108, 606], [108, 678], [26, 678]], '@', 0.25665862029658015), ([[130, 608], [340, 608], [340, 680], [130, 680]], '걸@외요@', 0.0029255625729430537), ([[423, 613], [589, 613], [589, 682], [423, 682]], '오입@', 0.021026994364846625)]
[([[39, 293], [673, 293], [673, 381], [39, 381]], '@@ @@-)갑--`위-`', 3.7469290905607617e-05), ([[1023, 457], [1195, 457], [1195, 525], [1023, 525]], '또 외', 0.06552956253290176), ([[1319, 455], [1539, 455], [1539, 539], [1319, 539]], '외외외외움다', 0.02317632641254894), ([[619, 1033], [657, 1033], [657, 1075], [619, 1075]], '멋', 0.026459614448274493)]
[([[1035, 413], [1510, 413], [1510, 511], [1035, 511]], '[문5151115331111 움', 0.0007177781397624285), ([[1176, 566], [1532, 566], [1532, 662], [1176, 662]], '품 워워워워%원', 0.005295556385822954), ([[8, 814], [338, 814], [338, 894], [8, 894]], '@@@-용3문립}', 0.0005467933220549739), ([[19, 951], [629, 951], [629, 1037], [19, 1037]], '[텔?훨렉에외_금랜패-@', 0.00010941121793418669), ([[17, 1089], [371, 1089], [371, 1176], [17, 1176]], '[늘 @입부패', 0.0017829371709751527)]
[([[44, 214], [325, 214], [325, 300], [44, 300]], '@@@응 @-', 0.0971785541973913), ([[192, 396], [240, 396], [240, 422], [192, 422]], '0)', 0.15090171718116518), ([[236, 366], [541, 366], [541, 455], [236, 455]], '@@-`', 0.009988254867494106), ([[1187, 349], [1332, 349], [1332, 433], [1187, 433]], '물 다', 0.03725296579911311), ([[1382, 350], [1522, 350], [1522, 430], [1382, 430]], '뱀륙 }', 0.012041042558848858), ([[1084, 426], [1268, 426], [1268, 506], [1084, 506]], '문소옳드', 0.018545232713222504), ([[1313, 425], [1526, 425], [1526, 506], [1313, 506]], '틈옳드', 0.02989800404448967), ([[51.883687388697126, 362.069499109577], [205.5770776900327, 384.27351172767175], [191.11631261130287, 459.930500890423], [37.42292230996732, 437.72648827232825]], '@@응', 0.16105806003946496)]
[([[1120, 320], [1310, 320], [1310, 400], [1120, 400]], '물듭', 0.11959230970141412), ([[1357, 315], [1550, 315], [1550, 401], [1357, 401]], '톤', 0.3742531665606954), ([[1158, 470], [1310, 470], [1310, 548], [1158, 548]], '@흉 3(', 0.021704516432580444), ([[1360, 472], [1532, 472], [1532, 552], [1360, 552]], '살육 "(', 0.00020541543872268966), ([[62, 689], [415, 689], [415, 764], [62, 764]], '@내쪽어_퍼 @', 0.0004332418417951843)]
[([[1103, 205], [1281, 205], [1281, 289], [1103, 289]], '품 원요', 0.2905083611437361), ([[28, 814], [600, 814], [600, 899], [28, 899]], '@록안 [@ 냉}훨즈렉움 숙', 8.921935344514105e-05)]
[([[1325, 148], [1474, 148], [1474, 233], [1325, 233]], '@히다', 0.0028617286551477312), ([[37, 209], [362, 209], [362, 283], [37, 283]], '[아노화내--이현', 1.9529219863854156e-05), ([[1263, 299], [1483, 299], [1483, 385], [1263, 385]], '헌/ 목0', 0.0037424637782778577)]
[([[959, 175], [1584, 175], [1584, 247], [959, 247]], '@품옛-0 떠정말 소로0 [중-) 5)', 0.0007797596566834319), ([[827, 286], [1582, 286], [1582, 361], [827, 361]], '이직펴움-웬하되밥뀌에양훨운동@해중데요@', 6.442578254598799e-05), ([[1235, 351], [1549, 351], [1549, 415], [1235, 415]], '예안되집이`숙떠', 0.00023258959766781444), ([[31, 745], [397, 745], [397, 813], [31, 813]], '@젠@고@늘완정해잡', 0.0019857329541594507), ([[29, 802], [567, 802], [567, 871], [29, 871]], '용1운용터켓록흘렉에@따-체', 9.493201673863478e-05), ([[30, 858], [516, 858], [516, 930], [30, 930]], '@질해@문&에어올흰말하외', 5.9729365442275e-05), ([[26, 1028], [702, 1028], [702, 1100], [26, 1100]], '[하_끗@0뇨 답&싶다} 줄어없련인-트', 5.9950621780347384e-05), ([[759.0129971978583, 814.2506890716477], [862.1692251595243, 800.9068024845787], [866.9870028021417, 868.7493109283523], [763.8307748404757, 882.0931975154213]], '약!', 0.013711047256302055)]
[([[504, 274], [1098, 274], [1098, 346], [504, 346]], '떠끼랜- 내문 터문질없이터입없이%', 0.00019432324515676294), ([[472, 388], [1128, 388], [1128, 460], [472, 460]], '이!때륙에-움생렌 영원하되여잡-계물', 0.0007686609633198868), ([[558, 444], [1042, 444], [1042, 516], [558, 516]], '얼마전에 일찌감체되여버습지뇨', 0.0011651736873103246), ([[672, 558], [929, 558], [929, 632], [672, 632]], '/야그령체', 0.005574278637499056), ([[604, 670], [998, 670], [998, 746], [604, 746]], '된장중요현뱃웬스블', 0.0008326833270107023), ([[504, 782], [1096, 782], [1096, 858], [504, 858]], '떼라움-쾌사하휴 매필손당사컷만@로', 0.00010535998678223326), ([[606, 845], [995, 845], [995, 913], [606, 913]], '뜯바로가버리늄여적에세', 0.0412408066806521), ([[565, 901], [1033, 901], [1033, 969], [565, 969]], '깨지않눈어자가 어)있올-}', 0.016173250297741727)]
[([[22, 128], [678, 128], [678, 200], [22, 200]], '@안럽스오지용력운동붐렉터숙언되(', 4.120789020249522e-05), ([[697, 159], [715, 159], [715, 187], [697, 187]], ']', 0.5587031458955813), ([[21, 237], [767, 237], [767, 323], [21, 323]], '@"문퓨뻐플기@뇨 {문많움씨움 ', 2.5669210723405414e-05), ([[904, 276], [1586, 276], [1586, 356], [904, 356]], "'[그렇기@앗합 스리하퍼예장스실트뷰입0", 0.00013133346889386948), ([[1132, 400], [1588, 400], [1588, 472], [1132, 472]], '팬물어움함렉-원현터교', 0.0001932783103272959), ([[1034, 453], [1587, 453], [1587, 531], [1034, 531]], '함께소플발출움록요로@심해한국', 0.00044313293080347455)]
[([[620, 1034], [652, 1034], [652, 1070], [620, 1070]], '4', 0.5124148477439441)]
[([[1012, 42], [1552, 42], [1552, 114], [1012, 114]], '따맙후용하이내 점정예객렉스만', 0.0011286487242204146), ([[853, 99], [1551, 99], [1551, 167], [853, 167]], '콤콤증제름렉_늄이렉제못햇되다중현에늄', 0.0001785021829605188), ([[858, 153], [1552, 153], [1552, 229], [858, 229]], '마침내한계률 맞이막 _이닐음종로가탤스', 0.0006262581426955344), ([[668, 268], [1554, 268], [1554, 342], [668, 342]], '그렇균 예깨트테이핑끝럽데서분방금증 깥음-로 터문이', 0.00032447097240292683), ([[913, 327], [1551, 327], [1551, 395], [913, 395]], '최류피정의 하로그램의로쎄진행되밥있%', 0.0035682793096211067), ([[984, 437], [1554, 437], [1554, 512], [984, 512]], '통훨렉에외분트이블운평스움', 0.002076232097122189), ([[856, 494], [1553, 494], [1553, 568], [856, 568]], '@이내주소 그중에늄여고생- 다양하지만', 0.015769053488976458), ([[1247, 552], [1552, 552], [1552, 621], [1247, 621]], '용통수되음전원 ', 0.021849790113925988), ([[759, 664], [1555, 664], [1555, 742], [759, 742]], '떼라치오훌좋이하필 상당햄 테늄전이라분없이다"', 0.0007505878471324475), ([[63, 759], [297, 759], [297, 825], [63, 825]], '그렇기때문에', 0.28030107753838024), ([[62, 870], [936, 870], [936, 944], [62, 944]], '예문마 때3어뜻 보-평범합 눈필@로 워에안 웬이지만', 0.0001429838920258878), ([[65, 929], [843, 929], [843, 997], [65, 997]], '트비중입 기움마켓고여빼운같이현되핸염', 0.0002002733428248772), ([[70, 1040], [802, 1040], [802, 1116], [70, 1116]], '`씬되@레 얼굴하 입슬음예퀴햄 예륙마때트', 0.00011776651901734353), ([[63, 1098], [727, 1098], [727, 1167], [63, 1167]], '여움잠-명 때리칭속눈내에체 다가왕다', 0.0011622732696137622)]
[([[1026, 326], [1564, 326], [1564, 406], [1026, 406]], '@_@랜되트%', 0.0019105823384913667), ([[1284, 444], [1564, 444], [1564, 518], [1284, 518]], '팬플물표 ', 0.0016626369518122658), ([[782, 500], [1564, 500], [1564, 574], [782, 574]], '전함롭립-행하고@3-로미램트@일리입트 ', 7.227123697926634e-05), ([[1297, 558], [1546, 558], [1546, 631], [1297, 631]], '어뱃플@', 0.00931274052709341), ([[62, 806], [540, 806], [540, 882], [62, 882]], '소취전 치음어률연발해편써', 0.001003243095726998), ([[64, 866], [888, 866], [888, 940], [64, 940]], '정신없이필정기률물들어제요없훨즈이터짓말싶럽', 0.00036847040733168257), ([[64, 980], [540, 980], [540, 1054], [64, 1054]], '건지품@물렉만교에트어파', 0.0036277029203424893), ([[63, 1037], [655, 1037], [655, 1110], [63, 1110]], '된출라 미고름뒷둥예롭매)녕 @%', 0.0002283217489889882)]
[([[1080, 212], [1554, 212], [1554, 284], [1080, 284]], '된학물중분렉 딱딱안없롭어제', 0.0012324777788960061), ([[934, 267], [1556, 267], [1556, 340], [934, 340]], '촬율습 없된@블움입야채 못하물록', 0.0003103713928664183), ([[1246, 382], [1554, 382], [1554, 454], [1246, 454]], '생인로잡마렉편', 0.001510019150835835), ([[1070, 438], [1556, 438], [1556, 512], [1070, 512]], '떼사}량럽껍입-희망울전쾌%', 0.0013048698195930334), ([[93, 713], [557, 713], [557, 781], [93, 781]], '매달로마버리봉미표되롭렉뇨', 0.0007064652641787257), ([[92, 824], [538, 824], [538, 898], [92, 898]], '솜질해해신음전예 언없지만', 0.007817893045681907), ([[94, 938], [562, 938], [562, 1010], [94, 1010]], '@문어떻세문이것움등픽하하', 0.0008400344016191551), ([[98, 996], [726, 996], [726, 1068], [98, 1068]], '@/한번릭와 국만내괴 싶어데갇이@', 6.791200276387792e-05)]
[([[860, 78], [1538, 78], [1538, 156], [860, 156]], '[플적이훨이끝@렉찌블렬이로렉해탕', 3.760555684844091e-05), ([[798, 194], [1528, 194], [1528, 266], [798, 266]], '문준론_례"지종퇴롭에되입절뒷출합}스름@롬', 4.759109829000525e-06), ([[838, 251], [1532, 251], [1532, 323], [838, 323]], '@간#당음-족해뻐예륙탕-하퇴어탕', 1.7060645835039374e-05), ([[1050, 364], [1536, 364], [1536, 436], [1050, 436]], '@제트렉장태-플렉쾌찮계-', 0.004068950846617247), ([[1134, 424], [1534, 424], [1534, 496], [1134, 496]], '[;생길훨자국브증문', 9.596075207084815e-05), ([[983, 475], [1538, 475], [1538, 554], [983, 554]], '@는따-발결음음히장하싶트워%', 0.0007872269840672843), ([[48, 541], [374, 541], [374, 613], [48, 613]], '이렇_말히품이유윗', 0.007873203122917635), ([[46, 596], [916, 596], [916, 675], [46, 675]], '@럿둘렉업움립_기트이해애지적되움늄이@관', 3.149816190969037e-05), ([[48, 653], [650, 653], [650, 731], [48, 731]], '스날음앞-로인품달--램답정하래웬해', 0.00029304651966294265), ([[49, 714], [460, 714], [460, 783], [49, 783]], '템스략행품이쾌때문이%', 0.0002875975240156214), ([[50, 826], [662, 826], [662, 898], [50, 898]], '@럽로장-어롭패때에젠이플어지멘세', 4.408967074243062e-05), ([[48, 883], [598, 883], [598, 957], [48, 957]], '된객핸 센강검체 되음렉활버_간%', 0.00012062756685359712), ([[46, 998], [524, 998], [524, 1070], [46, 1070]], '트/지만 @하페 언덩-예컨', 0.003095530757012556), ([[46, 1054], [492, 1054], [492, 1126], [46, 1126]], '예장사. 말 플이탤체터움', 0.0015333934025505184), ([[47, 1113], [471, 1113], [471, 1181], [47, 1181]], '혈액점- 음내자마지없%', 0.034011989419053215)]
[([[1071, 352], [1564, 352], [1564, 426], [1071, 426]], '떠` {랗{관렉@국 @', 0.0017209532757431396), ([[22, 480], [738, 480], [738, 554], [22, 554]], '메꾸@히즈@@발입-품이어령기--}', 4.0838539947068716e-05), ([[1009, 469], [1557, 469], [1557, 537], [1009, 537]], '느기릭스[지판이밥뱃고해장태뭐', 2.5486848647122885e-05), ([[1072, 526], [1564, 526], [1564, 598], [1072, 598]], '(출정질골뱃[지물컴언챔팬', 2.3342117883711755e-05)]
[([[1237, 315], [1523, 315], [1523, 383], [1237, 383]], '집탕순양', 0.000741266761906445), ([[1051, 421], [1473, 421], [1473, 509], [1051, 509]], '예넷밟 문 @똑다', 0.0011437385946205317), ([[1202, 498], [1488, 498], [1488, 570], [1202, 570]], '객-방이입', 0.00483778408252661), ([[66, 535], [510, 535], [510, 608], [66, 608]], '&퍼탈퍼주리진합-요', 4.430635576518299e-05), ([[70, 648], [758, 648], [758, 724], [70, 724]], '훌럭전말만밥동전움@염렉매&락[--', 5.453568356353886e-06), ([[70, 706], [534, 706], [534, 778], [70, 778]], '{때한때올음늄_완화피하', 9.489187165980301e-05)]
[([[498, 194], [1164, 194], [1164, 268], [498, 268]], '@_-유령령이에 @체-눈 들어올없이', 0.00010791019315456278), ([[572, 252], [1080, 252], [1080, 324], [572, 324]], "'운연해집종원편함에틀어가언데", 0.007544144536080067), ([[506, 308], [1160, 308], [1160, 382], [506, 382]], '@배최류요정피트사#럽-전국지여%', 0.00010517883569777803), ([[530, 422], [1134, 422], [1134, 494], [530, 494]], '쾌음에늄눈문사닥장공이라]생각하', 0.0001857131235358224), ([[646, 479], [1018, 479], [1018, 552], [646, 552]], '전혜신경페$자지만', 0.030401959101638395), ([[604, 594], [1057, 594], [1057, 663], [604, 663]], '쓰험심야 인터넷에 -릭해훨', 0.01348718465582189), ([[568, 650], [1098, 650], [1098, 722], [568, 722]], '@문래물증@_흉시웬로력깝 ', 0.00015702062783310176), ([[511, 761], [1152, 761], [1152, 836], [511, 836]], '(전만@정말로달꼼률등렉렉수 있-마`', 9.178239903859764e-05), ([[536, 878], [1128, 878], [1128, 950], [536, 950]], '아제노물렉하제룻하웬 언되내늄', 0.0003020461694482279), ([[424, 934], [1244, 934], [1244, 1006], [424, 1006]], '맡_야 훨 @료문료체험요실름버아보로합력이%', 0.00010682192532817878)]
[([[1143, 189], [1562, 189], [1562, 261], [1143, 261]], '@알발콤발물렉웬@', 0.0001225021723786106), ([[960, 244], [1558, 244], [1558, 316], [960, 316]], '{쇄@플롭뤄롭들어플이월', 0.00015094855311156271), ([[953, 304], [1563, 304], [1563, 373], [953, 373]], '샌고한밥@품 롭실_로런함애훨보', 1.4021905588149118e-05), ([[1182, 417], [1547, 417], [1547, 490], [1182, 490]], '돌잃이주@물@인)', 0.0003585935867675635), ([[1145, 529], [1562, 529], [1562, 604], [1145, 604]], '훌롭}말하페예륙렉때{', 7.11135208430872e-05), ([[848, 584], [1562, 584], [1562, 660], [848, 660]], '회원@터압 {명균중예싶성에계@름@완해다', 6.725968062330658e-05), ([[38, 810], [630, 810], [630, 884], [38, 884]], '이콤멘사따품록적애올전-만랗@써', 7.664468716808583e-05), ([[40, 868], [723, 868], [723, 940], [40, 940]], '/관-언사림부 얼굴올잠휘물렉움어찌해탕', 4.004231886345754e-05), ([[36, 924], [988, 924], [988, 1000], [36, 1000]], '된롭@@름권계적중폐성활-속바탕봉 페트보] _어%', 8.641097841651814e-06), ([[38, 1038], [694, 1038], [694, 1112], [38, 1112]], '@젯문트랜터보내 때간 경쓰언되싶음', 4.072768925137627e-05)]
[([[622, 110], [1062, 110], [1062, 184], [622, 184]], '[정말로 알걸이늄내--', 0.02697624926119342), ([[496, 226], [1184, 226], [1184, 298], [496, 298]], '미팅% 문앞의 남지문플이전록음패고하국', 0.00017877730886319316), ([[673, 285], [1009, 285], [1009, 351], [673, 351]], '팬계옛 입제양고%', 0.0028946320675404006), ([[454, 339], [1226, 339], [1226, 414], [454, 414]], '하젯마플립답되아빠  어쨌눈이젊이 돼통이주', 4.718165791455387e-05), ([[538, 452], [1142, 452], [1142, 524], [538, 524]], '콤폐이 에세블럽이 때합-세합 %용원', 0.005428295514798859), ([[672, 508], [1011, 508], [1011, 582], [672, 582]], '미회확인해~어고판', 0.010318191131771164), ([[417, 560], [1264, 560], [1264, 644], [417, 644]], '@물이봉 눈 앞어제 웬 약간인동인름#줌집국하되', 0.0003299286295180499), ([[620, 624], [1064, 624], [1064, 696], [620, 696]], '내문시전이하업치민 _없%', 0.0015057570607852214), ([[649, 739], [1033, 739], [1033, 807], [649, 807]], '짓0내{_롭콤에준채', 0.0014823764198809632), ([[466, 792], [1214, 792], [1214, 864], [466, 864]], '예륙따찌늄 남성관 야줌평범하베 때회큼내분더내', 0.0008092664940801508), ([[356, 850], [1325, 850], [1325, 922], [356, 922]], '협진하락록늄렉세 남성-[타움내에 얼굴울-@이뤄다#탕', 9.636791737766234e-05), ([[564, 963], [1116, 963], [1116, 1037], [564, 1037]], '텔뛰에터정트이붉사작되매`', 0.00010954554156029335), ([[667, 1019], [1016, 1019], [1016, 1095], [667, 1095]], '내콤플렉집움삼쓸벼', 0.0007120263987188881)]
[]
[([[80, 138], [600, 138], [600, 212], [80, 212]], '@플플로퀴입히표다 [중-때', 0.0010879083999950237), ([[60, 250], [560, 250], [560, 322], [60, 322]], '{현활되롭때준@중전권매해', 9.310149582215726e-06), ([[61, 310], [465, 310], [465, 379], [61, 379]], '민롭어현해@나요', 0.004844643529823451), ([[77, 420], [428, 420], [428, 494], [77, 494]], '떠심하물}', 0.00775599400639699), ([[1287, 487], [1579, 487], [1579, 555], [1287, 555]], '콤프레@세웨증램', 0.000542033340086035), ([[1193, 545], [1581, 545], [1581, 613], [1193, 613]], '[레이움고침없물기입', 0.00039625502943106054), ([[932, 657], [1578, 657], [1578, 732], [932, 732]], '@된험자 문음미경젠영인국맨찮야9', 0.000364772150390833), ([[1240, 767], [1579, 767], [1579, 844], [1240, 844]], '떼륙데뇨움존플혈량', 0.0001456645151318044)]
