2518895
16
[([[57, 571], [249, 571], [249, 635], [57, 635]], '스레는', 0.6509301662445068), ([[220, 632], [270, 632], [270, 698], [220, 698]], '틀', 0.9509320322192458), ([[15, 695], [289, 695], [289, 761], [15, 761]], '위해서라면', 0.9982322556234536), ([[85, 1663], [129, 1663], [129, 1677], [85, 1677]], '표^1', 0.08345546404115554), ([[72, 1670], [142, 1670], [142, 1718], [72, 1718]], '묘18', 0.058904687620375255), ([[75, 1713], [139, 1713], [139, 1725], [75, 1725]], '40신네 어감', 0.003666717068114991)]
[([[948, 188], [1016, 188], [1016, 244], [948, 244]], '아', 0.8442449129879606), ([[170, 198], [219, 198], [219, 339], [170, 339]], '불', 0.24470890915442656), ([[427, 809], [495, 809], [495, 871], [427, 871]], '아', 0.38901026870599154), ([[453, 859], [519, 859], [519, 923], [453, 923]], '0', 0.6065242575971297), ([[765, 1001], [843, 1001], [843, 1208], [765, 1208]], '8', 0.11958999502084922), ([[952, 1268], [1080, 1268], [1080, 1444], [952, 1444]], '준', 0.3053405711698929), ([[203, 1461], [271, 1461], [271, 1521], [203, 1521]], '하', 0.969766904938524), ([[203, 1521], [275, 1521], [275, 1581], [203, 1581]], '야', 0.8028112430490388), ([[923.5591213841768, 234.00810164960902], [1017.7645753631363, 250.4752828597286], [968.4408786158232, 529.991898350391], [874.2354246368637, 512.5247171402714]], '8', 0.21291155135827466), ([[92.44017498256629, 585.0120595955381], [186.9586503886151, 559.0353947444434], [258.5598250174337, 842.9879404044619], [164.0413496113849, 868.9646052555566]], '$', 0.02203305438621328), ([[844.667818080585, 1335.0138169670204], [873.3067859955389, 1330.0117820579937], [895.332181919415, 1462.9861830329796], [866.6932140044611, 1467.9882179420063]], '중', 0.0017899942022908122)]
[([[152, 344], [278, 344], [278, 394], [152, 394]], '결국', 0.9999920764016744), ([[108, 394], [326, 394], [326, 446], [108, 446]], '영상에 대해', 0.9431814987601788), ([[108, 442], [324, 442], [324, 498], [108, 498]], '알고 싶없올', 0.6682199715327083), ([[138, 492], [298, 492], [298, 548], [138, 548]], '뿐이지만', 0.9962548613548279), ([[142, 1478], [318, 1478], [318, 1532], [142, 1532]], '날이 저물', 0.9301360427537415), ([[166, 1532], [294, 1532], [294, 1582], [166, 1582]], '때까지', 0.9989460116767407), ([[150, 1580], [312, 1580], [312, 1632], [150, 1632]], '스미레와', 0.9833006262779236), ([[166, 1630], [294, 1630], [294, 1680], [166, 1680]], '함께: ', 0.23742819593547343)]
[([[1161, 427], [1197, 427], [1197, 445], [1161, 445]], '그33', 0.0676424651823553)]
[([[545, 1121], [637, 1121], [637, 1159], [545, 1159]], '뭐하늘', 0.10569987251157731), ([[163, 1537], [295, 1537], [295, 1581], [163, 1581]], '차회예정', 0.9900439977645874), ([[165, 1595], [563, 1595], [563, 1633], [165, 1633]], '카페에서 인터뷰클 하는 스미레', 0.5758847938436591), ([[165, 1625], [671, 1625], [671, 1665], [165, 1665]], '그곳에 다가가는 남성에게 덮쳐지논데:.', 0.5282217532577196), ([[911.5144372945836, 986.286093236459], [984.3681295027931, 979.8422920372732], [986.4855627054164, 1018.713906763541], [913.6318704972069, 1025.1577079627268]], '잠깐', 0.9998658070716666), ([[546.2111456180002, 1158.4222912360003], [643.6099241511347, 1149.2770816551401], [645.7888543819998, 1185.5777087639997], [548.3900758488653, 1194.7229183448599]], '짓이야', 0.793851487259764)]
[([[1037, 442], [1153, 442], [1153, 474], [1037, 474]], '수고햇어~', 0.5681775118076188), ([[906, 614], [982, 614], [982, 646], [906, 646]], '괜찮게', 0.7025605731165285), ([[908, 642], [982, 642], [982, 674], [908, 674]], '찍(어', 0.10271325352393482), ([[153, 1005], [217, 1005], [217, 1025], [153, 1025]], '그리고: .', 0.6669358436209591), ([[118, 1033], [245, 1033], [245, 1066], [118, 1066]], '첫 폐이지로', 0.7980204514065281), ([[134, 1064], [236, 1064], [236, 1096], [134, 1096]], '돌아간다', 0.9998178482055664), ([[104, 1446], [288, 1446], [288, 1502], [104, 1502]], '[몇하다', 0.08662243187427521), ([[568, 1458], [669, 1458], [669, 1497], [568, 1497]], '가추++~마', 0.00020188607966373416), ([[103, 1497], [533, 1497], [533, 1557], [103, 1557]], '쭉소주터 : 2022/03/21', 0.2891443531718073), ([[101, 1547], [507, 1547], [507, 1607], [101, 1607]], '국{주스 : ` 스이룩품', 0.04199141419034167), ([[799, 1475], [1182, 1475], [1182, 1662], [799, 1662]], '벼다 ', 0.019017035120972022), ([[104, 1602], [248, 1602], [248, 1656], [104, 1656]], '태익#주', 0.00010555022163316607), ([[280, 1602], [394, 1602], [394, 1652], [280, 1652]], '묘이_)', 0.0012144420761615038), ([[102, 1652], [706, 1652], [706, 1708], [102, 1708]], '3우움- : 9연,**|2@어옛5;도 |네마 "입스명', 4.955608516173954e-06), ([[289, 1690], [604, 1690], [604, 1741], [289, 1741]], '혀않++목*: @9애,*사|2', 0.00017156539802610607), ([[1132, 1748], [1160, 1748], [1160, 1776], [1132, 1776]], '12', 0.9999997471189183)]
[]
[([[624, 602], [876, 602], [876, 1131], [624, 1131]], '품', 0.1003140559153195)]
[]
[([[991, 309], [1076, 309], [1076, 340], [991, 340]], '스예문', 0.10729719698429108), ([[1038, 334], [1084, 334], [1084, 364], [1038, 364]], '미율', 0.05077470655143002), ([[976, 360], [1090, 360], [1090, 392], [976, 392]], '원동다다편', 0.008927504097950177), ([[182, 542], [274, 542], [274, 738], [182, 738]], '뻔', 0.003721279597408478), ([[933, 981], [991, 981], [991, 1017], [933, 1017]], '최근', 0.9998626040385861), ([[877, 1011], [1047, 1011], [1047, 1047], [877, 1047]], '-- 등지에서', 0.4381389140740485), ([[895, 1039], [1029, 1039], [1029, 1075], [895, 1075]], '흘러나오는', 0.9921465305503568), ([[891, 1067], [1031, 1067], [1031, 1103], [891, 1103]], '무녀 차림의', 0.88202145523916), ([[901, 1097], [1021, 1097], [1021, 1133], [901, 1133]], '에로 영상', 0.9844760236733571), ([[218, 1382], [334, 1382], [334, 1414], [218, 1414]], '이 신사의', 0.826512457270415), ([[225, 1409], [331, 1409], [331, 1445], [225, 1445]], '무녀넘이', 0.54966139793396), ([[202, 1438], [349, 1438], [349, 1476], [202, 1476]], '아날까 하고', 0.8396159587699673)]
[([[357, 239], [439, 239], [439, 275], [357, 275]], '영상에', 0.9966886451632966), ([[359, 267], [439, 267], [439, 303], [359, 303]], '보이던', 0.210335181217616), ([[357, 297], [441, 297], [441, 333], [357, 333]], '경내와', 0.9977583457331154), ([[342, 326], [454, 326], [454, 358], [342, 358]], '긴 머리의', 0.9932608363202922), ([[329, 355], [469, 355], [469, 391], [329, 391]], '금발 무녀님', 0.971071445443006), ([[198, 676], [276, 676], [276, 708], [198, 708]], '여기가', 0.9998809328080586), ([[196, 706], [276, 706], [276, 738], [196, 738]], '확실해', 0.9998085986958601), ([[341, 1201], [404, 1201], [404, 1238], [341, 1238]], '저기,', 0.9864937125620364), ([[309, 1231], [443, 1231], [443, 1267], [309, 1267]], '화주석으면', 0.3243109516717414), ([[328, 1264], [422, 1264], [422, 1296], [328, 1296]], '하는 게', 0.9594540259047258), ([[321, 1291], [429, 1291], [429, 1327], [321, 1327]], '있는데:', 0.4674808382987976), ([[234, 1516], [290, 1516], [290, 1548], [234, 1548]], '시간', 0.9999935093914989), ([[207, 1543], [315, 1543], [315, 1579], [207, 1579]], '괜찮으신', 0.6468744874000549), ([[224, 1574], [298, 1574], [298, 1604], [224, 1604]], '가요?', 0.9999849960527203)]
[([[160, 116], [208, 116], [208, 232], [160, 232]], '약', 0.05734217939183517), ([[1003, 903], [1113, 903], [1113, 939], [1003, 939]], '영상마다', 0.9990662932395935), ([[973, 933], [1141, 933], [1141, 969], [973, 969]], '상대방 남성이', 0.9986429114189395), ([[1004, 964], [1112, 964], [1112, 996], [1004, 996]], '다르지만', 0.9987716674804688), ([[117, 1007], [259, 1007], [259, 1045], [117, 1045]], '여성은 같은', 0.7086331830736313), ([[122, 1039], [254, 1039], [254, 1071], [122, 1071]], '사람이라는', 0.9770422234277206), ([[127, 1067], [247, 1067], [247, 1103], [127, 1103]], '것은 쉽제', 0.5243918750297448), ([[123, 1095], [253, 1095], [253, 1133], [123, 1133]], '알 수 있다', 0.9862531681550413), ([[849, 1621], [967, 1621], [967, 1657], [849, 1657]], '이 영상에', 0.9988609492921877), ([[227, 1645], [349, 1645], [349, 1681], [227, 1681]], '당신이초?', 0.5725634538442808), ([[833, 1651], [981, 1651], [981, 1687], [833, 1687]], '나오는 사람', 0.9854501878971303), ([[910.4257255601344, 120.0275458253983], [961.7069293115915, 131.28208996706547], [939.5742744398656, 235.9724541746017], [888.2930706884085, 224.71791003293453]], '양', 0.07813719789361162), ([[240.63346877135473, 603.0550127647987], [353.4415971168087, 548.0612338774984], [443.3665312286453, 760.9449872352013], [330.5584028831913, 816.9387661225016]], "'1", 0.20119778404261)]
[([[1023, 195], [1167, 195], [1167, 231], [1023, 231]], '안쪽의 방에', 0.6781449753261225), ([[764, 240], [822, 240], [822, 272], [764, 272]], '나는', 0.995901912639878), ([[1041, 225], [1151, 225], [1151, 261], [1041, 261]], '안내받아', 0.9987725019454956), ([[724, 266], [863, 266], [863, 302], [724, 302]], '벌거벗은 채', 0.6362239131093744), ([[766, 298], [820, 298], [820, 328], [766, 328]], '누위', 0.9884194086473992), ([[740, 326], [832, 326], [832, 358], [740, 358]], '그녀와', 0.9944759101529695), ([[543, 815], [675, 815], [675, 851], [543, 851]], '시작활게 9', 0.9049970495964953), ([[338, 1296], [422, 1296], [422, 1328], [338, 1328]], '아 네!', 0.5473800526282506)]
[([[80, 480], [138, 480], [138, 536], [80, 536]], '아', 0.9982386245765298), ([[595, 841], [670, 841], [670, 1010], [595, 1010]], '양', 0.0644158492762017), ([[721, 1146], [783, 1146], [783, 1284], [721, 1284]], '알', 0.06292027615837359)]
[([[498, 120], [552, 120], [552, 218], [498, 218]], '끝', 0.014145471345511362), ([[754, 192], [804, 192], [804, 276], [754, 276]], '양', 0.6281408367382859), ([[1183, 259], [1231, 259], [1231, 295], [1183, 295]], '야', 0.5734747919380112), ([[166, 296], [240, 296], [240, 468], [166, 468]], '양', 0.4697619788881333), ([[121, 969], [225, 969], [225, 1005], [121, 1005]], '협력해서', 0.9991949796676636), ([[597, 981], [715, 981], [715, 1017], [597, 1017]], '너도 같이', 0.999614063806732), ([[126, 1000], [220, 1000], [220, 1032], [126, 1032]], '하라구!', 0.9685878753662109), ([[1100, 1074], [1154, 1074], [1154, 1136], [1100, 1136]], '으', 0.8413452251488707), ([[1126, 1126], [1182, 1126], [1182, 1202], [1126, 1202]], '옷', 0.24915662131292837), ([[1198.4597040961578, 280.0292776846527], [1241.724941752977, 286.8077819184968], [1227.5402959038422, 381.9707223153473], [1184.275058247023, 375.1922180815032]], '흙', 0.5049431529327855)]
[([[480, 172], [542, 172], [542, 222], [480, 222]], '으위', 0.909558451553356), ([[968, 704], [1042, 704], [1042, 836], [968, 836]], '양', 0.6124841950816098), ([[1058, 902], [1130, 902], [1130, 994], [1058, 994]], '눈', 0.8441086596399714), ([[479, 1427], [569, 1427], [569, 1588], [479, 1588]], '#', 0.32005957734817514), ([[691.4176078067985, 96.0212269531401], [750.1224550271086, 90.28668782831258], [763.5823921932015, 248.97877304685989], [704.8775449728914, 254.71331217168742]], '품', 0.06094167556393715), ([[571.2117748398972, 154.03892588296148], [627.6783986432041, 134.02881594235217], [671.7882251601028, 270.96107411703855], [614.3216013567959, 290.9711840576478]], '모', 0.0375911153123889), ([[564.0378045449468, 292.0515822680054], [624.6026710645116, 264.0202011387782], [682.9621954550532, 402.9484177319946], [622.3973289354884, 430.9797988612218]], '낮', 0.08172933364244273), ([[179.3214058935425, 688.0462630228603], [251.99966973810194, 729.942532531746], [227.6785941064575, 770.9537369771397], [155.00033026189806, 729.057467468254]], '후^', 0.002584025089029329)]
