2520246
14
[([[937, 123], [1233, 123], [1233, 213], [937, 213]], '스미레논', 0.482681006193161), ([[1192, 214], [1264, 214], [1264, 316], [1192, 316]], '틀', 0.9639475473480985), ([[912, 318], [1260, 318], [1260, 416], [912, 416]], '위해라면', 0.9929300565408137), ([[1056, 436], [1112, 436], [1112, 502], [1056, 502]], '2', 1.0), ([[107, 1659], [165, 1659], [165, 1673], [107, 1673]], '표 스미 (}', 0.018871891876776833), ([[85, 1667], [185, 1667], [185, 1735], [85, 1735]], '테18', 0.04725375111778925), ([[91, 1727], [179, 1727], [179, 1745], [91, 1745]], '^마신-. 어꼴4헤', 5.748098814973691e-05), ([[99, 1761], [129, 1761], [129, 1775], [99, 1775]], '미지', 0.13654994398103185), ([[106, 1748], [176, 1748], [176, 1776], [106, 1776]], '임8#초', 0.06412187963724136)]
[([[206, 1588], [256, 1588], [256, 1648], [206, 1648]], '6', 0.9651400922280686), ([[938.8005305310426, 359.00132632760636], [1178.7686652227273, 295.0537242765035], [1202.1994694689574, 409.99867367239364], [962.2313347772727, 474.9462757234965]], '{{', 0.3795173500478178), ([[29.252985906994674, 1485.5107492651807], [224.703522027525, 1428.908337091374], [250.74701409300533, 1548.4892507348193], [55.29647797247502, 1605.091662908626]], '1모-때매', 0.017438006644575153), ([[93.8695048315003, 1624.7390096630006], [215.4927730701574, 1597.6607092745758], [226.1304951684997, 1657.2609903369994], [104.5072269298426, 1685.3392907254242]], '2022', 0.6922573953984629), ([[95.64370978203267, 1689.6574839128132], [239.91840123676693, 1625.2196956705], [269.35629021796734, 1692.3425160871868], [125.08159876323309, 1756.7803043295]], '오요', 0.24915307116864446)]
[]
[([[996, 908], [1218, 908], [1218, 964], [996, 964]], '[다음 화는]', 0.9813614694041118), ([[419, 947], [1213, 947], [1213, 1007], [419, 1007]], '상점가 각 점포의 점주들과 서클 하기로 된::', 0.5572504854982874), ([[615, 1031], [1213, 1031], [1213, 1092], [615, 1092]], '마지막으론 상점가 점주 전원과  .', 0.6088598717883409), ([[418, 1116], [1214, 1116], [1214, 1172], [418, 1172]], '게다가 혼욕인지 모르고 온전에 들어온 남자', 0.7113783600581175), ([[882, 1160], [1176, 1160], [1176, 1214], [882, 1214]], '손님이 들어와서', 0.6758180468368481), ([[938, 1244], [1214, 1244], [1214, 1298], [938, 1298]], '기타 등등 예정', 0.902767738601573), ([[1168, 1742], [1198, 1742], [1198, 1766], [1168, 1766]], '11', 0.9999861758616755)]
[([[475, 731], [870, 731], [870, 918], [475, 918]], '봉다지벼', 0.0009433256927877665), ([[374, 1004], [556, 1004], [556, 1060], [374, 1060]], '다및하다', 0.023811211809515953), ([[835, 1016], [940, 1016], [940, 1059], [835, 1059]], '7>++~<', 0.0014053241138311636), ([[372, 1058], [814, 1058], [814, 1112], [372, 1112]], '죽소주터 : 2022/07/10', 0.14428315191762733), ([[371, 1106], [776, 1106], [776, 1166], [371, 1166]], '포수스 : <스이룩품', 0.022231787115737468), ([[374, 1162], [518, 1162], [518, 1216], [374, 1216]], '티#주', 0.0032625734124231945), ([[550, 1162], [664, 1162], [664, 1212], [550, 1212]], '"_)', 0.003230862670491459), ([[372, 1214], [514, 1214], [514, 1268], [372, 1268]], '채#움-', 0.029171330854296684), ([[549, 1215], [975, 1215], [975, 1259], [549, 1259]], '9심,**|2@어쑤-;도.어의마.마목스명', 2.076178508970657e-06), ([[561, 1255], [871, 1255], [871, 1300], [561, 1300]], '7담;++.: @9애,*|2', 0.0002760299916027819)]
[([[667, 571], [836, 571], [836, 1018], [667, 1018]], '밟', 0.02262698187550094)]
[([[1037, 207], [1191, 207], [1191, 247], [1037, 247]], '예능 활동의', 0.9961336871732546), ([[1053, 247], [1175, 247], [1175, 285], [1053, 285]], '사전 미팅', 0.5925348393793146), ([[877, 807], [965, 807], [965, 845], [877, 845]], '관광지', 0.9999519599448417), ([[865, 845], [975, 845], [975, 881], [865, 881]], '상점가의', 0.9976446674203843), ([[889, 881], [951, 881], [951, 917], [889, 917]], '온전', 0.43710853585363185), ([[876, 918], [963, 918], [963, 956], [876, 956]], '리포터', 0.8946703134958218), ([[1065, 963], [1211, 963], [1211, 999], [1065, 999]], '적당히 상가', 0.6187722160039079), ([[1063, 993], [1213, 993], [1213, 1029], [1063, 1029]], '걸어다니면서', 0.9992937372650635), ([[1087, 1025], [1189, 1025], [1189, 1061], [1087, 1061]], '이것저것', 0.9991341233253479), ([[1096, 1060], [1182, 1060], [1182, 1090], [1096, 1090]], '하다가', 0.9999650367200591), ([[986, 1190], [1090, 1190], [1090, 1222], [986, 1222]], '마지막엔', 0.9988675713539124), ([[997, 1219], [1081, 1219], [1081, 1255], [997, 1255]], '온전에', 0.816274836351673), ([[977, 1251], [1101, 1251], [1101, 1287], [977, 1287]], '들어가취~', 0.9121364952376582)]
[([[901, 161], [1009, 161], [1009, 197], [901, 197]], '병행해서', 0.9998422265052795), ([[883, 191], [1025, 191], [1025, 227], [883, 227]], '다른 기획도', 0.8642770030195551), ([[912, 221], [995, 221], [995, 261], [912, 261]], '진행중', 0.9998927017927223), ([[393, 949], [511, 949], [511, 985], [393, 985]], '첫 번째는', 0.9368409810556307), ([[385, 981], [521, 981], [521, 1017], [385, 1017]], '몰래카메라', 0.9988953030041487), ([[579, 954], [680, 954], [680, 1027], [579, 1027]], '야', 0.3209678449459261), ([[383, 1011], [505, 1011], [505, 1047], [383, 1047]], '기획으로:', 0.7721906019488994), ([[625, 1017], [685, 1017], [685, 1093], [625, 1093]], '옷', 0.6753487635879907), ([[131, 1143], [231, 1143], [231, 1179], [131, 1179]], '누구야?', 0.9999388456344604), ([[1079, 1319], [1193, 1319], [1193, 1363], [1079, 1363]], '뭐 하는', 0.7415775448127786), ([[1099, 1361], [1177, 1361], [1177, 1397], [1099, 1397]], '거야!', 0.8481786153475275), ([[1099, 1395], [1177, 1395], [1177, 1437], [1099, 1437]], '싫어!', 0.8083202128815922), ([[203, 1533], [293, 1533], [293, 1575], [203, 1575]], '뛰야?', 0.5540395633104224), ([[197, 1573], [299, 1573], [299, 1613], [197, 1613]], '갑자기', 0.9997467952239439), ([[196, 1608], [299, 1608], [299, 1653], [196, 1653]], '뭐하는', 0.8389083464172453), ([[203, 1647], [293, 1647], [293, 1687], [203, 1687]], '거야?', 0.9998019227950594), ([[495.9848631198661, 1603.0516585746873], [570.4293997390259, 1589.6064268017985], [591.0151368801339, 1720.9483414253127], [517.5706002609741, 1734.3935731982015]], '톤', 0.8003366283092284)]
[([[4, 1365], [97, 1365], [97, 1534], [4, 1534]], '=', 0.0883683366158019)]
[([[463, 755], [509, 755], [509, 791], [463, 791]], "'9", 0.5250940763784766), ([[1125, 975], [1239, 975], [1239, 1109], [1125, 1109]], '넷', 0.027754886033992898), ([[265, 1231], [305, 1231], [305, 1285], [265, 1285]], '웃', 0.6531518846573228)]
[([[757, 9], [877, 9], [877, 206], [757, 206]], '또', 0.026386478296880123), ([[776, 194], [878, 194], [878, 362], [776, 362]], '양', 0.21498048668208014), ([[674, 378], [768, 378], [768, 450], [674, 450]], '야', 0.291570669816398), ([[83, 807], [145, 807], [145, 887], [83, 887]], '으', 0.7641146337637714), ([[98, 874], [170, 874], [170, 980], [98, 980]], '응', 0.9974441191241255), ([[1184, 896], [1280, 896], [1280, 992], [1184, 992]], '#섯', 0.025399638723979937), ([[1206, 982], [1280, 982], [1280, 1060], [1206, 1060]], '-1', 0.06507427698193202), ([[1212, 1282], [1280, 1282], [1280, 1402], [1212, 1402]], '4', 0.5595869683465935)]
[([[173, 1399], [209, 1399], [209, 1437], [173, 1437]], '0', 0.3826941437446294), ([[406, 1552], [496, 1552], [496, 1632], [406, 1632]], '야', 0.5650090478011407), ([[1202.4130171244683, 898.0191620043655], [1272.59743932075, 906.2628460211768], [1251.5869828755317, 1068.9808379956346], [1181.40256067925, 1059.7371539788232]], '약', 0.012002127934072127), ([[161.185687072251, 1314.0555156274324], [211.1412087019483, 1306.3950713390177], [222.814312927749, 1398.9444843725676], [172.8587912980517, 1406.6049286609823]], '하', 0.09123346101314045)]
[]
[([[301, 545], [403, 545], [403, 581], [301, 581]], '중앞어~', 0.33704596218863664), ([[287, 573], [421, 573], [421, 609], [287, 609]], '몰래카메라', 0.9983401809899577), ([[287, 603], [421, 603], [421, 639], [287, 639]], '대성공이야', 0.9997440984629605), ([[281, 631], [425, 631], [425, 667], [281, 667]], '몰래 숨어서', 0.774714439092983), ([[269, 661], [437, 661], [437, 697], [269, 697]], '잘 찍엇으니까', 0.5626091190785288), ([[143, 681], [229, 681], [229, 717], [143, 717]], '다음은', 0.999430559411632), ([[121, 711], [251, 711], [251, 747], [121, 747]], '상점가에서', 0.9966863294768074), ([[128, 742], [244, 742], [244, 772], [128, 772]], '야외 색스', 0.2750257914525863), ([[128, 772], [246, 772], [246, 804], [128, 804]], '잘 부탁해', 0.7089622206245317), ([[130, 1676], [238, 1676], [238, 1724], [130, 1724]], '2) <', 0.49126593601916174), ([[188.8082821045064, 160.03573599856216], [463.18880533389574, 116.26590476774354], [471.1917178954936, 194.96426400143784], [196.81119466610426, 237.73409523225646]], '물2카메2+0', 0.14605845448640276), ([[363.26787114705525, 205.3446974735155], [509.77817459305203, 170.22182540694797], [526.7321288529447, 265.6553025264845], [379.22182540694797, 300.77817459305203]], '성 공', 0.5909329652786255), ([[274.2185469050425, 231.23047823916147], [361.0910801984028, 219.19574122122555], [366.7814530949575, 282.76952176083853], [279.9089198015972, 295.80425877877445]], '대', 0.9998514707408646)]
