2520341
10
[([[9, 13], [167, 13], [167, 459], [9, 459]], '8', 0.7798820907306094), ([[313, 585], [447, 585], [447, 645], [313, 645]], '미라@명', 0.0008012571488507092)]
[]
[([[456, 140], [498, 140], [498, 164], [456, 164]], '이화~', 0.6929966270287458), ([[165, 197], [225, 197], [225, 217], [165, 217]], '레그나-!', 0.7530079528382516), ([[170, 212], [220, 212], [220, 236], [170, 236]], '마을에', 0.7484526634216309), ([[170, 230], [220, 230], [220, 254], [170, 254]], '돌아가', 0.9998771474660587), ([[171, 249], [219, 249], [219, 269], [171, 269]], '자구-!', 0.6145796179771423), ([[171, 373], [207, 373], [207, 391], [171, 391]], '이화-', 0.7994728937956032), ([[499, 369], [531, 369], [531, 387], [499, 387]], '어라', 0.9792306414698826), ([[267, 423], [315, 423], [315, 441], [267, 441]], '이 녀석', 0.9888974580662095), ([[267, 439], [313, 439], [313, 457], [267, 457]], '어디에', 0.9994580187472578), ([[260, 454], [322, 454], [322, 478], [260, 478]], '있논거야', 0.4482425325512019), ([[151, 551], [195, 551], [195, 571], [151, 571]], '여기서', 0.6009336113929749), ([[151, 569], [197, 569], [197, 589], [151, 589]], '뭐하나', 0.9700590804358515), ([[337, 665], [365, 665], [365, 685], [337, 685]], '저기', 0.9997443467895277), ([[338, 682], [372, 682], [372, 706], [338, 706]], '있다', 0.9996711861237595)]
[([[159, 109], [201, 109], [201, 125], [159, 125]], '시끄러!', 0.8569827675819397), ([[485, 119], [513, 119], [513, 133], [485, 133]], '오오', 0.9991243851048591), ([[157, 125], [201, 125], [201, 139], [157, 139]], '보지마!', 0.9854034781455994), ([[459, 133], [537, 133], [537, 153], [459, 153]], '이제 어른이', 0.9972832297869), ([[469, 151], [529, 151], [529, 171], [469, 171]], '다뭇구만', 0.30564205221664026), ([[75, 195], [103, 195], [103, 209], [75, 209]], '챔피하', 0.4464960239567624), ([[73, 207], [105, 207], [105, 223], [73, 223]], '합 임이', 0.5410846817299706), ([[69, 221], [109, 221], [109, 235], [69, 235]], '아니잡마', 0.34003105759620667), ([[171, 287], [199, 287], [199, 303], [171, 303]], '뛰야', 0.7148269503453653), ([[169, 301], [197, 301], [197, 319], [169, 319]], '쌀인', 0.33759658726092817), ([[165, 315], [199, 315], [199, 333], [165, 333]], '거야?', 0.9996951091944747), ([[72, 370], [96, 370], [96, 378], [72, 378]], '마디니', 0.38947452531534116), ([[489, 439], [541, 439], [541, 457], [489, 457]], '아니 별로', 0.999699227843603), ([[489, 453], [539, 453], [539, 471], [489, 471]], '안되논건', 0.9525449872016907), ([[491, 469], [541, 469], [541, 487], [491, 487]], '아니지만', 0.9999738335609436), ([[267, 585], [317, 585], [317, 605], [267, 605]], "'여있다면", 0.8688075948638535), ([[275, 601], [303, 601], [303, 619], [275, 619]], '내가', 0.9996275944276078), ([[262, 616], [313, 616], [313, 636], [262, 636]], '도와주지', 0.9998142123222351), ([[70, 692], [128, 692], [128, 718], [70, 718]], '뛰어!?', 0.7305079102516174)]
[([[474, 132], [514, 132], [514, 156], [474, 156]], '잠깐!', 0.9907491339494137), ([[110, 174], [160, 174], [160, 198], [110, 198]], '이화!', 0.7073955315479717), ([[289, 435], [337, 435], [337, 455], [289, 455]], '암전하게', 0.8291406631469727), ([[289, 449], [339, 449], [339, 469], [289, 469]], '있으라구', 0.7141516208648682)]
[([[523, 297], [539, 297], [539, 329], [523, 329]], '인', 0.993838888715036), ([[113, 307], [129, 307], [129, 355], [113, 355]], '글', 0.029882901839766385), ([[267, 321], [299, 321], [299, 341], [267, 341]], '안돼', 0.9289152334114108), ([[115, 361], [129, 361], [129, 383], [115, 383]], '옷', 0.306260312067991), ([[216, 432], [248, 432], [248, 486], [216, 486]], '쌀', 0.005826720256046691), ([[302, 460], [350, 460], [350, 484], [302, 484]], '간다앗', 0.7404103200389203)]
[([[249, 111], [281, 111], [281, 127], [249, 127]], '갖판', 0.7929847346758113), ([[490, 110], [534, 110], [534, 140], [490, 140]], '물', 0.006010699359741745), ([[245, 123], [285, 123], [285, 143], [245, 143]], '우유가', 0.9982361417641625), ([[241, 141], [289, 141], [289, 157], [241, 157]], '제맛이지', 0.982406585187265), ([[322, 156], [390, 156], [390, 180], [322, 180]], '마섞어!?', 0.23284362010838025), ([[78, 188], [134, 188], [134, 212], [78, 212]], '으학! !', 0.26797806045828937), ([[491, 359], [545, 359], [545, 379], [491, 379]], '아프잡아|', 0.48092095628666465), ([[237, 419], [263, 419], [263, 435], [237, 435]], '아직', 0.9996909090059904), ([[225, 433], [275, 433], [275, 449], [225, 449]], '팔팔하네', 0.5224696397781372), ([[209, 593], [257, 593], [257, 611], [209, 611]], '만두라고', 0.9973375201225281), ([[491, 589], [521, 589], [521, 609], [491, 609]], '좋아', 0.9782290686462792), ([[485, 605], [525, 605], [525, 623], [485, 623]], '다음은', 0.9997755633687985), ([[469, 619], [541, 619], [541, 639], [469, 639]], '손으로 해주지', 0.9933085846870561), ([[79, 711], [105, 711], [105, 729], [79, 729]], '방금', 0.9996909932920565), ([[71, 727], [113, 727], [113, 745], [71, 745]], '삶잡아]', 0.2807178795337677)]
[([[220, 188], [244, 188], [244, 248], [220, 248]], '휴', 0.018473518106365328), ([[403, 177], [465, 177], [465, 253], [403, 253]], ']', 0.09851556352455848), ([[220, 248], [244, 248], [244, 290], [220, 290]], '칼', 0.9627199477233859), ([[85, 305], [113, 305], [113, 321], [85, 321]], '가안', 0.9885505455052587), ([[223, 317], [241, 317], [241, 343], [223, 343]], '옷', 0.8252656049217535), ([[235, 453], [281, 453], [281, 473], [235, 473]], '젊구만', 0.8322387105762975), ([[349, 479], [387, 479], [387, 499], [349, 499]], "'다앗!", 0.5835058093070984), ([[75, 483], [135, 483], [135, 551], [75, 551]], '_', 0.07612227707824903), ([[367, 533], [437, 533], [437, 577], [367, 577]], '[무', 0.1778306019903886), ([[375, 571], [419, 571], [419, 607], [375, 607]], '밑', 0.028712812627507134), ([[217, 623], [277, 623], [277, 641], [217, 641]], '어디보자', 0.9999693632125854), ([[223, 641], [271, 641], [271, 661], [223, 661]], '또 한발', 0.9304118752479553), ([[243.4929798734366, 435.13806578484224], [271.95506413681125, 439.70360078512755], [269.5070201265634, 453.86193421515776], [241.04493586318875, 449.29639921487245]], '오오', 0.9962793679914628)]
[([[181, 85], [247, 85], [247, 171], [181, 171]], '길', 0.43273332949698684), ([[492, 116], [534, 116], [534, 140], [492, 140]], '으아', 0.9943712361686456), ([[88, 232], [130, 232], [130, 258], [88, 258]], '아앗', 0.9316634294703081), ([[470, 360], [532, 360], [532, 388], [470, 388]], '방금갖.', 0.5947354435920715), ([[70, 374], [114, 374], [114, 400], [70, 400]], '안돼.', 0.5960356362808037), ([[488, 384], [526, 384], [526, 408], [488, 408]], '논데', 0.8525863314535738), ([[496, 462], [538, 462], [538, 490], [496, 490]], '에옛', 0.6619043447519138), ([[41, 559], [79, 559], [79, 621], [41, 621]], '#"', 0.7846890073162468), ([[137, 547], [173, 547], [173, 585], [137, 585]], '#', 0.06658749264158192), ([[218, 552], [278, 552], [278, 606], [218, 606]], '4+', 0.38664349248300195), ([[146, 634], [178, 634], [178, 662], [146, 662]], '{', 0.5222707365351233), ([[207, 633], [269, 633], [269, 759], [207, 759]], '#', 0.11640675923008903), ([[14.601273888585549, 596.0159236073193], [51.883990646009664, 600.3685229952263], [36.39872611141445, 730.9840763926807], [0.11600935399033574, 727.6314770047737]], '#', 0.838476177517439)]
[([[445, 307], [491, 307], [491, 327], [445, 327]], '기분이', 0.9997238083170997), ([[429, 325], [507, 325], [507, 345], [429, 345]], '너무 좋아서', 0.9616093674052778), ([[431, 343], [491, 343], [491, 363], [431, 363]], '지려버럿', 0.6687522530555725), ([[118, 438], [146, 438], [146, 464], [118, 464]], '2', 0.9854802332430523), ([[207, 459], [223, 459], [223, 499], [207, 499]], '용', 0.10449341129075052), ([[492, 478], [530, 478], [530, 502], [492, 502]], '망할', 0.8805997039773412), ([[474, 498], [534, 498], [534, 522], [474, 522]], '아저씨!', 0.9941803812980652), ([[195, 519], [247, 519], [247, 559], [195, 559]], '[다', 0.00917155659959192), ([[250, 556], [292, 556], [292, 580], [250, 580]], '죄송', 0.9505501544771626), ([[248, 578], [296, 578], [296, 604], [248, 604]], '함다!', 0.5289167849702949), ([[173, 619], [205, 619], [205, 639], [173, 639]], '너무', 0.9937613779528178), ([[159, 637], [217, 637], [217, 657], [159, 657]], '놀럿나. .', 0.21984866842534995), ([[83, 781], [119, 781], [119, 797], [83, 797]], '[)지 -', 0.056935974050179805), ([[75.31485596425303, 429.03924688900133], [120.68669913026103, 423.2419581415227], [132.685144035747, 527.9607531109987], [88.31330086973897, 533.7580418584773]], '봄', 0.004520158565782195)]
