2521016
19
[([[265, 45], [600, 45], [600, 110], [265, 110]], '아무도 없는 사이에', 0.8517972537264656), ([[514, 126], [596, 126], [596, 158], [514, 158]], '^라긁명', 0.0016385222552344203), ([[470, 204], [566, 204], [566, 234], [470, 234]], '-시)', 0.0005007215971407609), ([[474, 230], [566, 230], [566, 284], [474, 284]], '"18', 0.05028780103930128), ([[470, 278], [568, 278], [568, 306], [470, 306]], '표스알', 0.022850151356143187), ([[481, 307], [555, 307], [555, 327], [481, 327]], '18 초70', 0.15430479884699536), ([[473, 321], [569, 321], [569, 341], [473, 341]], '#스; {하뉴소', 0.0018901920563234754)]
[([[219, 151], [237, 151], [237, 215], [219, 215]], '곁', 0.022797379934481832), ([[383, 143], [401, 143], [401, 217], [383, 217]], '팀', 0.014113831076765726), ([[221, 215], [237, 215], [237, 257], [221, 257]], '어', 0.38000268045425756), ([[385, 221], [401, 221], [401, 259], [385, 259]], '거', 0.10467709160409644), ([[547, 303], [567, 303], [567, 367], [547, 367]], '팩', 0.385061560926804), ([[529, 461], [549, 461], [549, 525], [529, 525]], '옆', 0.08574872256430499), ([[177, 519], [289, 519], [289, 643], [177, 643]], '털', 0.06430931783591465), ([[565, 699], [579, 699], [579, 721], [565, 721]], '으', 0.4006070757173461), ([[563, 717], [581, 717], [581, 741], [563, 741]], '앗', 0.6082378033989357), ([[292, 744], [326, 744], [326, 768], [292, 768]], '역시', 0.9985394185480171), ([[298, 762], [322, 762], [322, 786], [298, 786]], '선', 0.9997810245239727), ([[294, 782], [340, 782], [340, 810], [294, 810]], '거지?', 0.9994263052940369)]
[([[586, 84], [626, 84], [626, 108], [586, 108]], '미안]', 0.6515890133397417), ([[580, 108], [636, 108], [636, 132], [580, 132]], '그 " 나', 0.5818116173428587), ([[308, 116], [344, 116], [344, 142], [308, 142]], '미안', 0.9995914528983513), ([[300, 140], [350, 140], [350, 166], [300, 166]], '진짜로', 0.9991944408251155), ([[578, 132], [632, 132], [632, 156], [578, 156]], '네 모습', 0.9995883146164956), ([[588, 156], [624, 156], [624, 180], [588, 180]], '보고', 0.9754524166537943), ([[300, 164], [338, 164], [338, 194], [300, 194]], '미안:', 0.6429422210966863), ([[307, 191], [337, 191], [337, 211], [307, 211]], '나  ', 0.23100429773330688), ([[582, 178], [634, 178], [634, 208], [582, 208]], '흥분해', 0.991144055050064), ([[574, 202], [626, 202], [626, 228], [574, 228]], '버려서:', 0.33586562160439404), ([[158, 196], [186, 196], [186, 290], [158, 290]], '월', 0.11149030770098989), ([[609, 507], [627, 507], [627, 531], [609, 531]], '같', 0.5698325825974848), ([[590, 756], [616, 756], [616, 796], [590, 796]], '옷', 0.5016498735187724)]
[([[550, 112], [580, 112], [580, 148], [550, 148]], '앗', 0.5177240017249893), ([[229, 151], [275, 151], [275, 195], [229, 195]], '4~', 0.3641270456086361), ([[290, 352], [314, 352], [314, 378], [290, 378]], '아', 0.9956983197144496), ([[603, 337], [623, 337], [623, 385], [603, 385]], '옷', 0.4020852541807507), ([[290, 374], [314, 374], [314, 402], [290, 402]], '앗', 0.19700108587873277), ([[372, 580], [418, 580], [418, 612], [372, 612]], '우옛', 0.39346722425875075), ([[366, 606], [408, 606], [408, 636], [366, 636]], '잠깐', 0.9999569261925371)]
[([[607, 103], [627, 103], [627, 129], [607, 129]], '앗', 0.40417131200128154), ([[411, 243], [431, 243], [431, 313], [411, 313]], '용', 0.012376850553042829), ([[300, 414], [362, 414], [362, 444], [300, 444]], '요우지', 0.5686002118594167), ([[302, 438], [348, 438], [348, 464], [302, 464]], '이제 ', 0.9145511328074544), ([[298, 462], [362, 462], [362, 490], [298, 490]], '나와 " !', 0.39492891861654966), ([[471, 723], [491, 723], [491, 797], [471, 797]], '%', 0.26094422894482605)]
[([[286, 164], [334, 164], [334, 194], [286, 194]], '아냐]', 0.26615181104845387), ([[538, 156], [590, 156], [590, 186], [538, 186]], '미안', 0.9783975819293131), ([[280, 194], [338, 194], [338, 224], [280, 224]], '괜찮애', 0.2819116922190559), ([[526, 186], [590, 186], [590, 216], [526, 216]], '얼굴에"', 0.5944234132766724), ([[115, 325], [135, 325], [135, 397], [115, 397]], '중', 0.08189393744537288), ([[550, 468], [592, 468], [592, 498], [550, 498]], '방금', 0.9999543131218969), ([[296, 498], [332, 498], [332, 524], [296, 524]], '하자', 0.9997523541004584), ([[534, 496], [608, 496], [608, 528], [534, 528]], '셋든데되', 0.16308407485485077), ([[561, 529], [581, 529], [581, 553], [561, 553]], '또', 0.9999420651244151), ([[544, 558], [600, 558], [600, 586], [544, 586]], '커지네', 0.9983562836634403), ([[557, 675], [573, 675], [573, 699], [557, 699]], '으', 0.9952006841745629), ([[555, 697], [575, 697], [575, 723], [555, 723]], '응', 0.9996775648670599)]
[([[567, 159], [585, 159], [585, 183], [567, 183]], '응', 0.9826552202289953), ([[567, 187], [585, 187], [585, 233], [567, 233]], '옷', 0.8615680874938789), ([[486, 404], [524, 404], [524, 430], [486, 430]], '하아', 0.9999438608593363), ([[495, 435], [515, 435], [515, 461], [495, 461]], '햇', 0.17882229693567808), ([[153, 769], [173, 769], [173, 855], [153, 855]], '통', 0.03824506315412557)]
[([[333, 157], [353, 157], [353, 251], [333, 251]], '응', 0.1038425134370593), ([[540, 454], [592, 454], [592, 484], [540, 484]], '어때?', 0.9839136004447937), ([[546, 486], [586, 486], [586, 514], [546, 514]], '기분', 0.9996159795166788), ([[540, 516], [592, 516], [592, 546], [540, 546]], '좋아?', 0.9973268831739681), ([[313, 547], [333, 547], [333, 569], [313, 569]], '또', 0.9999772311553023), ([[304, 572], [344, 572], [344, 604], [304, 604]], '쌀꺼', 0.5412618724653679), ([[113, 579], [133, 579], [133, 631], [113, 631]], '응', 0.9931727749666983), ([[298, 604], [352, 604], [352, 634], [298, 634]], '같아?', 0.6135132269443554), ([[142, 682], [170, 682], [170, 720], [142, 720]], '응', 0.9997068858391209), ([[121, 711], [191, 711], [191, 749], [121, 749]], '으으웃', 0.6606644918735983), ([[243.4929798734366, 737.1380657848422], [269.9486832980505, 741.6837722339832], [267.5070201265634, 755.8619342151578], [241.05131670194947, 751.3162277660168]], '003', 0.2647785865611132)]
[([[550, 122], [574, 122], [574, 198], [550, 198]], '몇', 0.015728331013153962)]
[([[190, 392], [224, 392], [224, 418], [190, 418]], '지금', 0.9997692116585539), ([[556, 394], [580, 394], [580, 420], [556, 420]], '기', 0.9997226192209077), ([[180, 416], [234, 416], [234, 442], [180, 442]], '한 거', 0.9998754268566934), ([[548, 422], [588, 422], [588, 454], [548, 454]], '기분', 0.9993398755992805), ([[174, 442], [224, 442], [224, 468], [174, 468]], '씩스지', 0.3448476200894028), ([[531, 451], [593, 451], [593, 487], [531, 487]], '좋앞지:', 0.09725455939769745), ([[105, 459], [145, 459], [145, 509], [105, 509]], '그', 0.0866032047955656), ([[362, 600], [408, 600], [408, 624], [362, 624]], '또같이', 0.9995265642967925), ([[371, 625], [403, 625], [403, 645], [371, 645]], '하지', 0.99976482868544), ([[360, 648], [414, 648], [414, 672], [360, 672]], '[않올래?', 0.3846677588458417), ([[163, 745], [179, 745], [179, 819], [163, 819]], '~', 0.0017208902797623132), ([[117, 851], [159, 851], [159, 869], [117, 869]], '톤꼴다-', 0.004026566166430712)]
[([[19, 11], [83, 11], [83, 55], [19, 55]], '후기', 0.9999788423476044), ([[20, 60], [222, 60], [222, 86], [20, 86]], '처음 뵙는 분도 그렇지 않은 분도', 0.5736265829657763), ([[20, 80], [194, 80], [194, 108], [20, 108]], '중은 아침, 점심, 저녁입니다', 0.5246670264873327), ([[20, 120], [298, 120], [298, 146], [20, 146]], '이번에는 커플림보단 상황올 중시해 건습니다,', 0.14423519024484702), ([[20, 142], [78, 142], [78, 166], [20, 166]], '사춘기의', 0.9998942613601685), ([[88, 140], [202, 140], [202, 166], [88, 166]], "'한참 왕성하 시기'", 0.5108997246954902), ([[210, 140], [434, 140], [434, 166], [210, 166]], '때는 집에 아무도 없으면 나도 모르게', 0.9007201349997072), ([[20, 160], [190, 160], [190, 188], [20, 188]], '대답한 짓율 해 버리게 되조', 0.69440241347894), ([[22, 180], [378, 180], [378, 206], [22, 206]], '모두가 그렇다고는 할 수 없지만, 적어도 저논 그램습니다 >', 0.1425077084119778), ([[22, 219], [276, 219], [276, 248], [22, 248]], '그리고 누군가 돌아오는 순간 엄청 좋아서', 0.4672150404882877), ([[22, 240], [358, 240], [358, 268], [22, 268]], '급하게 옷올 입거나 야한 책올 숨기고는 햇습니다 (웃음)', 0.5695531838006425), ([[20, 280], [430, 280], [430, 308], [20, 308]], '이번의 두 사람 같은 충동적이면서 어색한 느낌의 에로들 좋아합니다.', 0.5110833217951118), ([[20, 300], [320, 300], [320, 326], [20, 326]], '맛 들려서 점점 강도가 세저 간다면 더더욱 중네요', 0.8374201756400862), ([[20, 342], [250, 342], [250, 366], [20, 366]], '이번엔 조금 시간이 들어버로습니다만', 0.709452206106401), ([[20, 360], [192, 360], [192, 386], [20, 386]], '평소처럼 즐겁게 그렇습니다,', 0.3295880857826767), ([[20, 380], [276, 380], [276, 406], [20, 406]], '여러분도 재핏게 즐겨주석으면 중제습니다.', 0.1499497757771782), ([[22, 420], [196, 420], [196, 446], [22, 446]], '다음에도 열심히 하켓습니다]', 0.5447314350051135), ([[22, 440], [116, 440], [116, 466], [22, 466]], '그럼 다음에 또', 0.9946633840793087), ([[21, 485], [59, 485], [59, 505], [21, 505]], '73아명', 0.004507685080170631), ([[22, 522], [204, 522], [204, 546], [22, 546]], '{업스어"(묘-18)3!+유<8', 0.00046318804122124176), ([[23, 543], [359, 543], [359, 563], [23, 563]], '>>++권:/ /,히형명하악처--라|나.<기</ 하,!+^7음 ^+가|', 1.828396555400903e-07), ([[21, 574], [128, 574], [128, 600], [21, 600]], '명*차0:52233', 0.02400316570582506), ([[25, 597], [373, 597], [373, 618], [25, 618]], '>>++아:/ /요애감.명;*거 ,안+/<처<`라마 명?]-52233', 3.5688249901707015e-06)]
[([[440, 292], [472, 292], [472, 316], [440, 316]], '끼익', 0.7701270716973954), ([[559, 481], [579, 481], [579, 607], [559, 607]], '7', 0.009247528372387459), ([[89, 567], [107, 567], [107, 655], [89, 655]], '#', 0.7276674451318854), ([[269, 733], [285, 733], [285, 773], [269, 773]], '탓', 0.011621503304085401), ([[69, 821], [107, 821], [107, 919], [69, 919]], '떡', 0.010813116608170914)]
[([[590, 128], [640, 128], [640, 154], [590, 154]], '형아도', 0.9993400613142397), ([[230, 132], [258, 132], [258, 196], [230, 196]], ';', 0.020061482269009057), ([[598, 154], [634, 154], [634, 178], [598, 178]], '숫게', 0.4371066175212396), ([[598, 176], [634, 176], [634, 202], [598, 202]], '돌아', 0.9999515314682518), ([[187, 175], [203, 175], [203, 233], [187, 233]], '흙', 0.5539238543322291), ([[582, 200], [640, 200], [640, 226], [582, 226]], '올거고"', 0.9096943736076355), ([[335, 603], [371, 603], [371, 659], [335, 659]], '7', 0.9109594638397347), ([[604, 620], [656, 620], [656, 650], [604, 650]], '딸맞이', 0.3649544403194861), ([[371, 633], [409, 633], [409, 689], [371, 689]], '7', 0.29063394192380443), ([[602, 644], [654, 644], [654, 674], [602, 674]], '마음껏', 0.9994154189690531), ([[592, 668], [660, 668], [660, 694], [592, 694]], '처야지내', 0.12417332828044891), ([[372, 824], [410, 824], [410, 854], [372, 854]], '한참', 0.9993751880106727), ([[364, 848], [418, 848], [418, 878], [364, 878]], '왕성활', 0.8988211090138543)]
[([[219, 437], [233, 437], [233, 459], [219, 459]], '영', 0.9998419347287069), ([[308, 484], [370, 484], [370, 510], [308, 510]], '알몸으로', 0.807852595330275), ([[312, 508], [368, 508], [368, 534], [312, 534]], '하는 게', 0.5364295042802684), ([[312, 528], [366, 528], [366, 610], [312, 610]], '때', 0.005254639042686415)]
[([[182, 124], [210, 124], [210, 160], [182, 160]], '앗', 0.5558898292349568), ([[623, 107], [641, 107], [641, 155], [623, 155]], '후', 0.0076446941546085), ([[123, 359], [141, 359], [141, 381], [123, 381]], '하', 0.998237790846904), ([[123, 381], [143, 381], [143, 405], [123, 405]], '맛', 0.3921282570150062), ([[109, 547], [129, 547], [129, 631], [109, 631]], '"', 0.0029878805278489434), ([[552, 528], [578, 528], [578, 598], [552, 598]], '옷', 0.4935612515872414), ([[109, 629], [129, 629], [129, 651], [109, 651]], '아', 0.9946766600243997), ([[109, 651], [129, 651], [129, 673], [109, 673]], '아', 0.9993908141262331)]
[([[535, 125], [555, 125], [555, 171], [535, 171]], '옷', 0.11711716547513706), ([[311, 305], [331, 305], [331, 329], [311, 329]], '앗', 0.2236124276733884), ([[183, 651], [199, 651], [199, 675], [183, 675]], '잇', 0.12780754045573772), ([[181, 675], [201, 675], [201, 701], [181, 701]], '좀', 0.9999310982175444), ([[275, 705], [293, 705], [293, 729], [275, 729]], '앗', 0.1673931665811148), ([[497, 795], [515, 795], [515, 825], [497, 825]], '히', 0.03578243175173612), ([[496, 824], [524, 824], [524, 920], [496, 920]], '%', 0.7484531265547503)]
[([[421, 91], [437, 91], [437, 131], [421, 131]], '삶', 0.007948036743644027), ([[166, 158], [234, 158], [234, 214], [166, 214]], '벼', 0.0288311842504676), ([[131, 427], [149, 427], [149, 449], [131, 449]], '아야', 0.47284372082292747), ([[169, 779], [185, 779], [185, 819], [169, 819]], '흙', 0.033449906879368996)]
[([[240, 76], [280, 76], [280, 104], [240, 104]], '한 번', 0.9002549052238464), ([[234, 124], [286, 124], [286, 150], [234, 150]], '해야지', 0.9035886426436752), ([[242, 148], [288, 148], [288, 176], [242, 176]], '티속 ,', 0.33699292433748607), ([[236, 172], [286, 172], [286, 200], [236, 200]], '티이!', 0.4903269653764809), ([[321, 151], [347, 151], [347, 262], [321, 262]], '쥐', 0.00419304987157082), ([[547, 371], [567, 371], [567, 417], [547, 417]], '물', 0.42680025039206626), ([[111, 415], [131, 415], [131, 483], [111, 483]], '글', 0.09098746506950661), ([[136, 574], [198, 574], [198, 606], [136, 606]], '테루키', 0.911723792552948), ([[152, 604], [176, 604], [176, 632], [152, 632]], '!?', 0.8177952565627344), ([[219, 707], [239, 707], [239, 771], [219, 771]], '엿', 0.019907403062493723), ([[303, 689], [323, 689], [323, 771], [303, 771]], '거', 0.07648542183155715), ([[59, 819], [75, 819], [75, 895], [59, 895]], '움', 0.01608991163638862), ([[59, 911], [75, 911], [75, 933], [59, 933]], '?', 0.9883574170296505)]
[([[147, 143], [165, 143], [165, 165], [147, 165]], '문', 0.999975204621478), ([[118, 164], [198, 164], [198, 194], [118, 194]], '열려있없고', 0.41042207976582085), ([[122, 190], [192, 190], [192, 216], [122, 216]], '네 신발도', 0.9979649135607681), ([[527, 189], [603, 189], [603, 227], [527, 227]], '미안해', 0.9994059906180643), ([[132, 214], [184, 214], [184, 242], [132, 242]], '엇길래', 0.2541525238191632), ([[124, 238], [190, 238], [190, 266], [124, 266]], '평소처럼', 0.9992673397064209), ([[527, 227], [603, 227], [603, 263], [527, 263]], '요우지', 0.9974702655019044), ([[124, 262], [190, 262], [190, 288], [124, 288]], '무심코 ', 0.7333492331503397), ([[260, 400], [298, 400], [298, 428], [260, 428]], '잠깐', 0.9999238836400849), ([[532, 400], [582, 400], [582, 426], [532, 426]], '진짜로', 0.9992400673549424), ([[250, 424], [298, 424], [298, 450], [250, 450]], '기다 "', 0.5224039554595947), ([[528, 424], [586, 424], [586, 450], [528, 450]], '미인] 볼', 0.2673427613648243), ([[532, 448], [584, 448], [584, 476], [532, 476]], '생각은', 0.8364962339401245), ([[530, 472], [588, 472], [588, 500], [530, 500]], '없없어!', 0.5735368132591248), ([[514, 496], [600, 496], [600, 522], [514, 522]], '바로 돌아갈', 0.6763910344584194), ([[524, 520], [590, 520], [590, 544], [524, 544]], '테니까 ', 0.9023079872131348), ([[237, 583], [253, 583], [253, 605], [237, 605]], '응', 0.9985620188224722), ([[544, 680], [576, 680], [576, 716], [544, 716]], '잠,', 0.5539424890653477), ([[519, 713], [601, 713], [601, 753], [519, 753]], '잠깐만', 0.9996311731766757), ([[154, 754], [184, 754], [184, 782], [154, 782]], '옛', 0.2713992317142164)]
