2524335
42
[([[91, 68], [680, 68], [680, 518], [91, 518]], '[', 0.032710964077559135), ([[98, 593], [392, 593], [392, 662], [98, 662]], '7어새서7장새', 0.00036562307249364773), ([[99, 506], [369, 506], [369, 614], [99, 614]], '흙흙', 0.5308096309913676), ([[1349, 505], [1899, 505], [1899, 670], [1349, 670]], "'57익도", 0.029043197021909696), ([[153, 2234], [393, 2234], [393, 2369], [153, 2369]], '"18', 0.0701004166724903), ([[162, 2360], [384, 2360], [384, 2411], [162, 2411]], '서미신_- 이내거', 0.003935736115792861), ([[438, 2198], [783, 2198], [783, 2468], [438, 2468]], '떼', 0.29022779239804564), ([[112, 2437], [1946, 2437], [1946, 2754], [112, 2754]], '0. )자----', 9.61511730209668e-05), ([[1252.751951548846, 182.17380889591976], [1818.4567401514187, -21.147206068124703], [1926.248048451154, 407.82619110408024], [1361.5432598485813, 611.1472060681247]], '이', 0.002607365791557084), ([[1227.0655306927679, 853.0132334547043], [1455.9474588891064, 1071.1385616446833], [1264.9344693072321, 1271.9867665452957], [1036.0525411108936, 1054.8614383553167]], '>', 0.0665834168153232)]
[]
[([[692, 274], [734, 274], [734, 300], [692, 300]], '7', 0.6010728472522011)]
[([[265.00871668979335, 603.0196605827922], [451.8118119758823, 577.0059062855278], [486.99128331020665, 904.9803394172078], [301.1881880241177, 929.9940937144722]], '=', 0.9129341320268658)]
[([[213, 411], [397, 411], [397, 715], [213, 715]], '>', 0.1303320181114067), ([[568, 1016], [760, 1016], [760, 1246], [568, 1246]], '=', 0.9928482353530832)]
[([[654.367756613828, 906.0095195790891], [810.6747393116076, 968.024931216157], [686.632243386172, 1279.990480420911], [530.3252606883924, 1217.975068783843]], "'", 0.30917828195562436)]
[([[287, 129], [446, 129], [446, 266], [287, 266]], '=', 0.9980316321091323)]
[([[554.3417354349018, 405.2442560653724], [646.089621930621, 375.6096705744804], [661.6582645650982, 427.7557439346276], [569.910378069379, 457.3903294255196]], '하욕다', 0.0008729137327168617), ([[203.6796946044481, 433.02906752097164], [428.0041782985531, 390.96499774774486], [474.3203053955519, 719.9709324790283], [249.99582170144689, 761.0350022522551]], '=', 0.9925844375091089), ([[184.31013816967513, 1113.8823039732854], [397.00319953949383, 971.5848307467835], [485.68986183032484, 1130.1176960267146], [272.99680046050617, 1272.4151692532166]], '', 0.0)]
[([[390, 382], [588, 382], [588, 636], [390, 636]], '7', 0.2733016717136003), ([[834, 954], [872, 954], [872, 978], [834, 978]], '만데_', 0.0022183369134336764)]
[([[660.1579833204635, 937.2897482934367], [740.3751236004258, 923.8941147749849], [747.8420166795365, 979.7102517065633], [666.6248763995742, 993.1058852250151]], '무곁꾸', 0.00046840000029645383)]
[([[541, 525], [613, 525], [613, 593], [541, 593]], '%', 0.5970487278994518), ([[830.8387236761695, 1140.1678315274846], [976.0027696621936, 1110.2785197659332], [994.1612763238305, 1231.8321684725154], [847.9972303378064, 1262.7214802340668]], '7마', 0.013337340688238086)]
[([[461, 297], [1449, 297], [1449, 539], [461, 539]], '^어나+ -7덕', 0.00018658160995851185), ([[230, 1931], [975, 1931], [975, 2027], [230, 2027]], '별-망당_뱃테사주@ 합', 0.0010398580239817982), ([[226, 2017], [701, 2017], [701, 2117], [226, 2117]], '#디0# ', 0.027247813682852284), ([[737, 2024], [928, 2024], [928, 2115], [737, 2115]], '#러빛', 0.1386369223162645), ([[960, 2026], [1149, 2026], [1149, 2117], [960, 2117]], '#:;', 0.014301795370591317), ([[1183, 2030], [1711, 2030], [1711, 2121], [1183, 2121]], '70가다-+"불초', 0.012673051952221605), ([[225, 2109], [523, 2109], [523, 2199], [225, 2199]], '찾내:화', 0.040833890438079834), ([[227, 2190], [1649, 2190], [1649, 2303], [227, 2303]], '드04금꼽:18* +0<소#뉴-18품숫 #+5', 0.000276336158596695), ([[220, 2282], [871, 2282], [871, 2379], [220, 2379]], '###+(1하<걀단니', 0.006827628612114558)]
[]
[]
[([[388.6027607015021, 947.345245332854], [429.3753467666904, 944.1675896371246], [430.3972392984979, 971.654754667146], [389.6246532333096, 974.8324103628754]], '구미?', 0.017333045845995366)]
[([[237.48932889182177, 1048.446644459109], [416.0152291868023, 957.4417973596352], [491.51067110817826, 1143.553355540891], [312.9847708131977, 1234.558202640365]], '<', 0.13126684609757433)]
[([[611, 623], [663, 623], [663, 659], [611, 659]], '구', 0.021361449466085425)]
[([[589.1488274817609, 215.0817505438979], [893.2613799612733, 188.03986781709528], [896.8511725182391, 369.9182494561021], [591.7386200387267, 396.9601321829047]], "'다", 0.008392839100758935)]
[([[510, 1072], [682, 1072], [682, 1218], [510, 1218]], '1', 0.06175502202128791)]
[([[688, 182], [722, 182], [722, 210], [688, 210]], "'@마?", 0.004620520398020744), ([[255, 623], [602, 623], [602, 881], [255, 881]], '{', 0.03267599168448876)]
[]
[([[597, 286], [664, 286], [664, 327], [597, 327]], '꾸마꾸', 0.0014296676581995638)]
[([[694, 308], [1202, 308], [1202, 466], [694, 466]], '등장인물', 0.999099612236023), ([[461, 1724], [672, 1724], [672, 1847], [461, 1847]], '후안', 0.3812792751758249), ([[1236, 1720], [1441, 1720], [1441, 1845], [1236, 1845]], '올웬', 0.5409271842462312), ([[342, 1845], [752, 1845], [752, 1944], [342, 1944]], '컨나라"치 -;아마', 8.522578132574448e-06), ([[1118, 1849], [1513, 1849], [1513, 1923], [1118, 1923]], '이추목< 어', 0.001804656042686548), ([[1014, 1960], [1123, 1960], [1123, 2020], [1014, 2020]], '나이', 0.9999651025877826), ([[1155, 1960], [1273, 1960], [1273, 2020], [1155, 2020]], '44세', 0.9997594586998803), ([[229, 1986], [344, 1986], [344, 2046], [229, 2046]], '나이', 0.9991228015428512), ([[370, 1984], [637, 1984], [637, 2048], [370, 2048]], '700세 이상', 0.996732982482228), ([[227, 2042], [553, 2042], [553, 2109], [227, 2109]], '인간을 지키다', 0.39851525271241006), ([[1010, 2018], [1629, 2018], [1629, 2085], [1010, 2085]], '아들을 혼자 키운다 카페름', 0.3836441408334389), ([[229, 2103], [769, 2103], [769, 2169], [229, 2169]], '요괴름 퇴치하는 수호신', 0.6516102270664808), ([[1010, 2077], [1296, 2077], [1296, 2145], [1010, 2145]], '경영하는 중.', 0.8069977134474677), ([[217, 2277], [426, 2277], [426, 2344], [217, 2344]], '등장작품', 0.9996875524520874), ([[469, 2284], [903, 2284], [903, 2337], [469, 2337]], '묘*;-어미입* 어 [고7-되', 2.3625996080628108e-06), ([[1010, 2271], [1679, 2271], [1679, 2338], [1010, 2338]], '등장작품 : 이>즌"\'$ *어명;+;하얼', 0.0009672679464169082), ([[221, 2397], [912, 2397], [912, 2465], [221, 2465]], '-4미-어- [마어;.-+ 2016-2018', 0.002921392342668425), ([[1012, 2386], [1629, 2386], [1629, 2448], [1012, 2448]], "또[채(버이12.312')')-즈", 0.00927955557647831), ([[221, 2456], [798, 2456], [798, 2518], [221, 2518]], '또[쨌#벼이 차다)-즈', 0.01735046376878583)]
[([[742.0063694429277, 282.4146497187338], [806.6055235514372, 270.53586952901134], [812.9936305570723, 314.5853502812662], [748.3944764485628, 326.46413047098866]], '구털', 0.01395485776159201)]
[([[621, 153], [657, 153], [657, 189], [621, 189]], ')', 0.011714842981643214)]
[([[25, 337], [109, 337], [109, 443], [25, 443]], '1 >', 0.9897275238453124)]
[([[547, 431], [587, 431], [587, 469], [547, 469]], '[ 입', 0.0018745810182028446), ([[928, 1250], [1000, 1250], [1000, 1324], [928, 1324]], '통대', 0.008567660755398781), ([[472.56879950923485, 138.43575867493408], [581.4957420685705, 118.66447014590551], [589.4312004907651, 178.56424132506592], [480.5042579314295, 198.3355298540945]], '애##히', 0.014381625689566135)]
[([[647.0737883501572, 272.0330369022004], [738.9775113384321, 248.3455768116635], [779.9262116498428, 437.9669630977996], [689.0224886615679, 460.65442318833647]], '=', 0.9491288378472404)]
[]
[([[15.981981618011062, 1051.3495485304309], [81.68, 989.24], [116.01801838198894, 1034.6504514695691], [50.32, 1096.76]], '[권!', 0.0034060110506283514)]
[]
[([[669, 48], [925, 48], [925, 184], [669, 184]], '(@0고리|', 0.030473032548679026), ([[652, 842], [704, 842], [704, 892], [652, 892]], '묘4', 0.01399361355726256), ([[673, 881], [771, 881], [771, 947], [673, 947]], "[:배4% '", 0.0023393760084063323), ([[731, 1183], [795, 1183], [795, 1219], [731, 1219]], '싣마구', 0.006010421903692331), ([[663, 1251], [703, 1251], [703, 1297], [663, 1297]], '#', 0.4286416651508631)]
[([[223, 111], [311, 111], [311, 147], [223, 147]], '년멘도', 0.2730249100665889), ([[199, 145], [333, 145], [333, 183], [199, 183]], '스위치다 !', 0.9994793690872733), ([[820, 676], [870, 676], [870, 706], [820, 706]], '애들', 0.9925731467306176), ([[435, 701], [451, 701], [451, 725], [435, 725]], '응', 0.9986607746856322), ([[790, 702], [900, 702], [900, 734], [790, 734]], '선물이야?', 0.7085538015236521), ([[400, 723], [494, 723], [494, 755], [400, 755]], '알바해서', 0.9999263882637024), ([[422, 754], [470, 754], [470, 784], [422, 784]], '삶지', 0.6684029373703285), ([[680, 996], [724, 996], [724, 1020], [680, 1020]], '아빠', 0.9990264623624813), ([[668, 1024], [736, 1024], [736, 1052], [668, 1052]], '좋아해?', 0.996384859085083), ([[323, 1107], [335, 1107], [335, 1129], [323, 1129]], '응', 0.9993761559042156), ([[791.3446046887868, 87.03590266796057], [934.9843498801141, 143.56692204814965], [915.6553953112132, 189.96409733203944], [771.0156501198859, 133.43307795185035]], '우와아 ! !', 0.8131668982089684), ([[525.3167184270003, 1077.6583592135], [567.8506449896801, 1060.638832254546], [577.6832815729997, 1085.3416407865], [535.1493550103199, 1102.361167745454]], '벼,다고', 0.0007433596183545887), ([[542.4275212228624, 1117.4565127337173], [576.4002758586744, 1101.346845741459], [587.5724787771376, 1126.5434872662827], [554.5997241413256, 1142.653154258541]], '1999', 0.7396615743637085)]
[([[128, 58], [871, 58], [871, 276], [128, 276]], '내월)', 0.0005411993193212141), ([[95, 267], [217, 267], [217, 329], [95, 329]], '#류', 0.04163699530145598), ([[618, 256], [870, 256], [870, 330], [618, 330]], "'도한월", 0.006018023406348372), ([[91, 1105], [250, 1105], [250, 1183], [91, 1183]], '벼', 0.06629228019393452), ([[86, 1178], [900, 1178], [900, 1299], [86, 1299]], '꼴0 새.들 음0 생맑니쪽', 0.0001116723561461021)]
[([[750, 536], [806, 536], [806, 588], [750, 588]], '*물', 0.008503834978660694), ([[81, 1283], [371, 1283], [371, 1323], [81, 1323]], '이나-+3+서히 [덜 7.쪽씨', 2.5902677187878466e-05), ([[81, 1319], [497, 1319], [497, 1359], [81, 1359]], '룹교오::/교교서마찮어값|@각어실라7', 2.6875209972030517e-08), ([[271.06592332586933, 690.027288872366], [431.81013988589655, 773.5424653027104], [367.93407667413067, 892.972711127634], [207.18986011410342, 808.4575346972896]], '서', 0.0064640505808120086)]
[([[142, 198], [463, 198], [463, 228], [142, 228]], '여러분 안녕하세요, 틈}입니다 .', 0.19953643164231616), ([[141, 223], [843, 223], [843, 259], [141, 259]], '겨우 첫 묘18동인지틀 완성햇습니다 . 두 명의 사자틀 너무 좋아하니까', 0.23634621566319938), ([[144, 254], [463, 254], [463, 284], [144, 284]], '둘이 (차 아르바이트 시켜보기 !', 0.2122639597908649), ([[140, 308], [386, 308], [386, 340], [140, 340]], '참고로 포경 좋아합니다', 0.8668338060119817), ([[142, 364], [406, 364], [406, 396], [142, 396]], '또 다른 이멘트에서 화요 ~', 0.36055132441294674), ([[111, 1103], [179, 1103], [179, 1143], [111, 1143]], '축습', 0.10366966571222341), ([[199, 1105], [359, 1105], [359, 1141], [199, 1141]], "답~마'+<.", 0.00033645369350108773), ([[113, 1139], [179, 1139], [179, 1177], [113, 1177]], '{#', 0.0283702509712042), ([[195, 1137], [263, 1137], [263, 1177], [195, 1177]], '흙흙', 0.3432331925172095), ([[109, 1171], [203, 1171], [203, 1211], [109, 1211]], '축{하터', 0.10759259760379791), ([[225, 1175], [373, 1175], [373, 1211], [225, 1211]], '2019/9/22', 0.6984174763547986), ([[113, 1205], [401, 1205], [401, 1245], [113, 1245]], '죽{7+-)) : [치치료', 0.013876949550398676), ([[113, 1243], [585, 1243], [585, 1283], [113, 1283]], '채  숙 : _어리.<어형2하@8악하봇<어값', 1.1275911305746657e-06), ([[111, 1277], [179, 1277], [179, 1313], [111, 1313]], '티떼', 0.0037345755102263754), ([[193, 1273], [319, 1273], [319, 1315], [193, 1315]], '*소숲차', 0.13054250180721283), ([[337, 1273], [405, 1273], [405, 1313], [337, 1313]], '/밤', 0.002571237246092311)]
[([[1499, 513], [1927, 513], [1927, 665], [1499, 665]], "'", 0.12830665195986413), ([[1451, 2415], [1882, 2415], [1882, 2621], [1451, 2621]], '2019', 0.8459960222244263), ([[978, 2621], [1876, 2621], [1876, 2734], [978, 2734]], '모-예-3 [어-여', 0.001879178083934669)]
[([[701, 291], [763, 291], [763, 327], [701, 327]], '7뭄구', 0.011060132911747334)]
[([[635.0521752792359, 736.1139186448675], [694.6923076923077, 746.4615384615385], [686.9478247207641, 784.8860813551325], [627.3076923076923, 774.5384615384615]], '7꾸', 0.01522298513333762)]
[([[810, 838], [862, 838], [862, 866], [810, 866]], '07', 0.13189852578970968)]
[]
[([[722, 154], [764, 154], [764, 178], [722, 178]], '꾸 ?', 0.0004107090913899946)]
