2525476
9
[]
[]
[([[278, 41], [425, 41], [425, 116], [278, 116]], "'", 0.4163827445109405), ([[48, 758], [126, 758], [126, 842], [48, 842]], '저', 0.2707262637478749), ([[456.3356361611701, 49.02763393404096], [615.9667714434975, 124.27160946802309], [585.6643638388299, 184.97236606595902], [425.03322855650254, 109.72839053197691]], '~^', 0.14143788892438733), ([[762.7426694080676, 252.32507598742984], [807.6755446134895, 210.02857356082455], [885.2573305919324, 301.67492401257016], [840.3244553865105, 343.97142643917545]], '독', 0.8716813561716311), ([[845.9459448540332, 433.34053933943653], [983.1778154842181, 385.4551855761255], [1006.0540551459668, 457.65946066056347], [869.8221845157819, 505.5448144238745]], '타아;', 0.06045078631531247), ([[836.1264929534973, 681.2553746325904], [956.9422783626786, 669.300090830785], [959.8735070465027, 730.7446253674096], [839.0577216373214, 742.699909169215]], '하아 ', 0.21980801287954985), ([[140.26912441760916, 783.0334561519398], [233.97759447910767, 849.401680414067], [191.73087558239084, 907.9665438480602], [98.02240552089235, 841.598319585933]], '어떻', 0.03267338160341322)]
[([[775, 325], [875, 325], [875, 409], [775, 409]], '떼', 0.0055682624165714345), ([[866, 740], [1014, 740], [1014, 896], [866, 896]], '', 0.0), ([[969, 835], [1079, 835], [1079, 983], [969, 983]], '야', 0.17214302796608738), ([[1100, 1619], [1245, 1619], [1245, 1720], [1100, 1720]], '04', 0.11268283015267262), ([[700.2900074199778, 222.0640118719644], [805.0901330809155, 164.31925960983955], [829.7099925800222, 217.9359881280356], [724.9098669190845, 275.68074039016045]], '손질>', 0.4352894262295605), ([[352.4701778718653, 615.4105336155959], [559.2157741863865, 589.5456400171554], [563.5298221281347, 660.5894663844041], [356.7842258136135, 686.4543599828446]], '하아_ 0', 0.1111036078180874), ([[900.3920745334448, 636.4370161469898], [1008.4207471652248, 608.1165061255487], [1023.6079254665552, 680.5629838530102], [915.5792528347752, 708.8834938744513]], '화아', 0.03098154680565722)]
[([[1092, 470], [1224, 470], [1224, 596], [1092, 596]], '젊', 0.09541230484703878), ([[1020, 1050], [1076, 1050], [1076, 1098], [1020, 1098]], '# ', 0.5216298464865361), ([[227, 1129], [391, 1129], [391, 1219], [227, 1219]], '키국', 0.027974951152689685), ([[628.5733745940028, 24.19758502341699], [792.4942933512128, -15.612854677516482], [815.4266254059972, 114.80241497658301], [652.5057066487872, 155.61285467751648]], '쫓다', 0.015938081303055116)]
[([[904, 124], [1054, 124], [1054, 274], [904, 274]], '키9', 0.011431686151900664), ([[99, 395], [135, 395], [135, 449], [99, 449]], '젖', 0.3342692473273736), ([[944, 740], [1120, 740], [1120, 1014], [944, 1014]], '육', 0.4974963147217295), ([[0, 1662], [216, 1662], [216, 1810], [0, 1810]], '학어', 0.0004887891466298851), ([[1019, 1623], [1280, 1623], [1280, 1774], [1019, 1774]], '요오팬', 0.012370135834045027)]
[([[115, 0], [207, 0], [207, 123], [115, 123]], '0', 0.8458207297917966), ([[192, 122], [316, 122], [316, 270], [192, 270]], '해', 0.26744102437124084), ([[22, 486], [210, 486], [210, 662], [22, 662]], '> ', 0.0468158177021219), ([[964, 544], [1042, 544], [1042, 650], [964, 650]], '7', 0.11720260842660313)]
[([[810, 966], [894, 966], [894, 1040], [810, 1040]], '과업', 0.004324778266298362), ([[823, 1455], [1029, 1455], [1029, 1587], [823, 1587]], '7끗 "', 0.022008214178459405), ([[441.6292136193923, 119.13258451490616], [535.5249638226059, 79.22023763832674], [562.3707863806077, 152.86741548509383], [469.47503617739414, 192.77976236167328]], '차다', 0.4785139013628395)]
[([[686, 1594], [768, 1594], [768, 1650], [686, 1650]], '푸협,', 0.00856504042014283)]
