2526337
22
[([[81, 144], [973, 144], [973, 409], [81, 409]], '그시:물도', 0.00014402401799346696), ([[1108, 179], [1256, 179], [1256, 347], [1108, 347]], '시', 0.9759140613140325), ([[853, 370], [1233, 370], [1233, 529], [853, 529]], '면꼴4롬씨', 0.0003076850345761813), ([[1660, 2413], [1854, 2413], [1854, 2475], [1660, 2475]], '지시', 0.0035261824465479758), ([[1668, 2469], [1846, 2469], [1846, 2573], [1668, 2573]], '총18', 0.02445987320258798), ([[1656, 2567], [1849, 2567], [1849, 2618], [1656, 2618]], ': 시 |}', 0.12741230471602707), ([[1677, 2627], [1832, 2627], [1832, 2667], [1677, 2667]], '18 초*0', 0.17312017241900463), ([[1653, 2654], [1726, 2654], [1726, 2694], [1653, 2694]], '업', 0.040839005007601514), ([[1736, 2656], [1854, 2656], [1854, 2694], [1736, 2694]], '[숙-찾-', 0.000930555600802517)]
[([[1272, 154], [1436, 154], [1436, 388], [1272, 388]], '0', 0.9183011811592792)]
[([[1787, 803], [1835, 803], [1835, 861], [1787, 861]], '응', 0.9990678814589593), ([[1779, 879], [1904, 879], [1904, 943], [1779, 943]], '입없어', 0.9977143107751004), ([[1591, 968], [1655, 968], [1655, 1016], [1591, 1016]], '에}', 0.25493514791365546), ([[1589, 1037], [1795, 1037], [1795, 1093], [1589, 1093]], '보여달라고', 0.998230016050867), ([[1588, 1115], [1807, 1115], [1807, 1175], [1588, 1175]], '장난치는 말', 0.8325904233179869), ([[1592, 1205], [1722, 1205], [1722, 1247], [1592, 1247]], '하지마', 0.9996223639512886), ([[1589, 1276], [1709, 1276], [1709, 1333], [1589, 1333]], '선생님.', 0.9967043995857239), ([[280, 1961], [520, 1961], [520, 2025], [280, 2025]], '알앉어 이제', 0.7633878893705865), ([[256, 2042], [443, 2042], [443, 2106], [256, 2106]], '그런 얼굴', 0.9997414734451798), ([[258, 2132], [399, 2132], [399, 2176], [258, 2176]], '하지마', 0.9995379886162781), ([[1607, 2590], [1786, 2590], [1786, 2643], [1607, 2643]], '카요코', 0.6370377561536082), ([[1799, 2744], [1845, 2744], [1845, 2784], [1799, 2784]], '12', 0.4351290064274825)]
[([[172, 2742], [221, 2742], [221, 2786], [172, 2786]], '13', 0.9355391162957982)]
[([[461, 513], [578, 513], [578, 672], [461, 672]], '8', 0.03535120879783116), ([[1683, 693], [1730, 693], [1730, 722], [1683, 722]], '에', 0.9262609503026056), ([[1682, 742], [1843, 742], [1843, 791], [1682, 791]], '그러니깨', 0.9118015170097351), ([[361, 1005], [408, 1005], [408, 1047], [361, 1047]], '이', 0.9986516017399119), ([[415, 994], [513, 994], [513, 1060], [415, 1060]], '속옷:', 0.43659335881342676), ([[363, 1088], [475, 1088], [475, 1130], [363, 1130]], '제가', 0.5008510207355915), ([[360, 1153], [557, 1153], [557, 1218], [360, 1218]], '가져도.?', 0.7615799700393453), ([[1479, 2203], [1580, 2203], [1580, 2379], [1479, 2379]], '톤', 0.08285538776957058), ([[1642, 2589], [1771, 2589], [1771, 2653], [1642, 2653]], '미유', 0.9990804796377868), ([[1797, 2746], [1841, 2746], [1841, 2784], [1797, 2784]], '14', 0.999999915706304)]
[([[172, 2726], [221, 2726], [221, 2770], [172, 2770]], '15', 0.9961419535650367)]
[([[1692, 385], [1799, 385], [1799, 465], [1692, 465]], "웬'", 0.18785746271569426), ([[249, 737], [426, 737], [426, 817], [249, 817]], '(히히히}', 0.25811335092578325), ([[252, 833], [409, 833], [409, 881], [252, 881]], '터지기', 0.9994752238962727), ([[252, 903], [566, 903], [566, 975], [252, 975]], '직전인거 끝네', 0.49001407295295135), ([[250, 975], [413, 975], [413, 1059], [250, 1059]], '선생님', 0.9992544504365365), ([[133, 1175], [395, 1175], [395, 1252], [133, 1252]], '도와줄까?', 0.8721455019742007), ([[473, 1420], [577, 1420], [577, 1493], [473, 1493]], '("', 0.3063730939090976), ([[1640, 2583], [1761, 2583], [1761, 2634], [1640, 2634]], '모에', 0.9983666948068205), ([[1797, 2735], [1841, 2735], [1841, 2775], [1797, 2775]], '16', 1.0)]
[([[170, 2735], [219, 2735], [219, 2779], [170, 2779]], '17', 0.37229089063148674), ([[1654.2645563374508, 1426.1905035185284], [1699.6482675660702, 1387.0263089373377], [1777.7354436625492, 1486.8094964814716], [1732.3517324339298, 1525.9736910626623]], '@', 0.24697823090153648)]
[([[630, 97], [879, 97], [879, 395], [630, 395]], '7', 0.6359451446548157), ([[1663, 284], [1882, 284], [1882, 357], [1663, 357]], '학생에제', 0.5119986534118652), ([[1664, 368], [1888, 368], [1888, 434], [1664, 434]], '이런 야한', 0.7213017673609142), ([[1668, 441], [1848, 441], [1848, 516], [1668, 516]], '속옷올', 0.761471372824237), ([[1567, 717], [1663, 717], [1663, 779], [1567, 779]], '역시', 0.9986974052421662), ([[1417, 740], [1501, 740], [1501, 837], [1417, 837]], '8', 0.16517718603601939), ([[1564, 790], [1731, 790], [1731, 863], [1564, 863]], '선생님이', 0.4566565155982971), ([[965, 1442], [1012, 1442], [1012, 1475], [965, 1475]], '닭', 0.1264063869288954), ([[388, 1801], [554, 1801], [554, 1861], [388, 1861]], '하나고', 0.8841395036984262), ([[382, 1882], [601, 1882], [601, 1949], [382, 1949]], '천이라니;', 0.6873646412350465), ([[217, 2146], [385, 2146], [385, 2210], [217, 2210]], '이런 거', 0.9687903730129676), ([[158, 2221], [444, 2221], [444, 2294], [158, 2294]], '마음에 드는', 0.9972954960024978), ([[162, 2304], [451, 2304], [451, 2377], [162, 2377]], '건 아니잡야!', 0.6359919322835379), ([[1599, 2576], [1811, 2576], [1811, 2657], [1599, 2657]], '코하루', 0.9961275060216572), ([[1801, 2742], [1843, 2742], [1843, 2779], [1801, 2779]], '18', 0.9999975554836615), ([[445.27253004752583, 1718.0532043231758], [523.9794660323386, 1752.5473212697875], [504.72746995247417, 1795.9467956768242], [426.0205339676615, 1761.4526787302125]], '어)', 0.6623152194531586)]
[([[174, 2744], [216, 2744], [216, 2784], [174, 2784]], '19', 0.9999867659152165), ([[610.8405095554342, 2322.0063694429277], [630.1488398496432, 2317.0055460147805], [659.1594904445658, 2450.9936305570723], [639.8511601503568, 2454.9944539852195]], "'", 0.24804852263078292)]
[([[1650, 344], [1887, 344], [1887, 425], [1650, 425]], '고마워요}', 0.509946456058236), ([[1696, 429], [1836, 429], [1836, 497], [1696, 497]], '선생님', 0.9995124559745818), ([[1628, 499], [1901, 499], [1901, 589], [1628, 589]], '이렇제 좋은', 0.7028564959337196), ([[1715, 585], [1821, 585], [1821, 658], [1715, 658]], '것올', 0.23929628731617744), ([[1681, 671], [1853, 671], [1853, 734], [1681, 734]], '주서서', 0.981720321059226), ([[494, 789], [599, 789], [599, 826], [494, 826]], '너무 좋아 ', 0.6702484005050254), ([[314, 951], [394, 951], [394, 990], [314, 990]], '으으응', 0.9958050266789327), ([[312, 993], [511, 993], [511, 1031], [312, 1031]], '아무것도 아니야', 0.994781833450564), ([[1631, 2599], [1777, 2599], [1777, 2654], [1631, 2654]], '미카', 0.8254247727286167), ([[1801, 2751], [1845, 2751], [1845, 2790], [1801, 2790]], '20', 0.9999681371312066)]
[([[19, 255], [59, 255], [59, 300], [19, 300]], "'", 0.5452133204749465), ([[77, 2309], [943, 2309], [943, 2539], [77, 2539]], '(시::설', 0.0012090824774841037), ([[1070, 2309], [1954, 2309], [1954, 2539], [1070, 2539]], '시,예신.', 0.0017007114962876903), ([[594, 2549], [1459, 2549], [1459, 2683], [594, 2683]], '"비 투어꼴나레앙어꼴나4', 1.7528911884108905e-05), ([[180, 2745], [206, 2745], [206, 2783], [180, 2783]], '3', 0.9991523632309054)]
[]
[([[712, 616], [774, 616], [774, 680], [712, 680]], '수', 0.1426690651280751), ([[356, 1303], [951, 1303], [951, 1466], [356, 1466]], '[예:물', 0.00025978797930292785), ([[1017, 1295], [1651, 1295], [1651, 1470], [1017, 1470]], '스-끈신', 0.009025491774082184), ([[715, 1469], [1296, 1469], [1296, 1561], [715, 1561]], '"비 투6꼴나레쪽어꼴나4', 7.353287908884574e-05), ([[197, 1929], [552, 1929], [552, 1990], [197, 1990]], '-미요@~ ^,후쪽@', 9.405013151088593e-05), ([[198, 2012], [287, 2012], [287, 2060], [198, 2060]], '사귀', 0.023550692815963847), ([[394, 2012], [568, 2012], [568, 2060], [394, 2060]], '단 5)초', 0.04294650366188445), ([[581, 2012], [769, 2012], [769, 2060], [581, 2060]], '(커라어-서,3)', 0.001043542120307603), ([[196, 2082], [291, 2082], [291, 2138], [196, 2138]], '홀수', 0.061418154725178926), ([[402, 2091], [642, 2091], [642, 2131], [402, 2131]], '돈-+ 돈-+', 0.1316629585904973), ([[198, 2120], [323, 2120], [323, 2170], [198, 2170]], '탤구터', 0.07727150852417611), ([[396, 2122], [611, 2122], [611, 2170], [396, 2170]], '2022-125', 0.15964019574335586), ([[639, 2122], [870, 2122], [870, 2170], [639, 2170]], '(그 = 4101)', 0.37040543681274396), ([[197, 2197], [472, 2197], [472, 2249], [197, 2249]], '-긋;3| 가하7`5', 0.00014329529695625965), ([[501, 2199], [599, 2199], [599, 2241], [501, 2241]], '-화3;', 0.011333693750202656), ([[197, 2274], [315, 2274], [315, 2316], [197, 2316]], '{담++형대', 0.0010671389737025587), ([[348, 2274], [498, 2274], [498, 2316], [348, 2316]], '후하어-형,3', 0.00015074249151514002), ([[199, 2312], [284, 2312], [284, 2356], [199, 2356]], '명;차', 0.0020827995546685123), ([[312, 2307], [473, 2307], [473, 2352], [312, 2352]], '5004456', 0.9644191730687292), ([[199, 2348], [318, 2348], [318, 2390], [199, 2390]], '@-악리', 0.007866078056395054), ([[346, 2340], [902, 2340], [902, 2397], [346, 2397]], "라하화+어,라,후}아*하2어어4@'적라|.(어야", 5.568031100258431e-08), ([[199, 2384], [259, 2384], [259, 2424], [199, 2424]], '53', 0.48312967430024367), ([[283, 2379], [665, 2379], [665, 2433], [283, 2433]], '때부`#서어덧라어어3', 7.373122688745203e-05), ([[199, 2456], [288, 2456], [288, 2500], [199, 2500]], '티]]', 0.35643093392890307), ([[318, 2454], [417, 2454], [417, 2498], [318, 2498]], ':이()', 0.0034563078079372644), ([[765, 2612], [949, 2612], [949, 2663], [765, 2663]], '#버가#주흐&', 0.006100733785212168), ([[970, 2612], [1806, 2612], [1806, 2665], [970, 2665]], '#빛 ` * " |소스07"7미- +"심껍<호', 0.01339660757677923), ([[1794, 2739], [1839, 2739], [1839, 2779], [1794, 2779]], '22', 0.9999974711900259), ([[1080.3005628453516, 1152.1825890886175], [1249.2623466415844, 1055.9744122424609], [1276.6994371546484, 1121.8174109113825], [1107.7376533584156, 1218.0255877575391]], '~', 0.006535880028658347), ([[757.4866798987476, 1055.0188466229677], [894.733795782599, 1151.087934530867], [856.5133201012524, 1204.9811533770323], [719.266204217401, 1108.912065469133]], ',', 0.053094746777787805)]
[([[29, 1478], [96, 1478], [96, 1531], [29, 1531]], "'5", 0.3322907055946633), ([[84, 1462], [1959, 1462], [1959, 1566], [84, 1566]], '11059005*039003903903 05 0309*03*030-*03037', 0.005713860093522023), ([[551, 1667], [965, 1667], [965, 1781], [551, 1781]], '[예::이설', 0.00017094505022214885), ([[1007, 1663], [1450, 1663], [1450, 1787], [1007, 1787]], '스-4신설', 0.00610433695563529), ([[858, 1778], [1216, 1778], [1216, 1851], [858, 1851]], '박~꼴나-쪽어나4', 4.715767262097765e-05), ([[788.8853729282276, 1777.0893121550114], [861.3106614022779, 1793.9708825269065], [847.1146270717724, 1852.9106878449886], [773.6893385977221, 1836.0291174730935]], '벼니', 0.006097192841262285)]
[([[856, 502], [1184, 502], [1184, 612], [856, 612]], '호초교', 0.016576140962169875), ([[373, 897], [1654, 897], [1654, 984], [373, 984]], '디0소춘3(도력* -7네런곧7하0병 55 근단 운화@', 5.714183861414752e-05), ([[502, 1040], [1529, 1040], [1529, 1119], [502, 1119]], '도-+도-+0+5)소(하어-~할미)@/@', 0.0001958695707512653), ([[484, 1319], [1538, 1319], [1538, 1398], [484, 1398]], '그=시<술-/답501당터3=소 )() @=1처', 0.0007687129836445499), ([[459, 1458], [1560, 1458], [1560, 1536], [459, 1536]], "속미이#나#끼상- )7,0-)>피'소하답 !", 0.0014059517175534384), ([[610, 1595], [1410, 1595], [1410, 1673], [610, 1673]], '##0하서+가`:+0깨', 0.00041296436698725275), ([[617, 1734], [1405, 1734], [1405, 1813], [617, 1813]], '#초1-5713221씌701@', 0.0005716919589510474), ([[341, 1869], [1676, 1869], [1676, 1958], [341, 1958]], '"품료%-스?<1로시-8 스0주 출-하##균7(+로@', 0.00024458702391692177), ([[628, 2014], [1389, 2014], [1389, 2093], [628, 2093]], '##-=)] @합   투<*(중어0', 0.019671170878522357), ([[726, 2308], [1294, 2308], [1294, 2396], [726, 2396]], '>0 @히하엎숨어하0-히@', 3.353380985179653e-05), ([[806.8550424457247, 2238.9130254674346], [1082.6134741705334, 2187.881295741083], [1091.1449575542752, 2239.0869745325654], [814.3865258294666, 2289.118704258917]], '더,요요물:', 0.000255818327209415), ([[506.08460847688576, 2293.55922593382], [800.6541498139782, 2242.9923670950366], [808.9153915231143, 2293.44077406618], [513.3458501860218, 2345.0076329049634]], '[@갈', 0.014010284016988039)]
[([[182, 2747], [206, 2747], [206, 2780], [182, 2780]], '5', 0.9998606491955151)]
[([[1691, 381], [1809, 381], [1809, 423], [1691, 423]], '이야', 0.9602249053148051), ([[1467, 598], [1498, 598], [1498, 634], [1467, 634]], '9', 0.7771428277625922), ([[1485, 579], [1725, 579], [1725, 654], [1485, 654]], "'[런 귀여운", 0.18150829293386417), ([[1465, 655], [1772, 655], [1772, 735], [1465, 735]], '속옷, 나한터', 0.5229201241787189), ([[1462, 746], [1634, 746], [1634, 812], [1462, 812]], '아깝지', 0.94948327811025), ([[1458, 812], [1664, 812], [1664, 899], [1458, 899]], '않올까?', 0.1865188181400299), ([[291, 1067], [368, 1067], [368, 1142], [291, 1142]], '응}', 0.28979765019283255), ([[289, 1151], [455, 1151], [455, 1213], [289, 1213]], '고마위', 0.7932063827549736), ([[286, 1229], [426, 1229], [426, 1302], [286, 1302]], '선생님', 0.9972318698225527), ([[1602, 1185], [1710, 1185], [1710, 1370], [1602, 1370]], '틈', 0.10512326688168461), ([[325, 2472], [473, 2472], [473, 2662], [325, 2662]], '끈', 0.06237783298284527), ([[1603, 2587], [1791, 2587], [1791, 2653], [1603, 2653]], '호시노', 0.9956468188063573)]
[([[175, 2738], [200, 2738], [200, 2774], [175, 2774]], '7', 0.9999965429335909)]
[([[1676, 428], [1891, 428], [1891, 505], [1676, 505]], '짜잔-', 0.36939594483848187), ([[278, 897], [380, 897], [380, 959], [278, 959]], '흐흐}', 0.3196618796332302), ([[277, 977], [409, 977], [409, 1034], [277, 1034]], '글쎄요', 0.6372181177139282), ([[1613, 2581], [1786, 2581], [1786, 2636], [1613, 2636]], '노노미', 0.828252184764498), ([[1813, 2736], [1838, 2736], [1838, 2769], [1813, 2769]], '8', 0.9999989271166818)]
[([[905, 2406], [1077, 2406], [1077, 2481], [905, 2481]], '팎문', 0.0010896081635954375), ([[881, 2483], [1107, 2483], [1107, 2520], [881, 2520]], '4 3 거 마 0 $', 0.10799804928827442)]
[([[1773, 391], [1822, 391], [1822, 422], [1773, 422]], '에', 0.9764476092402994), ([[295, 640], [541, 640], [541, 716], [295, 716]], '응} 알앉어}', 0.5366164397703579), ([[1624, 643], [1865, 643], [1865, 704], [1624, 704]], '답례로 어떤', 0.39282556079146824), ([[1627, 725], [1806, 725], [1806, 778], [1627, 778]], '의로라도', 0.9799771904945374), ([[1624, 798], [1721, 798], [1721, 864], [1624, 864]], '해출', 0.8728193697116405), ([[1626, 889], [1784, 889], [1784, 938], [1626, 938]], '테니까', 0.9993111572102871), ([[172, 971], [419, 971], [419, 1033], [172, 1033]], '보여드리논건', 0.895334290748932), ([[172, 1054], [272, 1054], [272, 1114], [172, 1114]], '간단', 0.9998067200240126), ([[168, 1610], [282, 1610], [282, 1660], [168, 1660]], '아라', 0.9986836706416817), ([[1644, 2580], [1769, 2580], [1769, 2644], [1644, 2644]], '아루', 0.9998478532671361), ([[1796, 2729], [1846, 2729], [1846, 2778], [1796, 2778]], '-0', 0.2979978573336456), ([[171.96667006423115, 1514.0766894303488], [297.7224235872754, 1535.0483286359522], [285.03332993576885, 1594.9233105696512], [160.27757641272464, 1574.9516713640478]], '라고?', 0.616998233044991)]
