2528598
37
[([[383, 63], [584, 63], [584, 178], [383, 178]], '미친', 0.9076316535391609), ([[459, 163], [658, 163], [658, 280], [459, 280]], '과실', 0.9999475697230336), ([[1159, 751], [1319, 751], [1319, 795], [1159, 795]], '역식: 도레속', 0.5664321562377618), ([[1158, 806], [1316, 806], [1316, 854], [1158, 854]], '음양대전기', 0.9947423345040111), ([[878, 844], [946, 844], [946, 898], [878, 898]], "'", 0.5746229412278723), ([[1219, 849], [1317, 849], [1317, 891], [1219, 891]], '성인향', 0.99517916227255)]
[([[543, 49], [617, 49], [617, 67], [543, 67]], '이용 놈문이', 0.4700579525401648), ([[543, 67], [617, 67], [617, 87], [543, 87]], '긁길 수 있는', 0.12930836201665094), ([[557, 87], [599, 87], [599, 107], [557, 107]], '상태로', 0.6191201941518328), ([[565, 107], [593, 107], [593, 127], [565, 127]], '멈추', 0.12806963263339402), ([[547, 127], [611, 127], [611, 147], [547, 147]], '있다거나 "', 0.4328254075149252), ([[91, 663], [121, 663], [121, 681], [91, 681]], '물론', 0.6552927791107778), ([[85, 683], [127, 683], [127, 701], [85, 701]], '저행은', 0.23411759363929763), ([[81, 703], [133, 703], [133, 723], [81, 723]], '멈준다고', 0.2103217989206314), ([[81, 723], [133, 723], [133, 743], [81, 743]], '당하느게', 0.31564241647720337), ([[79, 743], [133, 743], [133, 761], [79, 761]], '달라지논', 0.7288995981216431), ([[91, 763], [121, 763], [121, 781], [91, 781]], '것도', 0.9938903105041702), ([[85, 783], [127, 783], [127, 801], [85, 801]], '아니고', 0.9999904332594886)]
[([[438, 228], [478, 228], [478, 252], [438, 252]], '놈들이', 0.7096053072785448), ([[437, 251], [481, 251], [481, 269], [437, 269]], '질텔 때', 0.77088369649939), ([[444, 268], [474, 268], [474, 292], [444, 292]], '까지', 0.9535030406093908), ([[444, 288], [474, 288], [474, 312], [444, 312]], '몸음', 0.6227293246904776), ([[437, 309], [483, 309], [483, 329], [437, 329]], '밑길 뿐', 0.9282795294360704), ([[421, 423], [483, 423], [483, 511], [421, 511]], '7', 0.04556921697354799), ([[87, 799], [107, 799], [107, 847], [87, 847]], '학', 0.9807646863735364), ([[64.92098455285785, 452.12046715457745], [158.69715094547567, 366.0135056067275], [322.0790154471422, 573.8795328454225], [228.30284905452433, 659.9864943932724]], '속', 0.5829497640508692), ([[378.2370141040878, 504.0487100118849], [423.5120691164445, 495.1936545928532], [441.7629858959122, 593.9512899881151], [395.4879308835555, 602.8063454071468]], '맑', 0.006170475265223685), ([[186.9563638994289, 614.1385464278869], [251.71796284467854, 622.5246179187784], [246.0436361005711, 658.8614535721131], [181.28203715532146, 650.4753820812216]], '(내', 0.6266107252234772)]
[([[259.3602873455666, 25.020482590838487], [333.27229615606416, 13.261587902582068], [360.6397126544334, 200.9795174091615], [286.72770384393584, 212.73841209741792]], '복', 0.027117913637940916)]
[([[245, 0], [408, 0], [408, 246], [245, 246]], ']', 0.023664743750213768), ([[542, 114], [666, 114], [666, 310], [542, 310]], '#', 0.847540241247998), ([[279, 353], [293, 353], [293, 423], [279, 423]], '7', 0.07115793574857676)]
[([[123, 43], [150, 43], [150, 146], [123, 146]], '7', 0.6640234136012282)]
[([[67, 101], [125, 101], [125, 121], [67, 121]], '다음 날엔', 0.8173306522473509), ([[67, 121], [121, 121], [121, 139], [67, 139]], '모든 것이', 0.910332373691744), ([[77, 141], [117, 141], [117, 159], [77, 159]], '부서저', 0.6964343266707054), ([[81, 161], [111, 161], [111, 179], [81, 179]], '있길', 0.23441183970041113), ([[67, 179], [123, 179], [123, 199], [67, 199]], '[기도하다', 0.7308301511339893), ([[98, 561], [126, 561], [126, 673], [98, 673]], '허', 0.004933449092609843), ([[433.45373221945306, 372.0501539850466], [459.6410906364163, 367.0692999478112], [470.54626778054694, 431.9498460149534], [444.3589093635837, 436.9307000521888]], '5', 0.9862256837600967), ([[380.6537571487741, 641.0099986737919], [426.5779451691611, 635.0278999186683], [453.3462428512259, 825.9900013262081], [407.4220548308389, 832.9721000813317]], '"', 0.7041746425230144), ([[158.70451325793874, 755.0109289821731], [189.27903883191465, 751.0097447036206], [209.29548674206126, 897.9890710178269], [178.72096116808535, 901.9902552963794]], '5', 0.0678081275175515)]
[([[59, 59], [95, 59], [95, 77], [59, 77]], '누구의', 0.99098140001297), ([[57, 79], [95, 79], [95, 93], [57, 93]], '기적도', 0.2971581530340199), ([[51, 95], [101, 95], [101, 113], [51, 113]], '느껴지지', 0.9527151046132148), ([[61, 115], [97, 115], [97, 131], [61, 131]], '암고: ', 0.7621210813522339), ([[57, 131], [95, 131], [95, 149], [57, 149]], '도망도', 0.9999110779637826), ([[256, 135], [297, 135], [297, 155], [256, 155]], '오는?은', 0.5087089045984214), ([[255, 153], [291, 153], [291, 169], [255, 169]], '공기적', 0.6974994094943839), ([[51, 167], [103, 167], [103, 185], [51, 185]], '가젠지만', 0.46365752816200256), ([[263, 167], [289, 167], [289, 185], [263, 185]], '다른', 0.9878100797608781), ([[65, 187], [91, 187], [91, 201], [65, 201]], '민가', 0.9943330132142386)]
[([[509, 235], [525, 235], [525, 257], [509, 257]], '으', 0.9991163776106902), ([[509, 257], [525, 257], [525, 281], [509, 281]], '우', 0.9999436148008876), ([[509, 281], [525, 281], [525, 305], [509, 305]], '우', 0.5781582638887207), ([[509, 303], [523, 303], [523, 327], [509, 327]], '우', 0.44439642385294553), ([[101, 275], [117, 275], [117, 377], [101, 377]], '}', 0.03543545012913629), ([[66, 836], [94, 836], [94, 860], [66, 860]], '아!', 0.9909813213584577)]
[([[39, 679], [73, 679], [73, 693], [39, 693]], '뜨거: "', 0.25067371625302703), ([[41, 695], [71, 695], [71, 709], [41, 709]], '워어"', 0.42473620988121963)]
[([[422, 480], [454, 480], [454, 530], [422, 530]], '톤', 0.08623917995296271), ([[347, 547], [385, 547], [385, 567], [347, 567]], '동시논', 0.6729418988940192), ([[351, 569], [381, 569], [381, 585], [351, 585]], '싫어"', 0.7974639137725199), ([[82, 654], [106, 654], [106, 720], [82, 720]], '#"', 0.255050387397221), ([[395.4848456760908, 520.033311705899], [425.4101970829502, 510.02108829538287], [454.5151543239092, 604.966688294101], [424.5898029170498, 614.9789117046171]], '#', 0.09871132998240739)]
[([[302, 380], [668, 380], [668, 754], [302, 754]], '또=', 0.020183071850071784)]
[]
[([[141, 367], [157, 367], [157, 407], [141, 407]], '육', 0.03305064144120373), ([[127, 753], [143, 753], [143, 827], [127, 827]], '{', 0.20922214301732822), ([[185, 581], [277, 581], [277, 960], [185, 960]], '"', 0.10480481249237528), ([[378, 645], [543, 645], [543, 824], [378, 824]], '방해', 0.01312610495603861), ([[589, 725], [601, 725], [601, 779], [589, 779]], '~', 0.04906883575091414), ([[130, 834], [138, 834], [138, 860], [130, 860]], '@', 0.2280010621187154)]
[([[385, 657], [431, 657], [431, 673], [385, 673]], '계:  계반', 0.47543069293548884), ([[397, 675], [431, 675], [431, 691], [397, 691]], '적어도', 0.9972326266221533), ([[391, 693], [435, 693], [435, 709], [391, 709]], '손이나  ', 0.7250395229193508), ([[1, 623], [70, 623], [70, 826], [1, 826]], '7', 0.005078827247724016)]
[([[493, 15], [585, 15], [585, 167], [493, 167]], '절', 0.3853874823927441), ([[76, 98], [224, 98], [224, 248], [76, 248]], '코물', 0.00679289250084381), ([[517, 163], [561, 163], [561, 219], [517, 219]], '선', 0.06837109093800109), ([[436, 266], [564, 266], [564, 392], [436, 392]], '[칙', 0.012104997157918037), ([[285, 821], [305, 821], [305, 859], [285, 859]], '죽', 0.03752307890658191), ([[200.35418710061322, 26.023200698523688], [269.6116087215269, 18.38724783326232], [286.6458128993868, 182.97679930147632], [217.38839127847308, 190.61275216673766]], '둘', 0.13163037222208018), ([[566.3024029202134, 73.02436175905154], [641.1444731896897, 64.5072507481066], [656.6975970797866, 235.97563824094846], [581.8555268103103, 243.4927492518934]], '오', 0.018574581993819672), ([[315.1135155856441, 455.09946857683417], [348.5578740873836, 442.03909397957665], [372.8864844143559, 506.90053142316583], [340.4421259126164, 520.9609060204233]], '춤', 0.008459245025118856), ([[331.15028142267585, 518.0912945443088], [359.5151543239092, 502.03331170589905], [395.84971857732415, 571.9087054556912], [368.4848456760908, 586.966688294101]], '5', 0.01812381112056749)]
[([[122, 555], [150, 555], [150, 662], [122, 662]], '응', 0.3569397579042608)]
[([[198, 110], [228, 110], [228, 144], [198, 144]], "'", 0.1548380284194204), ([[124, 156], [148, 156], [148, 186], [124, 186]], '떠', 0.008268880054917105), ([[210, 166], [236, 166], [236, 198], [210, 198]], '올', 0.0963684811623331), ([[604, 198], [634, 198], [634, 250], [604, 250]], '꿀', 0.6432100010020037), ([[323, 235], [373, 235], [373, 271], [323, 271]], '시구', 0.9831209128991706), ([[386, 264], [410, 264], [410, 298], [386, 298]], '간', 0.023341085301886944), ([[437, 246], [470, 246], [470, 303], [437, 303]], '출이', 0.11559412617647684), ([[474, 196], [512, 196], [512, 319], [474, 319]], '8', 0.46085236811137875), ([[161.3859944401545, 132.0965827644789], [181.78783859715833, 130.16170993996388], [185.6140055598455, 166.9034172355211], [165.21216140284167, 168.83829006003612]], '병', 0.032895705729574454), ([[506.4816015659756, 158.04512892606107], [533.8241633836922, 155.11542815707753], [540.5183984340243, 220.95487107393893], [514.1758366163078, 223.88457184292247]], '%', 0.28406707149003196), ([[277.7125353714373, 291.42752122286237], [346.1554373370811, 264.1214416065045], [361.2874646285627, 302.57247877713763], [291.8445626629189, 330.8785583934955]], '2[아]', 0.24098309874534607)]
[]
[([[191, 361], [227, 361], [227, 377], [191, 377]], '아직도', 0.9996843040378198), ([[197, 379], [229, 379], [229, 393], [197, 393]], '살아  ', 0.6656677722930908)]
[([[586, 630], [646, 630], [646, 654], [586, 654]], '어제 ?', 0.6560842394828796), ([[590, 654], [626, 654], [626, 678], [590, 678]], '그건', 0.9975755634473831), ([[588, 678], [628, 678], [628, 704], [588, 704]], '이 것', 0.8883256655027825), ([[584, 704], [636, 704], [636, 730], [584, 730]], '때문에', 0.9929327718505707)]
[([[361, 277], [385, 277], [385, 293], [361, 293]], '이런', 0.9997419867435744), ([[138, 490], [164, 490], [164, 546], [138, 546]], '3', 0.0057626315540346695), ([[141, 545], [163, 545], [163, 561], [141, 561]], '암아', 0.8147874670939866), ([[479.6600263069804, 45.06427359259607], [562.6081211398683, -16.986786216970835], [694.3399736930196, 176.93572640740393], [610.3918788601317, 240.98678621697084]], '톤', 0.43511063680441353)]
[([[160, 196], [312, 196], [312, 220], [160, 220]], '~지난번까지의 줄거리 ~', 0.9705548975389616), ([[160, 216], [512, 216], [512, 242], [160, 242]], '횟균을 요괴 찌가 마음에 들어한 모양이야. 성적인 의미로', 0.30243786654338045), ([[291, 733], [465, 733], [465, 745], [291, 745]], "#*9); '기하_;70+4*3터-다/스{+#,", 0.003335913227530586), ([[291, 739], [451, 739], [451, 753], [291, 753]], '`+];+ 비),내"\'디1내\'{; ;+자', 1.9440734520138184e-05)]
[([[208, 450], [242, 450], [242, 474], [208, 474]], '나', 0.6291190824531192), ([[261, 489], [285, 489], [285, 503], [261, 503]], '이계', 0.7436319362085004), ([[43, 537], [77, 537], [77, 555], [43, 555]], '주여쥐', 0.772624380561643)]
[([[66, 580], [94, 580], [94, 668], [66, 668]], '#', 0.4748240175854903), ([[246, 482], [283, 482], [283, 667], [246, 667]], '7', 0.01860189488689934), ([[388, 508], [429, 508], [429, 621], [388, 621]], '애', 0.5098177707173477), ([[360, 597], [412, 597], [412, 792], [360, 792]], '"', 0.05419805643551023)]
[([[372, 0], [601, 0], [601, 154], [372, 154]], '두근', 0.9989303120436399), ([[100, 338], [126, 338], [126, 436], [100, 436]], '콩', 0.2679954101325599), ([[542, 516], [568, 516], [568, 546], [542, 546]], '아', 0.9999588732179667), ([[226, 800], [284, 800], [284, 832], [226, 832]], '데꿀', 0.33914618482937015), ([[561.2281155986319, 408.0599398312445], [596.9805806756909, 400.0970966215454], [614.7718844013681, 481.9400601687555], [579.0194193243091, 489.9029033784546]], '"', 0.3512480068089907)]
[([[147, 697], [169, 697], [169, 709], [147, 709]], '"진', 0.46975063659723987), ([[137, 713], [169, 713], [169, 727], [137, 727]], '내가 "', 0.6289487481117249), ([[384.052175279236, 103.11391864486748], [412.60822873701574, 91.04651320939753], [436.947824720764, 151.88608135513252], [407.39177126298426, 163.95348679060248]], '퍽', 0.15096388719652598), ([[424.2583685632087, 828.0693533850061], [454.456762690498, 811.0261645926676], [494.7416314367913, 888.9306466149939], [464.543237309502, 905.9738354073324]], '소', 0.06881899676933756)]
[([[560, 476], [590, 476], [590, 500], [560, 500]], '나는', 0.9753249758255671), ([[69, 649], [109, 649], [109, 669], [69, 669]], '인간도', 0.9999578789034177), ([[57, 669], [117, 669], [117, 689], [57, 689]], '아난 거네', 0.5080471924220699), ([[113, 823], [179, 823], [179, 843], [113, 843]], '지금이라면', 0.9975318270402939), ([[127, 843], [169, 843], [169, 863], [127, 863]], '아기도', 0.9995968310208414), ([[106, 862], [184, 862], [184, 886], [106, 886]], '생기 려나  ', 0.850979083816589)]
[([[535, 105], [573, 105], [573, 123], [535, 123]], '어라  ', 0.8125602006912231), ([[493, 199], [539, 199], [539, 215], [493, 215]], '누구의?', 0.9985566139221191), ([[179, 233], [211, 233], [211, 253], [179, 253]], '이젠', 0.7320313635439364), ([[140, 272], [252, 272], [252, 296], [140, 296]], '기억나지 않아  -', 0.4095771056895227), ([[389, 851], [407, 851], [407, 875], [389, 875]], '비', 0.750738514918968)]
[([[347, 387], [419, 387], [419, 407], [347, 407]], '오늘은 안되', 0.6547340339306945)]
[([[362, 56], [628, 56], [628, 160], [362, 160]], '9:27', 0.007755385711789131), ([[427, 141], [629, 141], [629, 251], [427, 251]], '못봇', 0.10489011740449054), ([[62, 755], [223, 755], [223, 781], [62, 781]], '2006410)1291 ', 0.3704541233191176), ([[62, 780], [200, 780], [200, 808], [62, 808]], '[숲붕시*다10', 0.09573431651597766), ([[64, 804], [198, 804], [198, 828], [64, 828]], "탤' 셋) /뼈", 0.09732361904002597), ([[214, 802], [264, 802], [264, 830], [214, 830]], '히대버]', 0.012075401842594147), ([[62, 826], [220, 826], [220, 852], [62, 852]], '77>+91다]-]', 0.001605897434898598), ([[236, 826], [324, 826], [324, 852], [236, 852]], '쇼)다이히]', 0.011235605358423608), ([[62, 850], [240, 850], [240, 874], [62, 874]], '_아검~-+4];03.1.4', 0.0011336842124026044), ([[254, 848], [458, 848], [458, 876], [254, 876]], "'?^아+어째`어명 (5(8.0.1)", 0.0004884186756529724), ([[62, 874], [294, 874], [294, 900], [62, 900]], '소++명:/ |하검나;어-뒤<,서,서스명', 2.2939465578298636e-05)]
[([[349, 85], [387, 85], [387, 101], [349, 101]], '몇 시즌', 0.38526923657645784), ([[353, 105], [379, 105], [379, 123], [353, 123]], '부터', 0.999631319278215), ([[349, 127], [385, 127], [385, 147], [349, 147]], '인지는', 0.5233446866691168), ([[355, 151], [391, 151], [391, 167], [355, 167]], '없지만', 0.7311191770730854), ([[293, 215], [337, 215], [337, 235], [293, 235]], '있음 긋이', 0.2667391674214403), ([[295, 237], [341, 237], [341, 253], [295, 253]], '여기 밖에', 0.9820718781843203), ([[293, 259], [339, 259], [339, 275], [293, 275]], '안 남앉다', 0.2916550765271139)]
[([[287, 37], [325, 37], [325, 55], [287, 55]], '의식올', 0.8803107951933983), ([[541, 39], [591, 39], [591, 59], [541, 59]], '도망치고', 0.9991204142570496), ([[285, 55], [313, 55], [313, 75], [285, 75]], '읽올', 0.11260231016493259), ([[541, 61], [591, 61], [591, 81], [541, 81]], '저함해도', 0.3501248061656952), ([[293, 75], [319, 75], [319, 91], [293, 91]], '까지', 0.8951850477086969), ([[537, 85], [597, 85], [597, 101], [537, 101]], '되돌려지고', 0.391378006574522), ([[279, 91], [329, 91], [329, 111], [279, 111]], '간은 일이', 0.9841554365682118), ([[281, 109], [331, 109], [331, 129], [281, 129]], '반복마다', 0.1588248461484909)]
[]
[([[416, 14], [514, 14], [514, 122], [416, 122]], '바}', 0.08119655389727143), ([[398, 109], [459, 109], [459, 263], [398, 263]], '좀', 0.2960924706894872), ([[74, 282], [106, 282], [106, 306], [74, 306]], '음!?', 0.36482789694424317), ([[219, 633], [305, 633], [305, 949], [219, 949]], "'", 0.2320231501534673), ([[215.64001271996185, 429.82402035193894], [352.22773761090116, 367.74254981733924], [391.3599872800382, 466.17597964806106], [254.77226238909884, 528.2574501826607]], '기0', 0.36374467818588496), ([[538.457124714834, 800.0370104182882], [570.0730909390954, 797.1466279914299], [577.542875285166, 880.9629895817118], [545.9269090609046, 883.8533720085701]], '$', 0.10620584909122854)]
[([[365, 205], [377, 205], [377, 249], [365, 249]], '용', 0.09930203039188257), ([[481, 933], [499, 933], [499, 957], [481, 957]], '[독', 0.08333268088822032), ([[150.40077848228802, 730.045137983101], [211.9774368022077, 770.5757400744312], [189.59922151771198, 803.954862016899], [129.0225631977923, 763.4242599255688]], '저젯 ', 0.007165798050146895)]
[([[307, 187], [347, 187], [347, 207], [307, 207]], '깨끗래', 0.6076893173094343), ([[315, 209], [343, 209], [343, 225], [315, 225]], '지고', 0.9999549031699311), ([[313, 227], [339, 227], [339, 245], [313, 245]], '있어', 0.42088349358503413), ([[223, 485], [259, 485], [259, 503], [223, 503]], '어깨서', 0.8289913752471206), ([[221, 501], [261, 501], [261, 519], [221, 519]], '어디도', 0.9999638666918695), ([[215, 519], [265, 519], [265, 539], [215, 539]], '망가지지', 0.9984002113342285), ([[55, 535], [93, 535], [93, 555], [55, 555]], '기억은', 0.9996632443507082), ([[225, 537], [255, 537], [255, 555], [225, 555]], '임는', 0.24226882522840273), ([[61, 555], [89, 555], [89, 575], [61, 575]], '남아', 0.9969296357890086), ([[225, 553], [261, 553], [261, 573], [225, 573]], '걸까?', 0.9075058744183487), ([[55, 573], [93, 573], [93, 593], [55, 593]], '있으니', 0.9088720767413152), ([[57, 597], [95, 597], [95, 613], [57, 613]], '시간이', 0.9998112828226076), ([[55, 615], [93, 615], [93, 633], [55, 633]], '흐르는', 0.13241836428642273), ([[47, 635], [101, 635], [101, 655], [47, 655]], '것일 텔데', 0.2883566173035112)]
