2528587
29
[([[1214, 3], [1353, 3], [1353, 45], [1214, 45]], '역식: 도레술', 0.44520561327758934), ([[338, 4], [587, 4], [587, 373], [338, 373]], '다', 0.29709954238263947), ([[408, 306], [643, 306], [643, 561], [408, 561]], '#+', 0.014221165143538867), ([[1124, 794], [1304, 794], [1304, 850], [1124, 850]], '음양대전기', 0.9933508701538295), ([[1192, 854], [1308, 854], [1308, 908], [1192, 908]], '성인향', 0.9956667665699613)]
[([[197, 211], [263, 211], [263, 271], [197, 271]], '물쁨', 0.030930014477432904), ([[423, 533], [437, 533], [437, 565], [423, 565]], '음', 0.64052894072519), ([[26, 698], [156, 698], [156, 818], [26, 818]], '두', 0.8934501886665522)]
[([[568, 430], [592, 430], [592, 454], [568, 454]], '아', 0.9999649527759544), ([[115, 661], [131, 661], [131, 711], [115, 711]], '뒷', 0.03918837565534106), ([[555, 783], [591, 783], [591, 803], [555, 803]], '그런', 0.9237002789235634), ([[469, 855], [555, 855], [555, 875], [469, 875]], '이런 결로: ', 0.4787837433746941)]
[([[260, 678], [284, 678], [284, 730], [260, 730]], '욕', 0.7240753311548929), ([[258, 748], [284, 748], [284, 772], [258, 772]], '1!', 0.029793829768685602), ([[105.46489936718304, 433.69032892421114], [187.86464148654656, 415.8275331080588], [195.53510063281698, 459.30967107578886], [113.13535851345344, 477.1724668919412]], '표표표', 0.05119289440889542), ([[116.76393202250021, 470.5278640450004], [196.6206896551724, 451.55172413793105], [205.2360679774998, 499.4721359549996], [126.37931034482759, 518.448275862069]], '옷옷위', 0.09317118472793352)]
[([[551, 57], [567, 57], [567, 109], [551, 109]], '혀', 0.3402494529155007), ([[115, 111], [149, 111], [149, 131], [115, 131]], '밀가', 0.9461549291542737), ([[96, 132], [164, 132], [164, 156], [96, 156]], '진 것 같은', 0.3880073114727315), ([[117, 159], [149, 159], [149, 179], [117, 179]], '느낌', 0.9999077839408606), ([[87, 699], [101, 699], [101, 731], [87, 731]], '음', 0.6822862980983224)]
[([[27, 69], [91, 69], [91, 87], [27, 87]], '어쩌서 전부', 0.9724751785690116), ([[47, 87], [73, 87], [73, 101], [47, 101]], '안에', 0.9051660775927918), ([[27, 101], [93, 101], [93, 119], [27, 119]], "싸는 거지  '", 0.42143323781083564), ([[41, 133], [89, 133], [89, 147], [41, 147]], '번매인지도', 0.5629507238693334), ([[41, 149], [79, 149], [79, 163], [41, 163]], '모조컴어', 0.38623756170272827), ([[278, 178], [309, 178], [309, 240], [278, 240]], '중', 0.38597078543398666), ([[544, 376], [570, 376], [570, 424], [544, 424]], '북', 0.2918653647196976), ([[523, 421], [559, 421], [559, 505], [523, 505]], '꽃', 0.16797331041244945), ([[567, 671], [613, 671], [613, 691], [567, 691]], '나한터', 0.5499322803514272), ([[551, 691], [629, 691], [629, 711], [551, 711]], '몇번올 싸도', 0.8628875826152761), ([[542, 710], [642, 710], [642, 734], [542, 734]], '아기는 만들 수', 0.576067136950336), ([[558, 732], [612, 732], [612, 756], [558, 756]], '없지만 ', 0.5730137228965759), ([[569, 757], [611, 757], [611, 773], [569, 773]], '요괴들도', 0.6000937135667013), ([[561, 779], [621, 779], [621, 795], [561, 795]], '늘어만 가고', 0.9791543758946181), ([[419, 801], [449, 801], [449, 819], [419, 819]], '우월', 0.0809510269006004), ([[65, 865], [97, 865], [97, 883], [65, 883]], '아하,', 0.8694773852349013)]
[([[63, 1], [113, 1], [113, 104], [63, 104]], '8', 0.0346038180394983), ([[85, 213], [117, 213], [117, 229], [85, 229]], '이제', 0.9984241560751251), ([[78, 228], [124, 228], [124, 252], [78, 252]], '용서해', 0.9964876290705463), ([[100, 814], [150, 814], [150, 840], [100, 840]], '아 !?', 0.5571959614753723)]
[([[563, 475], [619, 475], [619, 495], [563, 495]], '내 안에', 0.6583187955510078), ([[44, 600], [74, 600], [74, 648], [44, 648]], '계', 0.6165367932272972), ([[42, 816], [84, 816], [84, 842], [42, 842]], '기분', 0.9996994219091739), ([[30, 844], [94, 844], [94, 870], [30, 870]], '좋아앗:', 0.6039988963764934), ([[479, 841], [523, 841], [523, 861], [479, 861]], '이렇제', 0.7299376861948688), ([[484, 860], [520, 860], [520, 884], [484, 884]], '근제', 0.7693251785995477), ([[475, 885], [539, 885], [539, 903], [475, 903]], '두 개나: .', 0.507231931069966)]
[([[620, 50], [670, 50], [670, 144], [620, 144]], '예', 0.061487568947665716), ([[186, 150], [218, 150], [218, 238], [186, 238]], '8', 0.07405518165628511), ([[622, 160], [673, 160], [673, 261], [622, 261]], "'병", 0.060250162921684725), ([[257, 221], [301, 221], [301, 301], [257, 301]], '쩍"', 0.05579878081931376), ([[78, 552], [108, 552], [108, 592], [78, 592]], '욕', 0.8765969340962307), ([[72, 774], [100, 774], [100, 812], [72, 812]], '>', 0.5736877703201095), ([[271.5176948604781, 121.01941626992893], [320.4347449399783, 116.17406600130016], [333.4823051395219, 256.9805837300711], [284.5652550600217, 261.82593399869984]], '병', 0.011359938901162048)]
[([[149, 241], [191, 241], [191, 303], [149, 303]], '진', 0.03317027086786184), ([[204, 258], [254, 258], [254, 350], [204, 350]], '%', 0.006746584042041148), ([[304, 376], [354, 376], [354, 472], [304, 472]], '', 0.0), ([[252, 434], [306, 434], [306, 522], [252, 522]], '짓', 0.14349508819183487), ([[262, 552], [306, 552], [306, 578], [262, 578]], '이것도', 0.9949262589514749), ([[262, 576], [308, 576], [308, 604], [262, 604]], '저것도', 0.9699365901513313), ([[320, 556], [346, 556], [346, 606], [320, 606]], '북', 0.21440614666295232), ([[188, 598], [228, 598], [228, 622], [188, 622]], '전부', 0.9999781680022738), ([[266, 602], [302, 602], [302, 630], [266, 630]], '움필', 0.7037586020814883), ([[170, 628], [250, 628], [250, 652], [170, 652]], '내 안에 "!!', 0.6989333891819934), ([[264, 624], [310, 624], [310, 648], [264, 648]], '거려  ', 0.6326987743377686), ([[515, 792], [555, 792], [555, 877], [515, 877]], '흙', 0.10586601430218057), ([[555, 825], [601, 825], [601, 841], [555, 841]], '이대로: ', 0.6314260215458442), ([[276, 866], [315, 866], [315, 886], [276, 886]], '이대로', 0.9995814837758517), ([[485, 849], [521, 849], [521, 895], [485, 895]], '등', 0.28094034373171795), ([[329, 885], [371, 885], [371, 925], [329, 925]], '헌', 0.2943828461886824), ([[265.13942556608663, 309.06203640599784], [312.4303862637117, 304.514271004765], [319.86057443391337, 389.93796359400216], [272.5696137362883, 394.485728995235]], '짓', 0.14932107021208196), ([[395.43276587968865, 324.0230203201704], [443.4312778771847, 305.0132983896082], [502.56723412031135, 460.9769796798296], [453.5687221228153, 480.9867016103918]], '초', 0.005381503191168813)]
[([[384, 166], [442, 166], [442, 196], [384, 196]], '구아!', 0.49512742013137684), ([[453, 49], [543, 49], [543, 211], [453, 211]], '표', 0.5053319589510608), ([[587, 411], [675, 411], [675, 585], [587, 585]], '우', 0.2327197375873391), ([[73, 569], [115, 569], [115, 687], [73, 687]], '양', 0.14491483060584542), ([[71, 712], [119, 712], [119, 835], [71, 835]], '흙', 0.5602196664936834)]
[([[138, 802], [190, 802], [190, 826], [138, 826]], '홍족하', 0.0158395521030224), ([[140, 826], [176, 826], [176, 850], [140, 850]], '긋이', 0.8238929570467161)]
[([[514, 304], [568, 304], [568, 408], [514, 408]], '떼', 0.629675556863166), ([[274, 810], [306, 810], [306, 872], [274, 872]], '$', 0.16464216125339792), ([[528.3721626281921, 362.0219255831464], [599.1951160290533, 350.27180055114496], [623.6278373718079, 522.9780744168536], [552.8048839709467, 534.728199448855]], '품', 0.04858188373196293)]
[([[73, 35], [157, 35], [157, 171], [73, 171]], '#', 0.015376369048425653), ([[188, 48], [242, 48], [242, 138], [188, 138]], '꽤', 0.03711533930805899), ([[533, 15], [593, 15], [593, 161], [533, 161]], '', 0.0), ([[198, 422], [234, 422], [234, 448], [198, 448]], "'1궁9", 0.1293559968471527), ([[439, 561], [453, 561], [453, 597], [439, 597]], '움', 0.9643479850601047), ([[437, 705], [481, 705], [481, 751], [437, 751]], '요"', 0.026819651592932627), ([[404.3495316547938, 7.023536836153971], [471.5221311392992, -7.870350432467472], [506.6504683452062, 162.97646316384603], [439.4778688607008, 178.87035043246746]], '평', 0.07971391790576732), ([[397.5755342621548, 677.0150330963826], [441.8158801243801, 671.0557305223736], [463.4244657378452, 829.9849669036174], [419.1841198756199, 835.9442694776264]], '"', 0.09764660173644657), ([[390.51578249875587, 779.0294164897979], [425.0008280595256, 775.1272305522706], [434.48421750124413, 868.9705835102021], [399.9991719404744, 871.8727694477294]], '$', 0.981874974298794)]
[([[287, 43], [391, 43], [391, 79], [287, 79]], ':3 열할 별', 0.04350204908569937), ([[264, 68], [448, 68], [448, 216], [264, 216]], "'0", 0.005893385845955379), ([[72, 600], [194, 600], [194, 624], [72, 624]], '지갑이나 개신화눈', 0.326703483902475), ([[117, 629], [149, 629], [149, 643], [117, 643]], '혹시', 0.8424655441465925), ([[149, 625], [193, 625], [193, 645], [149, 645]], '모르니', 0.9920524879568973), ([[86, 646], [194, 646], [194, 670], [86, 670]], '내용물음 나누어', 0.9549462719426256), ([[117, 671], [193, 671], [193, 691], [117, 691]], '몸에 지니고', 0.6813198213934274), ([[53, 701], [85, 701], [85, 715], [53, 715]], '하하"', 0.7152559734572025), ([[135, 693], [195, 693], [195, 713], [135, 713]], '다니세요', 0.9965476989746094), ([[53, 721], [89, 721], [89, 737], [53, 737]], '나즈나', 0.8686772625666739), ([[57, 741], [83, 741], [83, 757], [57, 757]], '덕분', 0.9224120097119591), ([[55, 761], [89, 761], [89, 777], [55, 777]], '이네  ', 0.8911839723587036)]
[([[555, 301], [601, 301], [601, 321], [555, 321]], '모두가', 0.9999397779169628), ([[563, 323], [593, 323], [593, 343], [563, 343]], '임는', 0.4217810003487092), ([[560, 342], [596, 342], [596, 366], [560, 366]], '곳에', 0.7261206350424674), ([[289, 667], [305, 667], [305, 705], [289, 705]], '군', 0.13849027963146998), ([[25, 653], [159, 653], [159, 851], [25, 851]], '근', 0.9918716104446936)]
[([[317, 61], [365, 61], [365, 81], [317, 81]], '만나서', 0.9997321359009205), ([[307, 83], [375, 83], [375, 103], [307, 103]], '어쩐거야?', 0.23698072129251505), ([[81, 101], [101, 101], [101, 137], [81, 137]], '월', 0.9991912093628486), ([[83, 139], [101, 139], [101, 191], [83, 191]], '볶', 0.015295195078572965), ([[67, 299], [113, 299], [113, 319], [67, 319]], '아직도', 0.9995288353950562), ([[61, 323], [121, 323], [121, 343], [61, 343]], '진정되지', 0.9993889927864075), ([[73, 347], [107, 347], [107, 367], [73, 367]], '암은', 0.9554308120509868), ([[62, 368], [124, 368], [124, 394], [62, 394]], '이 몸올?', 0.6055080415556312), ([[98, 611], [188, 611], [188, 635], [98, 635]], '엉망진창으로', 0.7859547564306257), ([[105, 637], [179, 637], [179, 657], [105, 657]], '녀석들에계', 0.7844414538210118), ([[118, 660], [166, 660], [166, 684], [118, 684]], '범해진', 0.98643256960128), ([[122, 684], [166, 684], [166, 708], [122, 708]], '몸올?', 0.8026079537678958), ([[417, 745], [441, 745], [441, 763], [417, 763]], '앗  ', 0.4340388828246336)]
[([[133, 139], [159, 139], [159, 153], [133, 153]], '그래', 0.9999884517830384), ([[125, 155], [151, 155], [151, 175], [125, 175]], '이건', 0.9683329170505537), ([[57, 703], [105, 703], [105, 723], [57, 723]], '한 순간', 0.738777038572584), ([[59, 725], [103, 725], [103, 745], [59, 745]], '이라도', 0.9990335458783225), ([[61, 747], [105, 747], [105, 767], [61, 767]], '기뻐한', 0.6044358611106873), ([[59, 769], [103, 769], [103, 789], [59, 789]], '나에제', 0.5019543990973477)]
[([[537, 31], [587, 31], [587, 51], [537, 51]], '그리고', 0.9999634027481079), ([[508, 126], [558, 126], [558, 150], [508, 150]], '지금도', 0.9997971739620424), ([[269, 399], [313, 399], [313, 475], [269, 475]], '', 0.0), ([[45, 537], [63, 537], [63, 559], [45, 559]], '햇', 0.6900366113569021), ([[477, 609], [515, 609], [515, 649], [477, 649]], '(꽤', 0.1324548498836491), ([[9, 815], [75, 815], [75, 833], [9, 833]], "'미안해", 0.7579475045204163), ([[25, 833], [59, 833], [59, 853], [25, 853]], '코젠', 0.2991666966686403), ([[478.60065146623043, 185.01140065903218], [535.6485281633389, 199.02603630398352], [494.39934853376957, 373.9885993409678], [437.35147183666106, 359.9739636960165]], '#', 0.9624353901828364), ([[52.55056144750497, 404.0112289500994], [122.36249176964971, 393.1037302099342], [155.44943855249502, 621.9887710499006], [85.63750823035029, 632.8962697900657]], '적', 0.004501553605063491), ([[132.457124714834, 873.0370104182882], [198.77543342546406, 925.6785983010876], [177.542875285166, 953.9629895817118], [111.22456657453593, 900.3214016989124]], '35 7 "', 0.27628769197033465)]
[([[365, 79], [413, 79], [413, 117], [365, 117]], '04', 0.9079099040870638), ([[333, 453], [349, 453], [349, 495], [333, 495]], '우', 0.6031036767692513), ([[325, 543], [341, 543], [341, 565], [325, 565]], '0', 0.9998657748443662)]
[([[209, 575], [223, 575], [223, 611], [209, 611]], '월', 0.0443121704807945), ([[239, 545], [255, 545], [255, 609], [239, 609]], '뜻', 0.004250380469832893)]
[([[343, 121], [383, 121], [383, 299], [343, 299]], '물', 0.06171769379936709), ([[294, 266], [342, 266], [342, 376], [294, 376]], '철', 0.056108204373402026), ([[428, 280], [622, 280], [622, 448], [428, 448]], '{', 0.11489482570117193), ([[63, 570], [621, 570], [621, 589], [63, 589]], "쫓(?+다} 5(8) <노+{군 315* 포순 스 +품자다톱+내0[(: ###:-# 디*쫓나'?소디}", 3.8707004293978885e-06), ([[285, 763], [393, 763], [393, 783], [285, 783]], '200645) | 51', 0.43041449894915734), ([[290, 780], [376, 780], [376, 804], [290, 804]], '[쇼"넓 #*하다', 0.004230912681136654), ([[268, 798], [412, 798], [412, 822], [268, 822]], ' 다보) : 미] 하없-)', 0.0010846876103396451), ([[245, 819], [435, 819], [435, 839], [245, 839]], '77>+9 디]초: 쇼 서데이', 0.0027981540575988104), ([[184, 834], [496, 834], [496, 860], [184, 860]], '-어검~-(4(103.1.4 + [지아+어하실어명 (5(8.0.1)', 4.843578416088151e-05), ([[251, 861], [295, 861], [295, 877], [251, 877]], '+명:/', 0.13381710648536682), ([[301, 859], [429, 859], [429, 877], [301, 877]], "'라,;)$나-,. 탁북스명", 8.779692065587594e-06)]
[([[200, 88], [236, 88], [236, 112], [200, 112]], '숨만', 0.9863048694320425), ([[193, 111], [243, 111], [243, 131], [193, 131]], '쉬어도', 0.9997756321922445), ([[193, 133], [243, 133], [243, 153], [193, 153]], '기력이', 0.9528785842976749), ([[186, 154], [252, 154], [252, 178], [186, 178]], '소모되는', 0.9782209396362305), ([[188, 174], [254, 174], [254, 198], [188, 198]], '느낌이야', 0.9990279078483582), ([[101, 349], [159, 349], [159, 391], [101, 391]], '둘자보고', 0.13017593324184418), ([[342, 288], [392, 288], [392, 398], [342, 398]], '숲', 0.03556087890232007), ([[106, 386], [153, 386], [153, 412], [106, 412]], '돌아걀', 0.5786809416245495), ([[429, 383], [495, 383], [495, 403], [429, 403]], '여기 꽤나', 0.8898642365078123), ([[117, 411], [147, 411], [147, 427], [117, 427]], '거야', 0.9996473333885421), ([[428, 404], [494, 404], [494, 428], [428, 428]], '위험하지', 0.9783570766448975), ([[440, 426], [484, 426], [484, 450], [440, 450]], '않다?', 0.7503778916507134), ([[299, 557], [345, 557], [345, 575], [299, 575]], '그런가,', 0.7409636378288269), ([[291, 577], [355, 577], [355, 597], [291, 597]], '위험하 지면', 0.8614931919501734), ([[289, 597], [347, 597], [347, 615], [289, 615]], '비로 강신', 0.8423422487127453), ([[395, 775], [411, 775], [411, 809], [395, 809]], '권', 0.17459188775745904)]
[([[325, 69], [357, 69], [357, 87], [325, 87]], '바로', 0.9999912334667646), ([[303, 89], [379, 89], [379, 109], [303, 109]], '행차하신 것', 0.977960286259146), ([[318, 108], [366, 108], [366, 132], [318, 132]], '같구나', 0.8194641317909236), ([[55, 517], [171, 517], [171, 629], [55, 629]], '표 |', 0.09092110395431519), ([[504, 766], [548, 766], [548, 796], [504, 796]], '리구드', 0.7054691729119534), ([[490, 798], [572, 798], [572, 830], [490, 830]], '감신미다 |', 0.5275220918033866)]
[([[185, 81], [211, 81], [211, 101], [185, 101]], '영역', 0.9986069095680717), ([[59, 281], [97, 281], [97, 301], [59, 301]], '전체가', 0.9908077005511596), ([[49, 301], [109, 301], [109, 319], [49, 319]], '살아   잊어', 0.22377766727594647), ([[576, 750], [620, 750], [620, 774], [576, 774]], '리크!', 0.39195750357015524)]
[([[260, 82], [306, 82], [306, 108], [260, 108]], '으맛기', 0.06577290064276009), ([[435, 67], [455, 67], [455, 123], [435, 123]], '흙', 0.0683957647613207), ([[108, 38], [256, 38], [256, 196], [108, 196]], '사', 0.07406776911342039), ([[430, 262], [478, 262], [478, 288], [430, 288]], '저 셈', 0.8177807927131653), ([[432, 290], [478, 290], [478, 320], [432, 320]], '봉인', 0.9234510165576585), ([[420, 318], [510, 318], [510, 344], [420, 344]], '효과가  ?', 0.5888247278596997), ([[45, 555], [83, 555], [83, 575], [45, 575]], '런데서', 0.7597445845603943), ([[34, 570], [82, 570], [82, 594], [34, 594]], '죽는결까', 0.23766374588012695), ([[343, 683], [381, 683], [381, 703], [343, 703]], '어차피', 0.944980977907736), ([[8, 694], [76, 694], [76, 720], [8, 720]], '한 번만 더', 0.9502573114618486), ([[336, 702], [388, 702], [388, 726], [336, 726]], '(죽음거면', 0.5671191342689847), ([[6, 720], [66, 720], [66, 744], [6, 744]], '코젠타름', 0.07025845348834991)]
[([[387, 801], [401, 801], [401, 843], [387, 843]], '현', 0.009998155619318772)]
[([[365, 321], [381, 321], [381, 353], [365, 353]], '앞', 0.15875740492870793), ([[45, 559], [61, 559], [61, 597], [45, 597]], '군', 0.8281691512238467)]
[([[376, 310], [424, 310], [424, 418], [376, 418]], '7', 0.9644175229106544), ([[348, 431], [401, 431], [401, 566], [348, 566]], '수', 0.028738921805784523), ([[71, 785], [203, 785], [203, 935], [71, 935]], ',', 0.008145363809213046)]
