2528070
48
[([[36, 4], [160, 4], [160, 30], [36, 30]], '역식자: .드드', 0.9288690840156364), ([[59, 13], [336, 13], [336, 126], [59, 126]], '셋 손청', 0.005140277557075024), ([[42, 380], [168, 380], [168, 410], [42, 410]], '5하* 4>+-물)', 0.00026592476442346275)]
[([[404, 154], [446, 154], [446, 178], [404, 178]], '뭐야', 0.22374859707922323), ([[609, 365], [635, 365], [635, 383], [609, 383]], '정말', 0.9970267403092591), ([[607, 381], [631, 381], [631, 397], [607, 397]], '어꼴', 0.2822388015478419), ([[611, 393], [635, 393], [635, 409], [611, 409]], '어는', 0.5229568946715013), ([[199, 377], [239, 377], [239, 467], [199, 467]], '벼', 0.04319372881007788), ([[289, 465], [321, 465], [321, 479], [289, 479]], '말소리', 0.9979960701983949), ([[293, 477], [321, 477], [321, 491], [293, 491]], '하나', 0.9983293707775819), ([[289, 489], [323, 489], [323, 505], [289, 505]], '세다로', 0.9699943735024372), ([[287, 499], [327, 499], [327, 535], [287, 535]], '(뒷다|', 0.06475989520549774), ([[137, 817], [181, 817], [181, 833], [137, 833]], '가하하_', 0.9960283637046814), ([[137, 833], [183, 833], [183, 851], [137, 851]], '돼지도', 0.9990453135262303), ([[535, 839], [561, 839], [561, 853], [535, 853]], '돼지', 0.9802688847858746), ([[128, 848], [194, 848], [194, 872], [128, 872]], '아니거나?', 0.515015042625863), ([[143, 865], [175, 865], [175, 885], [143, 885]], '가죽', 0.9261029034602198), ([[343, 863], [371, 863], [371, 883], [343, 883]], '무흐', 0.38266663826715563), ([[535, 865], [557, 865], [557, 879], [535, 879]], '내력', 0.24019068878478325), ([[135, 883], [179, 883], [179, 903], [135, 903]], '이구만', 0.9997582887039199), ([[338, 876], [370, 876], [370, 902], [338, 902]], '푸흥', 0.1004967002875626), ([[543.0287141376427, 822.2516854477569], [568.8306300648455, 827.194522771468], [564.9712858623573, 843.7483145522431], [540.1693699351545, 839.805477228532]], '그럼', 0.9598534192621455)]
[([[79, 545], [119, 545], [119, 561], [79, 561]], '기사을', 0.45819617396383283), ([[565, 549], [599, 549], [599, 569], [565, 569]], '해라!', 0.899866674286169), ([[85, 563], [115, 563], [115, 581], [85, 581]], '통한', 0.886214419270834), ([[561, 583], [591, 583], [591, 601], [561, 601]], '도적', 0.9995371746858407), ([[565, 601], [603, 601], [603, 621], [565, 621]], '들아!!', 0.3790302872657776), ([[227, 777], [257, 777], [257, 797], [227, 797]], '그건', 0.9987284978856812), ([[215, 793], [267, 793], [267, 813], [215, 813]], '무리일?', 0.5718792357647642), ([[599, 787], [629, 787], [629, 807], [599, 807]], '전부', 0.9999597078505775), ([[217, 811], [269, 811], [269, 831], [217, 831]], '같은데?', 0.6340079097272662), ([[597, 803], [633, 803], [633, 845], [597, 845]], '죽여', 0.2934075645008143)]
[([[97, 17], [353, 17], [353, 277], [97, 277]], '7"', 0.459911374363142), ([[554, 824], [610, 824], [610, 892], [554, 892]], '4', 0.03546342189778984), ([[81, 905], [99, 905], [99, 939], [81, 939]], '카', 0.5735313957295638), ([[447.52608763961797, 60.05695932243374], [465.98721103891677, 62.26062816952761], [461.47391236038203, 104.94304067756626], [443.01278896108323, 102.7393718304724]], '=', 0.1826051616679445), ([[573.001725626825, 179.02933565602507], [699.3905192390793, 235.77975640635788], [632.998274373175, 382.97066434397493], [506.6094807609207, 326.2202435936421]], '가', 0.9167813304925545)]
[([[445, 111], [477, 111], [477, 129], [445, 129]], '이화', 0.7432540992313892), ([[434, 126], [470, 126], [470, 152], [434, 152]], '말햇', 0.5711941960192463), ([[439, 147], [467, 147], [467, 167], [439, 167]], '잡0', 0.6030778007880448), ([[78, 224], [106, 224], [106, 258], [78, 258]], '필온', 0.47398293258560226), ([[79, 253], [109, 253], [109, 269], [79, 269]], '거나?', 0.9988485003367165), ([[599, 355], [645, 355], [645, 371], [599, 371]], '기사에거', 0.8982393741607666), ([[603, 369], [641, 369], [641, 383], [603, 383]], '임어서', 0.9740039352432602), ([[377, 381], [427, 381], [427, 417], [377, 417]], '싶사책', 0.0026323196672539545), ([[599, 397], [649, 397], [649, 413], [599, 413]], '목수보다', 0.9872506260871887), ([[621, 411], [645, 411], [645, 425], [621, 425]], '하지', 0.9990568838428842), ([[595, 409], [647, 409], [647, 445], [595, 445]], '승중하직', 0.04882584884762764), ([[375, 747], [411, 747], [411, 763], [375, 763]], '예의름', 0.5851056985446333), ([[367, 757], [423, 757], [423, 795], [367, 795]], '(작초량?', 0.04503415039727878), ([[579, 745], [629, 745], [629, 783], [579, 783]], '장그럼', 0.40058936860774635), ([[575, 773], [631, 773], [631, 809], [575, 809]], '해낫되지', 0.01298234611749649)]
[([[563, 195], [591, 195], [591, 215], [563, 215]], '전혀', 0.9921590992300198), ([[566, 180], [638, 180], [638, 232], [566, 232]], '전문히움', 0.0007418683962896466), ([[143, 397], [169, 397], [169, 413], [143, 413]], '원가', 0.9159030457425876), ([[137, 409], [171, 409], [171, 427], [137, 427]], '할말이', 0.9935727501830574), ([[79, 597], [115, 597], [115, 633], [79, 633]], '안말', 0.007867823254395025), ([[77, 629], [111, 629], [111, 645], [77, 645]], '리찮이', 0.5718174071948604)]
[([[357, 59], [383, 59], [383, 75], [357, 75]], '부디', 0.611551173049349), ([[341, 87], [379, 87], [379, 105], [341, 105]], '용서해', 0.9947836134470854), ([[335, 103], [383, 103], [383, 119], [335, 119]], '주십시오', 0.9960504174232483), ([[437, 335], [463, 335], [463, 351], [437, 351]], '아주', 0.9997049848078734), ([[235, 377], [269, 377], [269, 391], [235, 391]], '주세요', 0.9984561281474242), ([[95, 593], [129, 593], [129, 607], [95, 607]], '저녀석', 0.9994814865803646), ([[105, 605], [129, 605], [129, 619], [105, 619]], '아퀴', 0.45142918089475975), ([[479, 601], [509, 601], [509, 619], [479, 619]], "좋아'", 0.8227910674713289), ([[266, 806], [292, 806], [292, 830], [266, 830]], '아:', 0.47250409002707267), ([[264, 828], [292, 828], [292, 852], [264, 852]], '아', 0.9999763966999495)]
[([[392, 78], [450, 78], [450, 104], [392, 104]], '그런데', 0.9999370937440016), ([[400, 100], [442, 100], [442, 126], [400, 126]], '이건', 0.997532941417042), ([[390, 122], [452, 122], [452, 148], [390, 148]], '뭐~지?', 0.9195496439933777)]
[([[381, 63], [421, 63], [421, 83], [381, 83]], '[그건]', 0.9981689453125), ([[383, 81], [415, 81], [415, 101], [383, 101]], '돌려', 0.9880044415375902), ([[77, 95], [107, 95], [107, 115], [77, 115]], '근데', 0.9999646811236316), ([[368, 96], [424, 96], [424, 120], [368, 120]], '짚다구~', 0.706761360168457), ([[59, 111], [121, 111], [121, 131], [59, 131]], '내용이 더', 0.9993627574778952), ([[63, 129], [119, 129], [119, 149], [63, 149]], '중요하지', 0.5959696758305641), ([[71, 145], [109, 145], [109, 165], [71, 165]], '않냐?', 0.5295979714734911), ([[91, 613], [119, 613], [119, 627], [91, 627]], '하하', 0.9998861211145951), ([[477, 819], [521, 819], [521, 837], [477, 837]], '아직 더', 0.9947829834462026), ([[469, 827], [529, 827], [529, 899], [469, 899]], '#', 0.6490183259871998)]
[]
[([[159, 491], [175, 491], [175, 543], [159, 543]], '굶', 0.12705991082445767), ([[173, 765], [201, 765], [201, 785], [173, 785]], '종은', 0.9886784109478989), ([[164, 780], [210, 780], [210, 804], [164, 804]], '모습이', 0.9998601478629311), ([[164, 796], [210, 796], [210, 820], [164, 820]], '뒷구만', 0.38702836288616765)]
[([[79, 125], [439, 125], [439, 265], [79, 265]], '소 손개', 0.01745251609327883), ([[76, 868], [321, 868], [321, 920], [76, 920]], '5야, 4커감[ 이꼴', 0.00011930002073096711)]
[([[93, 101], [145, 101], [145, 119], [93, 119]], '대 대체', 0.8770615014039239), ([[90, 116], [148, 116], [148, 140], [90, 140]], '무슨짓올', 0.8939524156950616), ([[327, 413], [403, 413], [403, 433], [327, 433]], '그런 골을하', 0.5741314079621609), ([[325, 431], [413, 431], [413, 449], [325, 449]], '아직도 월 할지', 0.4279649096099833), ([[326, 446], [412, 446], [412, 470], [326, 470]], '상상울 못해?', 0.6827660194755458), ([[93, 671], [133, 671], [133, 709], [93, 709]], '12', 0.4996093094599094), ([[318, 686], [376, 686], [376, 710], [318, 710]], '걱정하지', 0.9988319873809814), ([[321, 705], [365, 705], [365, 725], [321, 725]], '말라구', 0.9975131293731301), ([[314, 720], [376, 720], [376, 744], [314, 744]], '기분 좋아', 0.9887724811506439), ([[325, 739], [369, 739], [369, 759], [325, 759]], '질테니', 0.9843751647440081)]
[([[507, 127], [559, 127], [559, 147], [507, 147]], '웃기지다', 0.9997187256813049), ([[511, 145], [561, 145], [561, 165], [511, 165]], '난 그럴', 0.4714337224703099), ([[502, 160], [568, 160], [568, 184], [502, 184]], "'생각 없어드", 0.44736076218919607), ([[221, 277], [261, 277], [261, 291], [221, 291]], '오랜시간', 0.6602414244077334), ([[215, 289], [265, 289], [265, 305], [215, 305]], '미린 생갈음', 0.5195465106008188), ([[221, 301], [261, 301], [261, 315], [221, 315]], '하민말미', 0.36518409848213196), ([[141, 449], [167, 449], [167, 463], [141, 463]], '여자', 0.9996314035628096), ([[135, 463], [171, 463], [171, 481], [135, 481]], '만으론', 0.48510299206086), ([[125, 477], [181, 477], [181, 495], [125, 495]], '질린다구?', 0.6231091766090877), ([[157, 794], [183, 794], [183, 906], [157, 906]], '닭', 0.00249269081724407)]
[([[401, 87], [445, 87], [445, 107], [401, 107]], '확실히', 0.9999018554602915), ([[395, 105], [449, 105], [449, 123], [395, 123]], '반으라구', 0.72903972864151), ([[428, 404], [498, 404], [498, 430], [428, 430]], '가아아악', 0.7017734050750732), ([[433, 429], [479, 429], [479, 443], [433, 443]], '0 0 0', 0.8820554918015702), ([[241, 549], [277, 549], [277, 569], [241, 569]], '흐약', 0.5067292025940637), ([[240, 568], [284, 568], [284, 592], [240, 592]], '아악!', 0.8891441098140623), ([[613, 555], [629, 555], [629, 597], [613, 597]], '옷', 0.7915475215447856), ([[357, 793], [377, 793], [377, 893], [357, 893]], '주', 0.0028606901099166443)]
[([[395, 119], [419, 119], [419, 135], [395, 135]], '두목', 0.8783889478715147), ([[382, 132], [436, 132], [436, 162], [382, 162]], '[이최니면', 0.06071109356367445), ([[385, 161], [433, 161], [433, 179], [385, 179]], '앞올까요', 0.2893745005130768), ([[233, 207], [259, 207], [259, 221], [233, 221]], '그래', 0.9998588952671947), ([[213, 221], [279, 221], [279, 237], [213, 237]], '너무 헬거워', 0.8462980989336514), ([[207, 233], [285, 233], [285, 251], [207, 251]], '지면 벌로벤지', 0.22333076953436592), ([[605, 415], [649, 415], [649, 467], [605, 467]], '[굶', 0.11966611495357658), ([[83, 573], [145, 573], [145, 637], [83, 637]], '4"', 0.43408263001216574), ([[146, 624], [278, 624], [278, 700], [146, 700]], '진 >"', 0.09811962032754445), ([[511, 679], [529, 679], [529, 723], [511, 723]], '흙', 0.9716726660468709), ([[77, 903], [95, 903], [95, 975], [77, 975]], '"', 0.12079529394748434)]
[([[612, 110], [658, 110], [658, 134], [612, 134]], '괜참은', 0.7121036531189692), ([[134, 130], [192, 130], [192, 154], [134, 154]], '여자보다', 0.9785398244857788), ([[629, 131], [659, 131], [659, 149], [629, 149]], '덩이', 0.9981472218990901), ([[612, 144], [660, 144], [660, 168], [612, 168]], '잡아?!', 0.9524458646774292), ([[138, 144], [192, 144], [192, 192], [138, 192]], "더롭히 '", 0.009482990174084929), ([[136, 182], [188, 182], [188, 206], [136, 206]], '종은데?', 0.34466904401779175), ([[631, 361], [671, 361], [671, 379], [631, 379]], '그치?', 0.9576884795153502), ([[621, 395], [681, 395], [681, 415], [621, 415]], '암태지야', 0.6271003484725952), ([[321, 567], [335, 567], [335, 603], [321, 603]], '옷', 0.43666661807549545), ([[395, 575], [437, 575], [437, 595], [395, 595]], '네놈도', 0.7426303828427832), ([[394, 590], [426, 590], [426, 614], [394, 614]], '기분', 0.9969816827936372), ([[400, 608], [434, 608], [434, 632], [400, 632]], '좋아', 0.9602538929927162), ([[394, 624], [440, 624], [440, 648], [394, 648]], '보이는', 0.6848591982013065), ([[400, 640], [434, 640], [434, 664], [400, 664]], '구나', 0.9991228682078963), ([[160.22047470226872, 45.14489568383913], [226.71278454471772, -1.9768819886528597], [305.7795252977313, 127.85510431616088], [238.28721545528228, 173.97688198865285]], '꽃', 0.08446971933189307), ([[403.4290466368775, 681.0327057408344], [441.5071374080838, 694.4362958595277], [411.5709533631225, 777.9672942591656], [372.4928625919162, 764.5637041404723]], '3', 0.09540589785402265)]
[([[291, 77], [319, 77], [319, 95], [291, 95]], '영광', 0.7452693638869433), ([[282, 91], [337, 91], [337, 112], [282, 112]], '기사남이', 0.52815842628479), ([[589, 97], [617, 97], [617, 117], [589, 117]], '부끄', 0.8206893437255567), ([[283, 111], [337, 111], [337, 127], [283, 127]], '산적한터', 0.9539263248443604), ([[283, 127], [337, 127], [337, 145], [283, 145]], '범해져서', 0.5409244298934937), ([[581, 111], [617, 111], [617, 157], [581, 157]], '흙', 0.19667645317586935), ([[284, 139], [332, 139], [332, 164], [284, 164]], '자지름', 0.25726442497299834), ([[283, 161], [339, 161], [339, 179], [283, 179]], '세우다니', 0.9999480843544006), ([[288, 174], [336, 174], [336, 198], [288, 198]], '말이야', 0.9948688290191707), ([[559, 317], [581, 317], [581, 337], [559, 337]], '절', 0.9976059239443238), ([[120, 336], [154, 336], [154, 360], [120, 360]], '명심', 0.9997708974189424), ([[555, 335], [589, 335], [589, 355], [555, 355]], '절대', 0.9998840138431118), ([[115, 355], [161, 355], [161, 375], [115, 375]], '하라구', 0.9593334730878708), ([[542, 350], [606, 350], [606, 374], [542, 374]], '용서 못해', 0.997874886177675), ([[385, 515], [421, 515], [421, 557], [385, 557]], '콩알', 0.11435467762599019), ([[329, 531], [369, 531], [369, 585], [329, 585]], '지', 0.7613734780616142), ([[109, 585], [129, 585], [129, 629], [109, 629]], '못', 0.04489323477358287), ([[83, 711], [99, 711], [99, 747], [83, 747]], '아', 0.9607794059596166), ([[595, 753], [617, 753], [617, 771], [595, 771]], '평거', 0.961078566478335), ([[583, 787], [623, 787], [623, 805], [583, 805]], '할전데', 0.5067631642688599), ([[571, 803], [625, 803], [625, 821], [571, 821]], '안돼지씨', 0.994324266910553)]
[([[481, 53], [517, 53], [517, 323], [481, 323]], '1', 0.22785030123195416), ([[60, 534], [94, 534], [94, 566], [60, 566]], '싸', 0.8483438850213396), ([[59, 567], [129, 567], [129, 605], [59, 605]], '산다!', 0.5444906311325418), ([[115, 837], [141, 837], [141, 851], [115, 851]], '하의', 0.5323469769255902), ([[113, 851], [145, 851], [145, 869], [113, 869]], '하악', 0.9995817602970889), ([[184.51012348307216, 753.0150127740765], [244.92208991706048, 763.0273957030035], [215.48987651692784, 931.9849872259235], [156.07791008293952, 920.9726042969965]], '흙', 0.03441958095116693)]
[([[599, 131], [637, 131], [637, 143], [599, 143]], '머미어미', 0.9082015156745911), ([[288, 142], [330, 142], [330, 174], [288, 174]], '햇훨다물', 0.0018161213956773281), ([[540, 142], [574, 142], [574, 174], [540, 174]], '(', 0.9422492823251218), ([[592, 140], [646, 140], [646, 168], [592, 168]], '대면 다', 0.0012142360210418701), ([[293, 169], [325, 169], [325, 183], [293, 183]], '미구만', 0.9984540638096089), ([[605, 167], [637, 167], [637, 181], [605, 181]], '진짜나', 0.9938098594341391), ([[95, 305], [111, 305], [111, 361], [95, 361]], '푹', 0.18442431218406696), ([[203, 447], [231, 447], [231, 461], [203, 461]], '그러도', 0.631002913249452), ([[603, 447], [627, 447], [627, 463], [603, 463]], '이저', 0.998803913469823), ([[203, 459], [237, 459], [237, 473], [203, 473]], '입니가?', 0.12113016098737717), ([[591, 463], [617, 463], [617, 477], [591, 477]], '너희', 0.9993865833929548), ([[589, 477], [643, 477], [643, 497], [589, 497]], '하고심은', 0.7015963792800903), ([[601, 493], [629, 493], [629, 511], [601, 511]], '대로', 0.9999919078146757), ([[296, 724], [326, 724], [326, 756], [296, 756]], '잘짝', 0.2804674119708839), ([[293, 751], [327, 751], [327, 771], [293, 771]], '할까?', 0.4883221580481216), ([[66.47657607740979, 164.02747273539296], [106.00697309016883, 158.10244906145164], [120.52342392259021, 268.97252726460704], [81.99302690983117, 274.89755093854836]], '알', 0.11232484560142453)]
[([[273, 255], [317, 255], [317, 305], [273, 305]], '있#', 0.00938449960962343), ([[273, 313], [317, 313], [317, 331], [273, 331]], '도망가지', 0.9997976422309875), ([[273, 321], [317, 321], [317, 361], [273, 361]], '유요요쪽', 0.020317168906331062), ([[121, 587], [175, 587], [175, 603], [121, 603]], '그 편지가', 0.7453745109708497), ([[117, 601], [143, 601], [143, 615], [117, 615]], '여기', 0.9920780282112749), ([[122, 594], [184, 594], [184, 648], [122, 648]], '꾸로로', 0.012633745630223821), ([[613, 607], [647, 607], [647, 625], [613, 625]], '항해이', 0.35614709744153356), ([[129, 643], [167, 643], [167, 659], [129, 659]], '못하지', 0.9995344787331287), ([[113, 823], [163, 823], [163, 841], [113, 841]], '왕어대한', 0.45150524377822876), ([[608, 798], [656, 798], [656, 852], [608, 852]], "'양필 ", 0.0011132984654977918), ([[119, 837], [155, 837], [155, 851], [119, 851]], '사과로', 0.9918821912633413), ([[611, 829], [665, 829], [665, 865], [611, 865]], '얼단물결', 0.15585587918758392), ([[117, 849], [155, 849], [155, 869], [117, 869]], '죽음올', 0.9979812767034875), ([[113, 865], [159, 865], [159, 881], [113, 881]], '택하니까', 0.5523068904876709), ([[117, 879], [157, 879], [157, 897], [117, 897]], '말이야', 0.997767083951057)]
[([[117, 103], [137, 103], [137, 143], [117, 143]], '흙', 0.2630777773347859), ([[603, 119], [633, 119], [633, 135], [603, 135]], '머리', 0.9988448660947024), ([[602, 132], [634, 132], [634, 156], [602, 156]], '올려', 0.9978768810360171), ([[206, 372], [238, 372], [238, 416], [206, 416]], '54', 0.3454647787666744), ([[157, 415], [171, 415], [171, 453], [157, 453]], '움', 0.9448885244819962), ([[538, 398], [566, 398], [566, 462], [538, 462]], '_락', 0.000864031795957089), ([[575, 743], [609, 743], [609, 761], [575, 761]], '지마!', 0.9812173673148286), ([[569, 759], [607, 759], [607, 779], [569, 779]], '리내지', 0.9657459583287941), ([[562, 774], [606, 774], [606, 798], [562, 798]], '말라구', 0.9913476074751026), ([[557, 793], [609, 793], [609, 813], [557, 813]], '암돼지이', 0.38522785902023315)]
[([[117, 497], [141, 497], [141, 513], [117, 513]], '결고', 0.9171747266474024), ([[109, 509], [147, 509], [147, 525], [109, 525]], '반드시', 0.9999695791841804), ([[111, 521], [145, 521], [145, 539], [111, 539]], '슬무름', 0.26347625339951397), ([[593, 535], [635, 535], [635, 549], [593, 549]], '포르네이', 0.3858640193939209), ([[100, 529], [154, 529], [154, 570], [100, 570]], '활주&', 0.008569279235810932), ([[597, 547], [631, 547], [631, 563], [597, 563]], '보아르', 0.9908227547173851), ([[109.2025477771711, 478.1658598874935], [146.8534785364468, 483.24858978252155], [143.7974522228289, 504.8341401125065], [106.14652146355319, 499.75141021747845]], '물숨은', 0.3082441973012515)]
[([[390, 118], [418, 118], [418, 174], [390, 174]], '흙', 0.553656742255626), ([[458, 406], [482, 406], [482, 518], [458, 518]], '흙', 0.039017265525217226), ([[94, 582], [118, 582], [118, 672], [94, 672]], '유', 0.6992622372633015), ([[75.88425182523285, 799.0781879591533], [135.21645747403153, 776.093026418795], [174.11574817476713, 885.9218120408467], [114.78354252596847, 908.906973581205]], '옆', 0.01274117594790014), ([[154.7095603064832, 892.2963291646362], [206.6599829873245, 843.024231372387], [295.2904396935168, 947.7036708353638], [243.3400170126755, 996.975768627613]], '쇼', 0.015015249291328081)]
[([[283, 135], [311, 135], [311, 149], [283, 149]], '던지는', 0.7531546486515461), ([[267, 147], [313, 147], [313, 161], [267, 161]], '미웃나라데', 0.8786042257464018), ([[277, 159], [307, 159], [307, 173], [277, 173]], '보내는', 0.9926947280375289), ([[270, 169], [311, 169], [311, 187], [270, 187]], '텅화점심', 0.16262511909008026), ([[603, 171], [641, 171], [641, 187], [603, 187]], '저녀석은', 0.9464040994644165), ([[275, 183], [307, 183], [307, 197], [275, 197]], '미없다', 0.7584492564201355), ([[605, 183], [637, 183], [637, 197], [605, 197]], '머넘게', 0.3209443193441414), ([[607, 195], [635, 195], [635, 209], [607, 209]], '받표니', 0.2997493519062717), ([[155, 461], [201, 461], [201, 477], [155, 477]], '질리도록', 0.9582209587097168), ([[141, 469], [215, 469], [215, 507], [141, 507]], "'괴훈히룻출되", 0.008042478516342539), ([[143, 767], [181, 767], [181, 787], [143, 787]], '꽤나', 0.4569353108384129), ([[134, 784], [188, 784], [188, 810], [134, 810]], '재도어', 0.2823837016179224), ([[134, 804], [190, 804], [190, 832], [134, 832]], '지켓군', 0.5798519894901429), ([[512.1644588494623, 276.0703072118277], [579.8763021465329, 300.8947048467859], [562.8355411505377, 344.9296927881723], [495.1236978534671, 320.1052951532141]], "'00", 0.654695733913365)]
[]
[([[229, 141], [269, 141], [269, 157], [229, 157]], '어제는', 0.6232194882505028), ([[227, 155], [271, 155], [271, 175], [227, 175]], '미안있', 0.33249491780041557), ([[229, 173], [259, 173], [259, 191], [229, 191]], '다구', 0.9999893790106953), ([[277, 359], [309, 359], [309, 379], [277, 379]], '설마', 0.7981921517111495), ([[255, 377], [325, 377], [325, 397], [255, 397]], '그런식으로', 0.5909539546723147), ([[268, 392], [314, 392], [314, 416], [268, 416]], '가버길', 0.5199160405908354), ([[82, 410], [126, 410], [126, 434], [82, 434]], '오늘은', 0.9981601079433935), ([[269, 411], [315, 411], [315, 431], [269, 431]], '줄이야', 0.9999154827455907), ([[83, 431], [123, 431], [123, 447], [83, 447]], '사과의', 0.9999671703013475), ([[81, 445], [125, 445], [125, 465], [81, 465]], '의미로', 0.9999992429193688), ([[87, 463], [117, 463], [117, 483], [87, 483]], '살살', 0.9852968176676894), ([[81, 479], [123, 479], [123, 499], [81, 499]], '다물께', 0.3159733759371144), ([[610, 898], [628, 898], [628, 949], [610, 949]], '올', 0.43322021195378113)]
[([[347, 107], [385, 107], [385, 125], [347, 125]], '어제의', 0.9882517553642345), ([[344, 122], [376, 122], [376, 146], [344, 146]], '건강', 0.9994255867869), ([[343, 157], [387, 157], [387, 177], [343, 177]], '갚나요', 0.3525421044098066), ([[93, 253], [115, 253], [115, 269], [93, 269]], '[아', 0.16198723625493663), ([[76, 266], [122, 266], [122, 290], [76, 290]], '좋은게', 0.2010024466601612), ([[83, 287], [113, 287], [113, 305], [83, 305]], '임지트', 0.34192501731358405), ([[356, 424], [390, 424], [390, 448], [356, 448]], '잠깐', 0.9996907404338645), ([[353, 443], [391, 443], [391, 459], [353, 459]], '기다리', 0.5903743933674259), ([[353, 459], [383, 459], [383, 477], [353, 477]], '라구', 0.9997723303159272), ([[225, 583], [255, 583], [255, 599], [225, 599]], '커억', 0.5292357413467353), ([[127, 595], [143, 595], [143, 633], [127, 633]], '흘', 0.1894317826430134), ([[223, 597], [253, 597], [253, 617], [223, 617]], '크으', 0.45105260477202047), ([[303, 627], [353, 627], [353, 643], [303, 643]], '마르지?', 0.995417058467865), ([[313, 661], [341, 661], [341, 675], [313, 675]], '마시', 0.9997484768738726)]
[([[603, 173], [629, 173], [629, 191], [603, 191]], '먹인', 0.9810132230157274), ([[601, 189], [635, 189], [635, 207], [601, 207]], '거야', 0.989857403864542)]
[([[487, 49], [503, 49], [503, 83], [487, 83]], '닭', 0.06678729932536953), ([[75, 111], [105, 111], [105, 129], [75, 129]], '서고', 0.9999937622721186), ([[68, 126], [112, 126], [112, 150], [68, 150]], '[잇내외', 0.10514785349369049), ([[77, 231], [103, 231], [103, 247], [77, 247]], '재미', 0.999812704542919), ([[353, 245], [389, 245], [389, 261], [353, 261]], '효과)', 0.5427270646297184), ([[67, 243], [117, 243], [117, 287], [67, 287]], '월음전', 0.1324484148015168), ([[356, 258], [388, 258], [388, 282], [356, 282]], '앞네', 0.5750937387232701), ([[63, 279], [117, 279], [117, 299], [63, 299]], '상인한터', 0.7629579827935005), ([[70, 294], [116, 294], [116, 318], [70, 318]], '구입한', 0.6861951947212219), ([[75, 313], [107, 313], [107, 333], [75, 333]], '거야', 0.9977933989901748), ([[93, 437], [109, 437], [109, 479], [93, 479]], '막', 0.17758917145785347), ([[93, 493], [109, 493], [109, 531], [93, 531]], '못', 0.1486050907485046), ([[608, 560], [666, 560], [666, 584], [608, 584]], '몸 전체기', 0.6604217991900567), ([[608, 578], [670, 578], [670, 602], [608, 602]], '성감대가', 0.998679518699646), ([[623, 597], [653, 597], [653, 615], [623, 615]], '되어', 0.9995670107392901), ([[423, 605], [437, 605], [437, 641], [423, 641]], '흙', 0.1375416346505176), ([[615, 613], [657, 613], [657, 633], [615, 633]], '버리지', 0.9998695079635063), ([[558, 784], [602, 784], [602, 808], [558, 808]], '정력도', 0.9902335405349731), ([[561, 805], [601, 805], [601, 821], [561, 821]], '오르고', 0.9964462845450218), ([[195, 811], [239, 811], [239, 865], [195, 865]], '유"', 0.4274078687825849), ([[557, 819], [605, 819], [605, 859], [557, 859]], '넓아야', 0.18102129306551581), ([[176, 868], [208, 868], [208, 928], [176, 928]], '9"', 0.295905541595734), ([[659.7099926047172, 293.04297559556653], [673.2676438637861, 292.03648209037004], [677.2900073952828, 327.95702440443347], [662.7323561362139, 329.96351790962996]], '올', 0.22834531263393743)]
[([[658, 82], [690, 82], [690, 106], [658, 106]], '크웃', 0.7689360703250429), ([[543, 105], [581, 105], [581, 123], [543, 123]], '하아 ,', 0.9804027676582336), ([[663, 103], [691, 103], [691, 121], [663, 121]], '으옷', 0.47442931551852846), ([[540, 118], [576, 118], [576, 142], [540, 142]], '하아.', 0.5646834792917702), ([[28, 242], [108, 242], [108, 370], [28, 370]], '값', 0.002215844454922636), ([[257, 383], [287, 383], [287, 399], [257, 399]], '크아', 0.8447153997568408), ([[257, 401], [287, 401], [287, 417], [257, 417]], '아아', 0.9988112444591255), ([[255, 415], [285, 415], [285, 435], [255, 435]], '약!!', 0.7730237183854171), ([[334, 664], [360, 664], [360, 780], [334, 780]], '%', 0.08375445375381574)]
[([[623, 105], [653, 105], [653, 119], [623, 119]], '어이', 0.9974766744152127), ([[95, 113], [109, 113], [109, 147], [95, 147]], '욕', 0.6802015611690457), ([[606, 118], [664, 118], [664, 142], [606, 142]], '기분증게', 0.9058806300163269), ([[613, 137], [659, 137], [659, 157], [613, 157]], '해드려', 0.9805589661547895), ([[238, 496], [270, 496], [270, 536], [238, 536]], '35*', 0.09060670036889099), ([[139, 665], [157, 665], [157, 701], [139, 701]], '교', 0.42162281790501765), ([[141, 701], [157, 701], [157, 733], [141, 733]], '앞', 0.23893606376685117), ([[281, 807], [297, 807], [297, 829], [281, 829]], '{', 0.7962960010344524), ([[571.3034739668531, 492.03473966853005], [624.4115539212529, 487.4285155645859], [631.6965260331469, 605.96526033147], [579.5884460787471, 609.571484435414]], '솜', 0.05626510862413259)]
[([[63, 47], [156, 47], [156, 239], [63, 239]], '"', 0.033903142824392996), ([[229, 309], [261, 309], [261, 325], [229, 325]], '아아', 0.9994528091779992), ([[227, 325], [267, 325], [267, 343], [227, 343]], '이거?', 0.9999684091552787), ([[556, 366], [604, 366], [604, 390], [556, 390]], '하잡아', 0.4729735568755744), ([[581.0685071343347, 332.23016355523606], [610.8699950526355, 337.2906915317589], [606.9314928656653, 354.76983644476394], [578.1300049473645, 349.7093084682411]], '이제', 0.9998656384909033)]
[([[490, 78], [514, 78], [514, 110], [490, 110]], '물로', 0.06570989419641554), ([[489, 131], [511, 131], [511, 147], [489, 147]], '완수', 0.9277529593796054), ([[494, 118], [524, 118], [524, 148], [494, 148]], '목절', 0.7407226765706441), ([[513, 143], [535, 143], [535, 157], [513, 157]], '니다', 0.561795405599532), ([[281, 171], [319, 171], [319, 185], [281, 185]], '하지만', 0.9998925641436717), ([[299, 181], [321, 181], [321, 197], [299, 197]], '다시', 0.975301964151611), ([[271, 179], [323, 179], [323, 215], [271, 215]], '뜻도하철', 0.35053518414497375), ([[92, 204], [130, 204], [130, 234], [92, 234]], '컴투름', 0.01908324409291752), ([[281, 209], [319, 209], [319, 225], [281, 225]], '법니다,', 0.20338743925094604), ([[78, 780], [226, 780], [226, 1024], [78, 1024]], '#;', 0.4345671931516222)]
[([[428, 70], [452, 70], [452, 182], [428, 182]], '7', 0.008825449603379276), ([[98, 187], [122, 187], [122, 365], [98, 365]], '1', 0.008876213180600223), ([[613, 617], [633, 617], [633, 639], [613, 639]], '고', 0.29309164624152473), ([[83, 615], [127, 615], [127, 713], [83, 713]], '#', 0.02444316102591082), ([[152, 652], [182, 652], [182, 688], [152, 688]], '5', 0.9358487100640099), ([[613, 651], [633, 651], [633, 731], [613, 731]], '흙', 0.3726453814920241), ([[278, 828], [328, 828], [328, 892], [278, 892]], '5', 0.9419158186330066)]
[([[568, 82], [610, 82], [610, 106], [568, 106]], '데놈의_', 0.2985840439796448), ([[565, 99], [603, 99], [603, 119], [565, 119]], '씨즌으', 0.37591285619150067), ([[179, 129], [231, 129], [231, 145], [179, 145]], '암되지씨', 0.41507789492607117), ([[563, 147], [591, 147], [591, 167], [563, 167]], '버럿', 0.904419028636155), ([[0, 18], [135, 18], [135, 1019], [0, 1019]], "'", 0.1269379435536786), ([[565, 515], [627, 515], [627, 575], [565, 575]], '뿌리미미', 0.009911710396409035), ([[213, 751], [237, 751], [237, 765], [213, 765]], '다시', 0.9999116613483926), ([[195, 760], [254, 760], [254, 784], [195, 784]], '재회하길', 0.9994105100631714), ([[205, 779], [249, 779], [249, 799], [205, 799]], '뵙니다', 0.34534046053886414), ([[569.7805784783006, 118.4147520217908], [610.7393718304724, 115.01278896108323], [612.2194215216994, 134.5852479782092], [570.2606281695276, 137.98721103891677]], '엉망이', 0.9879479653939695)]
[([[403.7441813462397, 54.04644817423595], [581.6658654916602, 78.40276850488885], [556.2558186537603, 222.95355182576407], [378.33413450833984, 197.59723149511115]], '[', 0.9713655225305615)]
[([[113, 819], [141, 819], [141, 835], [113, 835]], '보기', 0.9999863444483912), ([[100, 832], [152, 832], [152, 856], [100, 856]], '좀구만 -', 0.3666840844206279)]
[([[623, 113], [661, 113], [661, 133], [623, 133]], '이것이', 0.9973196590894446), ([[87, 135], [155, 135], [155, 155], [87, 155]], '약때문인지', 0.9027495780548097), ([[623, 129], [665, 129], [665, 149], [623, 149]], '왕국의', 0.9708932621498714), ([[95, 153], [151, 153], [151, 171], [95, 171]], '국물이나', 0.9959143996238708), ([[615, 145], [673, 145], [673, 165], [615, 165]], '기사인가', 0.9997298121452332), ([[84, 166], [156, 166], [156, 190], [84, 190]], '줄출 흘리고', 0.8898287894516785), ([[84, 180], [158, 180], [158, 204], [84, 204]], '불륭없구만-', 0.1726864564226648), ([[585, 709], [623, 709], [623, 723], [585, 723]], '부끄러뒤', 0.2682900511749327), ([[585, 721], [629, 721], [629, 737], [585, 737]], '숙고심지?', 0.9862893256417518), ([[94, 748], [126, 748], [126, 784], [94, 784]], '글데', 0.14559289840320352), ([[87, 775], [131, 775], [131, 815], [87, 815]], '법토혀', 0.013054680848881096)]
[([[163, 73], [191, 73], [191, 89], [163, 89]], '두목', 0.9927554176802698), ([[78, 74], [122, 74], [122, 104], [78, 104]], '00', 0.999533297703695), ([[595, 87], [631, 87], [631, 103], [595, 103]], '아아~', 0.9228232382323925), ([[588, 100], [636, 100], [636, 124], [588, 124]], '한심한', 0.8254439466439537), ([[579, 115], [640, 115], [640, 142], [579, 142]], '기사남은', 0.3033734858036041), ([[588, 134], [636, 134], [636, 158], [588, 158]], '흉악하', 0.38211968882861114), ([[576, 152], [650, 152], [650, 176], [576, 176]], '산적들에게', 0.5651624396163035), ([[590, 168], [636, 168], [636, 192], [590, 192]], '붙잡혀', 0.9915676648757715), ([[302, 206], [346, 206], [346, 230], [302, 230]], '임무는', 0.4951980156879628), ([[286, 224], [364, 224], [364, 248], [286, 248]], '달성 못하고', 0.9935873402533891), ([[280, 240], [370, 240], [370, 264], [280, 264]], '죽지도 못하고', 0.60445148038065), ([[296, 258], [354, 258], [354, 282], [296, 282]], '쓸데없는', 0.6297993372558665), ([[297, 275], [356, 275], [356, 299], [297, 299]], '목수심만', 0.5556776523590088), ([[87, 303], [125, 303], [125, 319], [87, 319]], '그지?', 0.6618575370153995), ([[290, 290], [348, 290], [348, 314], [290, 314]], '불타오트', 0.8583089709281921), ([[303, 309], [339, 309], [339, 329], [303, 329]], '구나-', 0.9817166823127296), ([[598, 424], [640, 424], [640, 448], [598, 448]], '어이', 0.998955339516869), ([[112, 442], [172, 442], [172, 468], [112, 468]], '확실히', 0.999918923983187), ([[588, 446], [648, 446], [648, 472], [588, 472]], '암돼지', 0.9290221774436038), ([[122, 464], [162, 464], [162, 492], [122, 492]], '수행', 0.9996521376362925), ([[102, 486], [182, 486], [182, 512], [102, 512]], '하라구??', 0.999984912686322), ([[354, 796], [428, 796], [428, 822], [354, 822]], '오늘부터', 0.7326581693042681), ([[360, 816], [420, 816], [420, 844], [360, 844]], '네놈은', 0.3441539744332802), ([[354, 840], [428, 840], [428, 866], [354, 866]], '우리들의', 0.9991235733032227), ([[352, 860], [428, 860], [428, 888], [352, 888]], '장난감이', 0.9521757461550482), ([[352, 884], [430, 884], [430, 910], [352, 910]], '되는것이', 0.5159347653388977), ([[362, 906], [412, 906], [412, 932], [362, 932]], '[사명', 0.7287413477897644), ([[370, 928], [412, 928], [412, 952], [370, 952]], '이다', 0.9998912628624733)]
[([[75, 87], [181, 87], [181, 149], [75, 149]], '볶사', 0.04400869487455228), ([[78, 196], [244, 196], [244, 248], [78, 248]], '[#습표', 0.3642716109752655), ([[83, 317], [171, 317], [171, 355], [83, 355]], '쭉수주타', 0.06108536571264267), ([[220, 317], [359, 317], [359, 353], [220, 353]], '2009/8/16', 0.9999937216342292), ([[83, 377], [147, 377], [147, 413], [83, 413]], '쭉수', 0.0224741598280106), ([[223, 377], [389, 377], [389, 413], [223, 413]], '7-1나1/2', 0.28151851947499396), ([[84, 440], [146, 440], [146, 472], [84, 472]], '티]', 0.10196108472323277), ([[221, 437], [375, 437], [375, 473], [221, 473]], '<필초0 1{*', 0.05224800807787989), ([[83, 497], [173, 497], [173, 533], [83, 533]], '쭉수등볼', 0.010285361669957638), ([[221, 497], [285, 497], [285, 533], [221, 533]], '#출', 0.012540863843691148)]
[([[289, 855], [521, 855], [521, 899], [289, 899]], '[/고..+(기항', 0.0003255381924147196)]
[([[298, 376], [432, 376], [432, 412], [298, 412]], '-값서;니라7', 0.00023392444645653284), ([[310, 604], [420, 604], [420, 628], [310, 628]], '2009 -나금굽목,', 0.004685840252603547)]
[([[257, 227], [471, 227], [471, 313], [257, 313]], '셋습#', 0.016236315346411057), ([[445, 315], [507, 315], [507, 351], [445, 351]], '#종', 0.00883007019734555)]
[([[259, 147], [311, 147], [311, 185], [259, 185]], '어9안가', 0.011460814625024796), ([[267, 155], [291, 155], [291, 173], [267, 173]], '기분', 0.9969638283916932), ([[263, 181], [307, 181], [307, 197], [263, 197]], '기사씨?', 0.9998618364334106)]
[([[97, 111], [127, 111], [127, 129], [97, 129]], '이거', 0.9669116735458374), ([[91, 129], [135, 129], [135, 147], [91, 147]], '뭐~지?', 0.7941890358924866), ([[299, 361], [331, 361], [331, 377], [299, 377]], '기차가', 0.25660786032676697), ([[295, 369], [333, 369], [333, 409], [295, 409]], '슬다움', 0.009286541138388154), ([[336, 568], [364, 568], [364, 596], [336, 596]], '미결 ', 0.04322642030452872), ([[331, 601], [375, 601], [375, 615], [331, 615]], '배]끼나-', 0.11125573844263753), ([[239, 873], [289, 873], [289, 909], [239, 909]], '으표은', 0.017967175048396327), ([[340, 866], [392, 866], [392, 898], [340, 898]], "작도잠깐'", 0.12136060633855565), ([[237, 903], [293, 903], [293, 919], [237, 919]], '둘려주도록', 0.5879910683127124), ([[253, 917], [277, 917], [277, 931], [253, 931]], '하지', 0.9985314140837026), ([[246.14250707428747, 689.4855042445724], [275.8661855860486, 684.5002775465105], [277.85749292571256, 696.5144957554276], [248.1338144139514, 700.4997224534895]], '실끼_', 0.4187921759047195)]
[([[273, 485], [293, 485], [293, 555], [273, 555]], '동', 0.5745001413790227), ([[674, 446], [698, 446], [698, 558], [674, 558]], '#', 0.4040192224592012), ([[633.5505838617161, 68.0338534873257], [657.377060155629, 71.33472227942771], [647.4494161382839, 139.9661465126743], [623.622939844371, 136.66527772057228]], '하', 0.18322574067973907)]
[([[582, 112], [628, 112], [628, 136], [582, 136]], '말처럼', 0.9961465608061658), ([[577, 133], [633, 133], [633, 151], [577, 151]], '히랑하고', 0.05109906941652298), ([[595, 147], [629, 147], [629, 167], [595, 167]], '-어화', 0.31961524178353035), ([[347, 523], [373, 523], [373, 541], [347, 541]], '무흐', 0.4414384498694266), ([[347, 557], [373, 557], [373, 575], [347, 575]], '무르', 0.2105235547917102)]
