2530320
52
[([[9, 5], [97, 5], [97, 45], [9, 45]], '음란한', 0.829907130138573), ([[9, 43], [121, 43], [121, 79], [9, 79]], '판매원들', 0.9989843368530273), ([[10, 76], [80, 76], [80, 108], [10, 108]], '모음집', 0.9995432190334469)]
[([[137, 81], [187, 81], [187, 117], [137, 117]], '8', 0.1696880147908395), ([[323, 93], [373, 93], [373, 113], [323, 113]], '이 사람', 0.6301724394923882), ([[0, 98], [142, 98], [142, 149], [0, 149]], '~0', 0.004614130609932908), ([[293, 111], [395, 111], [395, 131], [293, 131]], '더이상 못하켓네', 0.9289555409666826), ([[385, 157], [433, 157], [433, 177], [385, 177]], '뛰어~?', 0.9279454350471497), ([[385, 175], [507, 175], [507, 195], [385, 195]], '아직 한참 모자라데', 0.8013377384884377)]
[([[82, 360], [164, 360], [164, 386], [82, 386]], '다음예도', 0.9948384761810303), ([[323, 365], [451, 365], [451, 385], [323, 385]], '기다리고 있드게', 0.14238556954089443), ([[76, 384], [158, 384], [158, 408], [76, 408]], '지목해쥐', 0.935563862323761), ([[291, 385], [503, 385], [503, 405], [291, 405]], '다음번엔 더 오래 붙어앗자이', 0.3588301412824197)]
[([[146, 345], [398, 345], [398, 373], [146, 373]], '선택해 주서서 감사합니다0', 0.5885755787984509), ([[122, 370], [404, 370], [404, 396], [122, 396]], '정성을 다해 지유시켜 드럭게요', 0.4847726077492017)]
[([[324, 386], [356, 386], [356, 442], [324, 442]], '푹', 0.2278184935841745), ([[11.044055900083574, 134.32776211024236], [167.41856312936835, 117.42334060981085], [169.95594409991642, 174.67223788975764], [13.581436870631652, 190.57665939018915]], '소:시', 0.001018968904220079), ([[253.3932752780691, 167.02047411542247], [371.6387423815694, 269.47569216122974], [317.6067247219309, 332.9795258845775], [200.3612576184306, 229.52430783877028]], '8아모', 0.0004568976916423797), ([[232.37292982319715, 276.04945788614214], [279.9548620168991, 315.40077848228805], [254.62707017680285, 346.95054211385786], [206.04513798310094, 306.59922151771195]], '44', 0.8667110192413111)]
[([[233, 199], [273, 199], [273, 243], [233, 243]], '뚜', 0.6113021607646694), ([[344, 258], [404, 258], [404, 282], [344, 282]], '어머머!', 0.663891613483429), ([[328, 280], [420, 280], [420, 306], [328, 306]], '이 정도라니', 0.6500515330944696), ([[345, 337], [421, 337], [421, 357], [345, 357]], '가슴이 정말', 0.9888104514883628), ([[326, 354], [426, 354], [426, 378], [326, 378]], "'종으신가보네요", 0.6100605172623825), ([[12.401328905286034, 46.01993357929052], [83.42475567459702, 37.332788226972326], [102.59867109471396, 213.98006642070948], [31.575244325402974, 222.66721177302767]], '옷', 0.04022412374286777), ([[55.26484056798412, 247.04520860067137], [101.58132296083538, 231.0282277659638], [135.73515943201588, 339.9547913993286], [89.41867703916462, 355.97177223403617]], '솟', 0.08709713418955634)]
[([[277, 127], [397, 127], [397, 243], [277, 243]], '광', 0.14890419734605587), ([[423, 153], [517, 153], [517, 239], [423, 239]], '년', 0.2630031872286054), ([[441, 297], [550, 297], [550, 405], [441, 405]], '장', 0.2469949081795244), ([[349, 383], [413, 383], [413, 485], [349, 485]], '질', 0.7182931708312026), ([[350, 520], [378, 520], [378, 544], [350, 544]], '`', 0.19864157385862669), ([[350.26351371575106, 56.10810972600866], [429.6474546595284, -11.985020645814398], [560.7364862842489, 163.89189027399135], [481.3525453404716, 231.9850206458144]], '*', 0.18034256778634017)]
[([[128, 350], [202, 350], [202, 378], [128, 378]], '고객님 .', 0.9910207165630602), ([[224, 348], [440, 348], [440, 378], [224, 378]], '굉장히 귀여우싶어요', 0.6359196314683503), ([[146, 374], [418, 374], [418, 406], [146, 406]], '재방문 기대하고 있슬게요', 0.31209115463374004)]
[([[184, 344], [360, 344], [360, 370], [184, 370]], '또 날 사러 온전가?', 0.9308453653038717), ([[182, 366], [362, 366], [362, 394], [182, 394]], '정말 별난 놓이로군', 0.4312654589996456), ([[255, 419], [297, 419], [297, 450], [255, 450]], '-', 0.17244721807410102)]
[([[282.19601035230505, 311.04050248782], [339.6832091307715, 291.02922680766596], [383.80398964769495, 425.95949751218], [326.3167908692285, 446.97077319233404]], '털', 0.022267895027256124)]
[]
[([[9, 5], [97, 5], [97, 45], [9, 45]], '음란한', 0.8372304401182967), ([[9, 43], [121, 43], [121, 79], [9, 79]], '판매원들', 0.998760461807251), ([[10, 76], [80, 76], [80, 108], [10, 108]], '모음집', 0.999666891939318), ([[398, 546], [512, 546], [512, 572], [398, 572]], '@라라 이브', 0.28085717122576415), ([[400, 570], [492, 570], [492, 600], [400, 600]], '폐리채 널', 0.22779171297482406), ([[399, 607], [523, 607], [523, 623], [399, 623]], "잇*(]|서'니{신*<묶기+#", 2.069151245552092e-06)]
[([[119, 24], [180, 24], [180, 60], [119, 60]], '하야', 0.09893969774122492), ([[50, 82], [134, 82], [134, 108], [50, 108]], '만족햇나?', 0.6582369781236966), ([[395, 83], [439, 83], [439, 125], [395, 125]], '햇', 0.028346241919870785), ([[349, 293], [387, 293], [387, 357], [349, 357]], '꿀', 0.6876650161672302), ([[33.838723676169465, 270.16783152748457], [114.69222159836848, 201.0171237129569], [234.16127632383052, 361.83216847251543], [152.30777840163154, 430.9828762870431]], '8', 0.12212356622502885)]
[([[391, 277], [459, 277], [459, 317], [391, 317]], '새', 0.3189643934435402), ([[240, 344], [282, 344], [282, 372], [240, 372]], '음-', 0.9983775635061637), ([[310, 346], [346, 346], [346, 372], [310, 372]], '뭐', 0.9999976158156301), ([[210, 372], [398, 372], [398, 404], [210, 404]], '시간 나면 또 와', 0.8250095427139372)]
[([[201, 0], [319, 0], [319, 37], [201, 37]], '쓰담 산담', 0.5110473428349552), ([[454, 12], [532, 12], [532, 36], [454, 36]], '오늘 아침에', 0.6474635873747668), ([[446, 30], [542, 30], [542, 54], [446, 54]], '[엄청 슬곧 일이', 0.5574935343874683), ([[123, 53], [173, 53], [173, 69], [123, 69]], '그러니까', 0.9999542832374573), ([[458, 48], [522, 48], [522, 72], [458, 72]], '있없어요', 0.9715825915336609), ([[223, 159], [331, 159], [331, 179], [223, 179]], '그랫없구나~ 그런', 0.35129863409223705), ([[229, 176], [329, 176], [329, 196], [229, 196]], '날도 있는 거지-', 0.5019200734643473), ([[247, 195], [309, 195], [309, 215], [247, 215]], '물지 마련', 0.880390920205146), ([[410, 246], [500, 246], [500, 270], [410, 270]], '잔뜩 교미하고', 0.9960790110165432), ([[394, 264], [518, 264], [518, 288], [394, 288]], '엄청 기분 좋아저서', 0.6525684155701843), ([[372, 282], [540, 282], [540, 306], [372, 306]], '오늘도 즐겁게 보별거예요', 0.6867687783785399), ([[20, 374], [140, 374], [140, 398], [20, 398]], '그런 말올 하다니', 0.5630757917963481), ([[18, 392], [152, 392], [152, 418], [18, 418]], '년 정말 씩씩하구나', 0.7520972902495041), ([[178, 388], [262, 388], [262, 440], [178, 440]], '활짝_', 0.16738464564746858), ([[319.07373871835836, 346.0719277974934], [400.84747790647674, 372.6557522054076], [383.92626128164164, 421.9280722025066], [302.15252209352326, 395.3442477945924]], '활짝)', 0.6790355794416375)]
[([[249, 53], [369, 53], [369, 73], [249, 73]], '아이스크림이 뚜껑에', 0.938406120997455), ([[256, 66], [366, 66], [366, 92], [256, 92]], '불어 분리돼버력다', 0.20563512814811838), ([[422, 282], [496, 282], [496, 306], [422, 306]], '이임  혼도', 0.05352556079247453), ([[404, 300], [512, 300], [512, 324], [404, 324]], '흐물흐물해젓어 .', 0.34853420063565516), ([[13, 373], [159, 373], [159, 411], [13, 411]], "'", 0.6890309799934222), ([[15, 409], [251, 409], [251, 447], [15, 447]], "'`", 0.02449085058719806)]
[([[20, 22], [108, 22], [108, 46], [20, 46]], '엄청나게에옛', 0.39612806643977766), ([[101, 9], [139, 9], [139, 47], [101, 47]], '양', 0.9187678941640378), ([[20, 40], [108, 40], [108, 64], [20, 64]], '기분조아요옷', 0.9444424467706009), ([[23, 87], [61, 87], [61, 127], [23, 127]], '양', 0.8172183423860169), ([[27, 155], [65, 155], [65, 171], [27, 171]], '안 , 폭', 0.4912853639016983), ([[72, 152], [132, 152], [132, 176], [72, 176]], '하으용 ;', 0.030902009639468514), ([[25, 169], [93, 169], [93, 189], [25, 189]], '끝까지이앗', 0.32966583712292313), ([[25, 185], [111, 185], [111, 205], [25, 205]], '들어, 갖어어으', 0.3498862643070925), ([[290, 256], [394, 256], [394, 362], [290, 362]], '콩', 0.06577291428816157), ([[277, 357], [357, 357], [357, 423], [277, 423]], '장', 0.023110123416314687), ([[75.05131670194949, 98.15395010584845], [129.86154775221758, 107.09914237430188], [124.94868329805051, 133.84604989415155], [70.13845224778241, 125.90085762569812]], '후야', 0.7165961671235983), ([[60.24001230982437, 264.0321452559276], [127.05479218860613, 243.06202408602175], [172.75998769017562, 399.9678547440724], [105.94520781139387, 421.9379759139783]], '꿀', 0.8790570189636107), ([[-16.473096856015346, 331.09908326548646], [53.69045967675597, 288.0216911395801], [125.47309685601535, 426.90091673451354], [54.30954032324403, 468.9783088604199]], '꼴', 0.8550996728672544), ([[180.06527001946083, 349.054795165417], [276.69764836659493, 381.8214202736052], [250.93472998053917, 449.945204834583], [155.30235163340507, 416.1785797263948]], '4사', 0.028705583624031042)]
[([[98, 168], [216, 168], [216, 264], [98, 264]], '엿', 0.02942051943864854), ([[408, 274], [524, 274], [524, 298], [408, 298]], '벌써 지치면 안돼-', 0.7853569891208577), ([[30, 268], [134, 268], [134, 376], [30, 376]], "푹'", 0.7540433250156574), ([[213, 255], [305, 255], [305, 353], [213, 353]], '푹', 0.9193774844470148), ([[411, 293], [517, 293], [517, 335], [411, 335]], '운흩어 추어체', 0.03901625006424557), ([[450, 336], [526, 336], [526, 360], [450, 360]], '내 차례도', 0.9982415087210657), ([[440, 358], [528, 358], [528, 384], [440, 384]], '남아있다구', 0.9998570159691583)]
[([[441, 11], [491, 11], [491, 31], [441, 31]], '우후후', 0.9994849964385831), ([[440, 34], [544, 34], [544, 58], [440, 58]], '허리름 흔들어델', 0.09303137131970485), ([[440, 52], [526, 52], [526, 76], [440, 76]], '정도라니 .9', 0.32366158129415146), ([[475, 129], [517, 129], [517, 149], [475, 149]], '언니의', 0.9987210562455197), ([[448, 144], [544, 144], [544, 168], [448, 168]], '폐니반이 그렇게', 0.7528209595614554), ([[467, 163], [529, 163], [529, 183], [467, 183]], '중은거니?', 0.7834826736094497), ([[172, 206], [198, 206], [198, 232], [172, 232]], '0', 0.832352829208105), ([[217.28229870452904, 168.04307924759115], [283.8886330316916, 222.84934756852005], [251.71770129547096, 262.95692075240885], [185.1113669683084, 208.15065243147995]], "'<엇", 0.041341912427712756)]
[([[4, 36], [106, 36], [106, 88], [4, 88]], '댐출있다? ', 0.02250858965925461), ([[360, 0], [458, 0], [458, 110], [360, 110]], '', 0.0), ([[41, 99], [99, 99], [99, 119], [41, 119]], '아까부터', 0.9912334084510803), ([[55, 117], [87, 117], [87, 135], [55, 135]], '언년', 0.8622179965183768), ([[29, 135], [113, 135], [113, 155], [29, 155]], '움질거리기만', 0.9405893123189124), ([[41, 153], [99, 153], [99, 173], [41, 173]], '하잡아0', 0.48228156566619873), ([[310.4202018956436, 62.028079525128895], [360.57039782145625, 55.20915803338016], [376.5797981043564, 176.9719204748711], [325.42960217854375, 184.79084196661984]], '음', 0.18413367037839468), ([[494.56945806707546, 91.01546713234913], [539.5239177351019, 105.14386946260353], [495.43054193292454, 241.98453286765087], [450.47608226489814, 227.85613053739647]], '팀', 0.03714211684041069)]
[([[424, 12], [526, 12], [526, 38], [424, 38]], '언니 이 사람', 0.9377547874041726), ([[14, 44], [68, 44], [68, 68], [14, 68]], '후후후', 0.6773882616135801), ([[410, 34], [540, 34], [540, 60], [410, 60]], '우길 보고 잇는데', 0.15357438888286876), ([[44, 72], [114, 72], [114, 96], [44, 96]], '뚫어지게', 0.9915278553962708), ([[20, 92], [146, 92], [146, 118], [20, 118]], '쳐다보고 있찮아', 0.5123795082092167), ([[426, 84], [538, 84], [538, 110], [426, 110]], '정말 보는 걸로', 0.6334235491725643), ([[440, 106], [530, 106], [530, 130], [440, 130]], '만족활까~?', 0.9048103536302092), ([[25, 149], [81, 149], [81, 169], [25, 169]], '저 사람', 0.7476137187367359), ([[24, 166], [126, 166], [126, 192], [24, 192]], '그동안 딸치고', 0.99294377443967), ([[24, 188], [104, 188], [104, 212], [24, 212]], '싶어젊올결', 0.135326934677105)]
[([[48, 90], [122, 90], [122, 116], [48, 116]], '귀파주기', 0.9985518455505371), ([[26, 112], [150, 112], [150, 138], [26, 138]], '서비스는 어때?', 0.9605282680969824), ([[48, 150], [190, 150], [190, 176], [48, 176]], '무릎 위에서 해주면', 0.9951152155301435), ([[66, 172], [172, 172], [172, 198], [66, 198]], '엄청 개운해질', 0.9736790820071877), ([[80, 194], [164, 194], [164, 220], [80, 220]], '것 같은데~', 0.7369164035408357), ([[81, 307], [137, 307], [137, 345], [81, 345]], '오너', 0.9803840322500398)]
[([[208, 14], [240, 14], [240, 48], [208, 48]], '오', 0.9851289110827146), ([[469, 73], [501, 73], [501, 93], [469, 93]], '언니', 0.9998916843175609), ([[16, 172], [204, 172], [204, 200], [16, 200]], '활기차고 밝은 귀엽둥이', 0.586590169431022), ([[228, 172], [460, 172], [460, 200], [228, 200]], '기분 좋은 짓율 좋아하는 자매', 0.593928695977624), ([[18, 196], [96, 196], [96, 222], [18, 222]], '쇼타 담당', 0.6769652315376985), ([[227, 193], [302, 193], [302, 223], [227, 223]], '씩시담당', 0.1946202963590622), ([[426, 273], [518, 273], [518, 299], [426, 299]], '어서오세요', 0.9986069490973863), ([[22, 394], [194, 394], [194, 422], [22, 422]], '먹는 걸 좋아하는 누님', 0.6639203143182916), ([[226, 392], [408, 392], [408, 420], [226, 420]], '근육진 (전)노예 검투사', 0.8100727285182937), ([[20, 418], [96, 418], [96, 446], [20, 446]], '가슴담당', 0.9956558346748352), ([[224, 416], [322, 416], [322, 444], [224, 444]], '야성미 담당', 0.6359208517563539), ([[436.65835921350015, 334.31671842700024], [481.38485373813523, 330.1799800419494], [483.34164078649985, 359.68328157299976], [438.61514626186477, 362.8200199580506]], '오녀', 0.46033785146531314)]
[([[26, 16], [94, 16], [94, 40], [26, 40]], '저도 한 번', 0.9644800966269385), ([[26, 34], [148, 34], [148, 58], [26, 58]], '해보고 싶긴 하지만 .', 0.8066077172011009), ([[40, 64], [132, 64], [132, 88], [40, 88]], '가슴 때문에', 0.7394132860961118), ([[42, 86], [152, 86], [152, 110], [42, 110]], '귀가 잘 보이지', 0.656315711340612), ([[42, 106], [188, 106], [188, 134], [42, 134]], '않을 것 같기도 하고', 0.5129282134310008), ([[24, 138], [90, 138], [90, 162], [24, 162]], '무엇보다', 0.9930688738822937), ([[24, 158], [122, 158], [122, 184], [24, 184]], '손님의 얼굴올', 0.8526113292093063), ([[22, 180], [184, 180], [184, 204], [22, 204]], '짓둘러 버질 것 같아서', 0.33629714308819575), ([[32, 222], [188, 222], [188, 254], [32, 254]], '역시 그렇젯지?', 0.4254765276896147), ([[103, 247], [167, 247], [167, 267], [103, 267]], '납득햇다;', 0.09167244712660454)]
[([[217, 13], [289, 13], [289, 33], [217, 33]], '손톱은 항상', 0.7984179279737359), ([[217, 29], [299, 29], [299, 49], [217, 49]], '매곤한 상태클', 0.34835061728174754), ([[217, 42], [284, 42], [284, 68], [217, 68]], '유치합나다', 0.49235452608994174), ([[269, 61], [333, 61], [333, 81], [269, 81]], '아프지 않아요', 0.9372770417992179), ([[469, 269], [519, 269], [519, 285], [469, 285]], '이거 뵈뵈!', 0.31308640601983295), ([[463, 283], [531, 283], [531, 299], [463, 299]], '똑같이 묶없어', 0.5623921929121979)]
[([[23, 0], [63, 0], [63, 41], [23, 41]], '잇', 0.6702911868875425), ([[0, 40], [26, 40], [26, 78], [0, 78]], '극', 0.9927489358781862), ([[7, 113], [43, 113], [43, 179], [7, 179]], '옷', 0.20453707462264958), ([[472, 54], [524, 54], [524, 154], [472, 154]], '숲', 0.2626551380765285)]
[([[62, 188], [106, 188], [106, 212], [62, 212]], '오늘은', 0.9996199551805326), ([[48, 206], [124, 206], [124, 230], [48, 230]], '훈도시 입는', 0.8367816545326465), ([[54, 224], [120, 224], [120, 248], [54, 248]], '날이에끗!', 0.18010670704401985)]
[([[408, 80], [452, 80], [452, 108], [408, 108]], '암컷.', 0.9939042101189005), ([[412, 114], [524, 114], [524, 138], [412, 138]], '암컷이 돼 . 버려', 0.4087185675738157), ([[3, 285], [43, 285], [43, 363], [3, 363]], '못', 0.2269637919091707), ([[0, 392], [24, 392], [24, 430], [0, 430]], '히', 0.1529315323679734), ([[411.6783627990898, 220.08772099317366], [476.8725715217941, 189.0381417928504], [528.3216372009102, 314.91227900682634], [463.1274284782059, 345.9618582071496]], '못', 0.03596184904201416)]
[([[425, 73], [473, 73], [473, 91], [425, 91]], '어머나!', 0.9924976825714111), ([[423, 89], [509, 89], [509, 109], [423, 109]], '당신 괜찮아?', 0.9994905172774448), ([[422, 106], [522, 106], [522, 130], [422, 130]], '가슴에 비빌래?', 0.9450948925876274), ([[196, 280], [228, 280], [228, 328], [196, 328]], '줄', 0.7717711248714956), ([[193, 325], [233, 325], [233, 387], [193, 387]], '텅', 0.7605306446352564), ([[68.37209906791931, 24.039582636562507], [113.1596915733633, 32.124906560969535], [98.62790093208069, 112.9604173634375], [53.840308426636696, 104.87509343903046]], "'", 0.5768610242840033), ([[293.601985123916, 229.01985123916003], [328.72189348322564, 224.06568051642012], [342.398014876084, 336.98014876083994], [307.27810651677436, 340.9343194835799]], '줄', 0.14248239839944077)]
[([[21, 69], [87, 69], [87, 89], [21, 89]], '국하님쫓간;', 0.005142774036679514), ([[21, 87], [87, 87], [87, 107], [21, 107]], '1(+0+', 0.08361015384647828), ([[21, 107], [103, 107], [103, 127], [21, 127]], '#모"+0', 0.02741516478949548), ([[439, 113], [489, 113], [489, 133], [439, 133]], '위낮(', 0.03605376727163264), ([[23, 127], [85, 127], [85, 147], [23, 147]], '7 ?', 0.24237383902072906), ([[439, 133], [521, 133], [521, 153], [439, 153]], '6 기(금017', 0.029756176537863124), ([[437, 149], [506, 149], [506, 175], [437, 175]], '손서하', 0.019542204736424786), ([[439, 171], [519, 171], [519, 191], [439, 191]], '0<하(5', 0.14296341123304912)]
[([[34, 40], [92, 40], [92, 64], [34, 64]], '후후후.', 0.7941344976425171), ([[18, 62], [116, 62], [116, 88], [18, 88]], '당신 자지 꽤', 0.9997894653130509), ([[21, 85], [55, 85], [55, 105], [21, 105]], '크네', 0.9900406212249339), ([[400, 116], [538, 116], [538, 140], [400, 140]], '입도 같이 씨불까나다', 0.32965882103018995), ([[388, 230], [466, 230], [466, 254], [388, 254]], '으움 ,후혹!', 0.1469270906677505), ([[386, 248], [508, 248], [508, 272], [386, 272]], '남김 없이 싸버려 9', 0.41153623252363986), ([[432.0557630317494, 163.08996776509676], [555.8732989478042, 178.8815379464056], [547.9442369682506, 224.91003223490324], [424.1267010521958, 209.1184620535944]], '밀니니니', 0.23198798085171257)]
[([[27, 27], [83, 27], [83, 45], [27, 45]], '후후후 0', 0.3173719581475658), ([[24, 42], [124, 42], [124, 66], [24, 66]], '또 하고싶어요?', 0.650236379549453), ([[386, 218], [508, 218], [508, 244], [386, 244]], '그럼.. 기분 좋은', 0.5458542602567917), ([[384, 240], [492, 240], [492, 264], [384, 264]], '거 하자구요9', 0.7889596180131723)]
[([[6, 30], [52, 30], [52, 54], [6, 54]], '선물로', 0.9883291125297546), ([[6, 48], [112, 48], [112, 72], [6, 72]], '맛있는 쌀과자틀', 0.3123868247314263), ([[6, 66], [68, 66], [68, 90], [6, 90]], '밭앗거든', 0.4802442789077759), ([[111, 53], [189, 53], [189, 95], [111, 95]], '0처', 0.06540688575589301), ([[16, 100], [82, 100], [82, 124], [16, 124]], '괜찮으면', 0.8993138917756457), ([[16, 120], [110, 120], [110, 144], [16, 144]], '같이 먹플래?', 0.3168681229233983), ([[475, 159], [519, 159], [519, 177], [475, 177]], '그러지', 0.999907223781833), ([[445, 235], [523, 235], [523, 253], [445, 253]], '나도 모르게', 0.9867464708719718), ([[444, 250], [520, 250], [520, 274], [444, 274]], '막 사버럿지', 0.33903474583660026), ([[445, 271], [483, 271], [483, 289], [445, 289]], '뭐야!', 0.9135208395914335), ([[13, 357], [87, 357], [87, 377], [13, 377]], '도스올 너무', 0.2705353228884294), ([[10, 374], [86, 374], [86, 398], [10, 398]], '좋아하는군', 0.6262473364564379), ([[439, 365], [542, 365], [542, 393], [439, 393]], '이렇제 뒷으니', 0.37082801269685206), ([[440, 386], [528, 386], [528, 412], [440, 412]], '같이 먹자9', 0.7932726768005942), ([[27, 475], [91, 475], [91, 495], [27, 495]], '새로 나온', 0.6830416840337808), ([[27, 493], [99, 493], [99, 513], [27, 513]], '감자칠인데', 0.3914858713358624), ([[27, 511], [117, 511], [117, 531], [27, 531]], '되게 맛있다9', 0.8634033068038699), ([[466, 582], [534, 582], [534, 608], [466, 608]], '먹어불래?', 0.8341493663689347), ([[224, 692], [340, 692], [340, 716], [224, 716]], '너 , 날 살찌우려는', 0.3419536752601975), ([[249, 713], [315, 713], [315, 733], [249, 733]], '속셈이나?', 0.8679640183249887), ([[229, 785], [293, 785], [293, 801], [229, 801]], '어머, 이제', 0.7283861322428724), ([[218, 798], [300, 798], [300, 822], [218, 822]], '눈치천거야?', 0.2611562350774781), ([[178, 942], [232, 942], [232, 968], [178, 968]], '후후롯', 0.2470006668844214), ([[178, 964], [296, 964], [296, 990], [178, 990]], '테이크 먹올래?', 0.5685452348055766), ([[178, 986], [286, 986], [286, 1012], [178, 1012]], '수크림도 있어', 0.8167171065708211), ([[342, 1018], [386, 1018], [386, 1042], [342, 1042]], '찢어!', 0.13622181124697585)]
[([[-1.0180183819889375, 4.780179779812169], [84.70402093943223, -6.299334737129769], [88.01801838198894, 20.21982022018783], [2.295979060567779, 33.29933473712977]], "'두근 두근", 0.5152237371967235)]
[([[382, 78], [480, 78], [480, 104], [382, 104]], '가슴에 살이', 0.9905800663402368), ([[368, 102], [500, 102], [500, 130], [368, 130]], '조금 붙엇습니다', 0.48893229133596494)]
[([[34, 10], [98, 10], [98, 36], [34, 36]], '네가 그', 0.8657837251546031), ([[20, 33], [109, 33], [109, 59], [20, 59]], '신입이니!?', 0.6707964792611661), ([[183, 39], [255, 39], [255, 59], [183, 59]], '어  네에;', 0.32034437760959567), ([[22, 78], [90, 78], [90, 102], [22, 102]], '우와아~', 0.7658963799476624), ([[22, 100], [200, 100], [200, 126], [22, 126]], '난 후배는 처음이거든!', 0.44020025532332474), ([[22, 124], [148, 124], [148, 150], [22, 150]], '친하게 지내자!!', 0.9637819273705491), ([[448, 88], [528, 88], [528, 220], [448, 220]], '닭', 0.44998731438141704), ([[63, 245], [109, 245], [109, 265], [63, 265]], '반짝', 0.5957072540602544), ([[12.438262381113939, 228.75060990489115], [59.546146740965185, 216.73136677664397], [65.56173761888606, 239.24939009510885], [17.45385325903482, 251.26863322335603]], "반짝'", 0.8695991635322571)]
[([[15, 5], [91, 5], [91, 25], [15, 25]], '꼬리틀 말면', 0.6213813457999223), ([[33, 27], [75, 27], [75, 43], [33, 43]], '안돼 * .', 0.11273621045155313), ([[33, 53], [77, 53], [77, 73], [33, 73]], '이렇게', 0.4928302466869354), ([[469, 67], [503, 67], [503, 87], [469, 87]], '네앗.', 0.40219141755200905), ([[17, 81], [109, 81], [109, 101], [17, 101]], '제대로 보이제', 0.8698329847291498), ([[41, 101], [91, 101], [91, 119], [41, 119]], '해야 해', 0.9990790915007125)]
[([[31, 33], [59, 33], [59, 49], [31, 49]], '어머', 0.9982420021312025), ([[387, 39], [469, 39], [469, 55], [387, 55]], '네가 얘기로만', 0.9983746495420414), ([[30, 48], [130, 48], [130, 72], [30, 72]], '너무 귀엽잡아0', 0.5733213062017778), ([[385, 53], [489, 53], [489, 73], [385, 73]], '듣던 신입미구나?', 0.2767174754770247), ([[435, 81], [479, 81], [479, 101], [435, 101]], '우후후', 0.9983080477655287), ([[433, 101], [509, 101], [509, 121], [433, 121]], '잘 부탁해다', 0.9023901776566832), ([[136.30513841808187, 69.0815813559439], [182.99786628707002, 93.88687297029924], [170.69486158191813, 116.9184186440561], [124.00213371292996, 92.11312702970076]], "'", 0.25910090600959634)]
[([[35, 21], [77, 21], [77, 71], [35, 71]], '윗', 0.051183462912995914), ([[439, 163], [477, 163], [477, 201], [439, 201]], '사', 0.37557585700689344), ([[238, 160], [310, 160], [310, 250], [238, 250]], "'봄", 0.015125218233913346), ([[338, 208], [370, 208], [370, 248], [338, 248]], '', 0.0), ([[262, 246], [324, 246], [324, 294], [262, 294]], '1과', 0.006023397267722141)]
[([[310, 60], [352, 60], [352, 86], [310, 86]], '선넷.', 0.8259347845291053), ([[372, 58], [414, 58], [414, 84], [372, 84]], '맛 ', 0.26353944608455127), ([[334, 88], [456, 88], [456, 118], [334, 118]], '트 특혼 성과 용', 0.4203806737204527), ([[327, 109], [405, 109], [405, 129], [327, 129]], '화 주세요옷', 0.9706993017811077), ([[150, 218], [206, 218], [206, 306], [150, 306]], '꽃', 0.969654445296456), ([[362, 158], [434, 158], [434, 322], [362, 322]], '쭉', 0.07993442346582924), ([[384, 318], [434, 318], [434, 416], [384, 416]], '흙', 0.13514586036785659), ([[269.34240405077855, 351.05442430467144], [302.8240419241994, 343.085800860053], [318.65759594922145, 418.94557569532856], [285.1759580758006, 426.914199139947]], '줄', 0.2559209650190155)]
[([[78, 36], [204, 36], [204, 68], [78, 68]], '더불 독 코스', 0.9735212592425576), ([[37, 93], [123, 93], [123, 113], [37, 113]], '이 코스에서논', 0.2718271770011004), ([[35, 111], [233, 111], [233, 131], [35, 131]], '아직 야인 면이 남아 있는 강아지', 0.47660045444174387), ([[35, 128], [218, 128], [218, 149], [35, 149]], '두마리가당신물 상대해줍니다!', 0.5611726677002234), ([[35, 147], [211, 147], [211, 167], [35, 167]], '테크넉이 서두른 면도 있지만', 0.637642035442034), ([[35, 165], [197, 165], [197, 185], [35, 185]], '그 귀어움에 팬들도 빠르게', 0.7635930601396063), ([[35, 183], [167, 183], [167, 203], [35, 203]], '늘어나는 중이랍니다!', 0.7212924326061461), ([[318, 276], [488, 276], [488, 308], [318, 308]], '필라 폐어 칠런지', 0.4192631669695456), ([[269, 341], [473, 341], [473, 361], [269, 361]], '자매의 집요한 펼라치오 테크니에', 0.500111971196811), ([[269, 359], [507, 359], [507, 379], [269, 379]], '당신은 어디까지 버털 수 있늘 것인가:?', 0.21538888895854175), ([[271, 377], [419, 377], [419, 397], [271, 397]], '언니와 동생 각자 한명씩', 0.9709892235107824), ([[273, 395], [487, 395], [487, 415], [273, 415]], '두 명이서 참가하는걸 추천드리지만', 0.40188591005656127), ([[269, 413], [431, 413], [431, 433], [269, 433]], '1인 도전도 대환영 입니다!', 0.7037575534289675), ([[119, 509], [377, 509], [377, 545], [119, 545]], '불륭만점 복슬복슬 패키지', 0.3702073000111897), ([[106, 574], [340, 574], [340, 598], [106, 598]], '눈앞에 보이는 가슴울 원하는 당신에게', 0.5137734561116075), ([[105, 593], [409, 593], [409, 613], [105, 613]], '풍만하게 흔들리는 살과! 맥박 뛰는 늘름한 근육울!', 0.20861372969292138), ([[103, 611], [337, 611], [337, 631], [103, 631]], '단골분들에게 인기가 많은 코스입니다!', 0.8708742672380527), ([[103, 629], [391, 629], [391, 649], [103, 649]], '소프트한 산소 결필 플레이도 체험 가능 합니다!', 0.4500433640348723)]
[([[250, 10], [316, 10], [316, 34], [250, 34]], '이게 뛰야', 0.8822025129470479), ([[222, 28], [344, 28], [344, 52], [222, 52]], '이 속옷은 뭐조 . !?', 0.3189374886470753), ([[457, 139], [539, 139], [539, 159], [457, 159]], '선배는 아무렇', 0.5934741173567718), ([[431, 157], [501, 157], [501, 177], [431, 177]], '지도 않아요', 0.9712065745065267), ([[412, 182], [498, 182], [498, 206], [412, 206]], '우으으  나도', 0.9014086001636346), ([[412, 200], [486, 200], [486, 224], [412, 224]], '분발해야지,', 0.7455753932416158), ([[23, 251], [63, 251], [63, 269], [23, 269]], '오오-!', 0.9851247199593874), ([[19, 269], [105, 269], [105, 289], [19, 289]], '내 건 검정색!', 0.9249564610570178), ([[40, 322], [84, 322], [84, 346], [40, 346]], '조금은', 0.9996834093440212), ([[41, 341], [85, 341], [85, 361], [41, 361]], '셋시해', 0.20230801730609116), ([[40, 358], [108, 358], [108, 382], [40, 382]], '젊으려나?', 0.7633630240076608)]
[([[17, 17], [39, 17], [39, 37], [17, 37]], '저,', 0.5286584483906637), ([[45, 19], [81, 19], [81, 37], [45, 37]], '저기', 0.999836052695868), ([[17, 35], [91, 35], [91, 55], [17, 55]], '저 어나요', 0.48437799979767476), ([[15, 53], [127, 53], [127, 73], [15, 73]], '기분 중으섞나요?', 0.5795111437642521), ([[211, 0], [389, 0], [389, 122], [211, 122]], '끈전', 0.895079943746545), ([[42, 228], [86, 228], [86, 252], [42, 252]], '열심히', 0.9988485003367165), ([[15, 249], [93, 249], [93, 269], [15, 269]], '노력 햇는데.', 0.7934963658877182), ([[329, 245], [421, 245], [421, 265], [329, 265]], '아직 신입이라', 0.9792360489975428), ([[331, 263], [421, 263], [421, 283], [331, 283]], '그다지 잘 하지', 0.9980228851456775), ([[329, 281], [437, 281], [437, 301], [329, 301]], '못 햇단 . 거 같아', 0.3109991186167932), ([[24, 290], [70, 290], [70, 322], [24, 322]], '두근', 0.9795330067336016), ([[12, 318], [52, 318], [52, 348], [12, 348]], '두근', 0.2397834919161207), ([[346.95805693252925, 333.1867537178289], [390.7898821605218, 339.8970233318867], [386.04194306747075, 365.8132462821711], [342.2101178394782, 359.1029766681133]], '"9', 0.33073588908029816)]
[]
[([[15, 125], [183, 125], [183, 141], [15, 141]], '지무 에주서시 김사합다다 ]', 0.11593670103152556), ([[14, 138], [71, 138], [71, 157], [14, 157]], '만족하실', 0.8434287309646606), ([[75, 141], [181, 141], [181, 157], [75, 157]], '수 앞도드 열심히', 0.31863555822688333), ([[15, 155], [69, 155], [69, 171], [15, 171]], '질개요심', 0.04074651002883911), ([[26, 325], [155, 325], [155, 357], [26, 357]], '[타로군 9뉴]', 0.28464227202113895), ([[161, 333], [279, 333], [279, 353], [161, 353]], '(이전 폐이지 참조)', 0.8702407115102003), ([[16, 353], [407, 353], [407, 384], [16, 384]], '미처 영상으로 만들지 못하고올럿던 풀버전입니다', 0.41789059299120207), ([[16, 376], [194, 376], [194, 406], [16, 406]], '인사나 삼입 장면 같원', 0.5288948418473007), ([[14, 400], [166, 400], [166, 428], [14, 428]], '자위도 열심히 한도', 0.8107586014298913)]
[([[44, 32], [108, 32], [108, 56], [44, 56]], '그럴 리가', 0.80798796394285), ([[45, 53], [91, 53], [91, 73], [45, 73]], '없잡아', 0.7809539433356192), ([[52, 92], [138, 92], [138, 116], [52, 116]], '놀리는 거지?', 0.7127110050727873), ([[447, 169], [477, 169], [477, 187], [447, 187]], '아뇨', 0.9999694858180386), ([[446, 184], [504, 184], [504, 208], [446, 208]], '정말로요', 0.9999620318412781), ([[48, 206], [114, 206], [114, 230], [48, 230]], '{강아지 군', 0.7119955204440561), ([[149, 213], [179, 213], [179, 233], [149, 233]], '타로', 0.7123291205577597), ([[364, 214], [476, 214], [476, 238], [364, 238]], '자료 보여출가요?', 0.24834462676735586), ([[63, 229], [105, 229], [105, 247], [63, 247]], '9,7%6', 0.4153817769545662), ([[171, 231], [201, 231], [201, 251], [171, 251]], '8%', 0.7387192008832297), ([[207, 255], [241, 255], [241, 275], [207, 275]], '자매', 0.9986046345681091), ([[205, 275], [247, 275], [247, 291], [205, 291]], '9.79', 0.5805579115095496), ([[292, 280], [468, 280], [468, 304], [292, 304]], '너무 압도적으로 1등이라서', 0.359878300646658), ([[293, 301], [437, 301], [437, 321], [293, 321]], '보자 마자 커피틀 엎어', 0.4137282579902241), ([[78, 314], [110, 314], [110, 344], [78, 344]], '곰', 0.9999902248621453), ([[213, 317], [233, 317], [233, 339], [213, 339]], '양', 0.9986960373107792), ([[289, 317], [379, 317], [379, 341], [289, 341]], '버려다니까요', 0.39790872280507017), ([[58, 340], [132, 340], [132, 364], [58, 364]], '53.89', 0.6312717318029373), ([[199, 337], [249, 337], [249, 355], [199, 355]], '15.176', 0.6202014179397002), ([[382, 344], [516, 344], [516, 368], [382, 368]], '사랑받고 계석군요~?', 0.21623247640731905), ([[2, 397], [119, 397], [119, 423], [2, 423]], '% 집계 떼의 결과블', 0.1516426307064024), ([[345, 395], [401, 395], [401, 415], [345, 415]], '조작한거', 0.987758219242096), ([[17, 421], [89, 421], [89, 439], [17, 439]], '바탕으로 합', 0.4602302789641039), ([[319, 413], [371, 413], [371, 433], [319, 433]], '아니지?', 0.9999361038208008), ([[456, 412], [502, 412], [502, 436], [456, 436]], '사실은', 0.9990411157081792), ([[456, 430], [524, 430], [524, 454], [456, 454]], '종으면서~', 0.741839812110458), ([[416, 484], [463, 484], [463, 512], [416, 512]], '오너', 0.8022108777900809)]
[([[358, 248], [456, 248], [456, 274], [358, 274]], '양격이트에', 0.29018954429238963), ([[210, 276], [462, 276], [462, 308], [210, 308]], '참여해 주서서 감사합니다 0', 0.7278704406856792)]
[([[49, 263], [393, 263], [393, 347], [49, 347]], '작가님 트위터', 0.8934774529367892), ([[429, 265], [830, 265], [830, 344], [429, 344]], '@니4굽.서떨;*여', 5.000530921601054e-05), ([[47, 345], [285, 345], [285, 433], [47, 433]], '번역 의몽', 0.29186013177526016), ([[320, 352], [896, 352], [896, 428], [320, 428]], '@논야형<-전논;어<_64$', 0.0002656810565642122), ([[591, 467], [1013, 467], [1013, 532], [591, 532]], '* 5니4*0 작가님 번역도', 0.032563022895373724), ([[46, 522], [404, 522], [404, 598], [46, 598]], '곧 나올 번역작', 0.45696632145684674), ([[645, 523], [1113, 523], [1113, 583], [645, 583]], '매주 올라오고 있으니 창고', 0.7784410063679653), ([[71, 651], [109, 651], [109, 665], [71, 665]], '다', 0.10258816543270743), ([[79, 667], [147, 667], [147, 683], [79, 683]], "'", 0.5206650068385557), ([[424, 658], [542, 658], [542, 682], [424, 682]], '\'5닦"#*0', 0.0015105217895710367), ([[427, 683], [587, 683], [587, 699], [427, 699]], '5* 그*그)34""/', 0.043310079099172435), ([[427, 701], [563, 701], [563, 719], [427, 719]], "')7내듯[*0407", 0.08528205042188661), ([[60, 708], [166, 708], [166, 732], [60, 732]], '고느  3 7', 0.0790262176959208), ([[63, 735], [185, 735], [185, 751], [63, 751]], '-"구*귀교중30)7', 0.013049239081713421), ([[481, 735], [523, 735], [523, 749], [481, 749]], "'", 0.2917535086430725), ([[461, 751], [531, 751], [531, 767], [461, 767]], "'", 0.5751867780659836), ([[463, 767], [525, 767], [525, 783], [463, 783]], "'", 0.7696513580448396), ([[347, 817], [425, 817], [425, 861], [347, 861]], '09', 0.3927360053450595), ([[419, 925], [563, 925], [563, 945], [419, 945]], '다구난6; 오 7 {"논', 0.016647184866758723), ([[71, 949], [205, 949], [205, 965], [71, 965]], '속1@다75 + 쇼 -7', 0.03478062910009835), ([[407, 945], [551, 945], [551, 963], [407, 963]], '표+* ? 36"43 7+}', 0.010533047352913643), ([[71, 967], [231, 967], [231, 985], [71, 985]], "*-5-7'+0< <*#한", 0.011688627961799305), ([[383, 1035], [411, 1035], [411, 1051], [383, 1051]], '(마; 표', 0.023598784109419582), ([[621, 1103], [871, 1103], [871, 1167], [621, 1167]], '아카라이브', 0.8628054793884218), ([[621, 1173], [861, 1173], [861, 1241], [621, 1241]], '퍼리천에도', 0.45004082230840553), ([[620, 1246], [952, 1246], [952, 1318], [620, 1318]], '자주 오라구~', 0.9870461380041939), ([[398, 1596], [626, 1596], [626, 1670], [398, 1670]], '고살이', 0.8046524894050926)]
[]
[([[76, 340], [146, 340], [146, 366], [76, 366]], '우후후', 0.9479444950012239), ([[367, 351], [461, 351], [461, 381], [367, 381]], '짐승처럼', 0.9525140523910522), ([[74, 366], [222, 366], [222, 394], [74, 394]], '지목해 주서서', 0.9236689840759065), ([[330, 377], [502, 377], [502, 409], [330, 409]], '즐겨 보자구요0', 0.5279380761400321), ([[74, 392], [192, 392], [192, 422], [74, 422]], '감사합니다', 0.9616417646462179)]
[([[443, 13], [521, 13], [521, 31], [443, 31]], '언니만 즐기는', 0.48147666146243334), ([[21, 21], [73, 21], [73, 41], [21, 41]], '어라   ?', 0.5051825808912744), ([[447, 27], [519, 27], [519, 47], [447, 47]], '법이 어딪어!', 0.39294292015277793), ([[23, 53], [51, 53], [51, 73], [23, 73]], '당신', 0.9999599607286936), ([[23, 69], [77, 69], [77, 87], [23, 87]], '꽤 괜찮은', 0.9377039586431073), ([[23, 85], [97, 85], [97, 103], [23, 103]], '물건이잡아0', 0.6970071594222927), ([[465, 177], [527, 177], [527, 197], [465, 197]], '내 차례라구', 0.9956629845497659)]
[]
