2532495
11
[([[71, 85], [283, 85], [283, 129], [71, 129]], '스파스  . 나 슬슬', 0.3766240294250041), ([[53, 123], [301, 123], [301, 165], [53, 165]], '갈 것 같은데.. 안에', 0.6070813802667573), ([[97, 160], [256, 160], [256, 200], [97, 200]], '싸도 되지? !', 0.9189993552888969), ([[274, 144], [454, 144], [454, 296], [274, 296]], '퍽', 0.9992179016212646), ([[1069, 527], [1131, 527], [1131, 569], [1069, 569]], '응응', 0.9722190028307743), ([[1154, 532], [1188, 532], [1188, 564], [1154, 564]], '내', 0.9999967813517721), ([[32, 512], [208, 512], [208, 682], [32, 682]], '퍽', 0.869085104203382), ([[1038, 560], [1222, 560], [1222, 640], [1038, 640]], '안계가뒤관득', 0.00534009362221278), ([[115, 725], [303, 725], [303, 889], [115, 889]], '팩', 0.2986103591038045), ([[482, 658], [664, 658], [664, 810], [482, 810]], '퍽', 0.3276235114886141), ([[1071, 699], [1247, 699], [1247, 861], [1071, 861]], '팩', 0.5139571344651053)]
[]
[]
[([[49, 625], [266, 625], [266, 749], [49, 749]], '우위', 0.3948611236088701), ([[822, 564], [1006, 564], [1006, 712], [822, 712]], '(편', 0.006259347098124709)]
[([[112, 43], [233, 43], [233, 84], [112, 84]], '지위관...?', 0.20059170936218146), ([[121, 79], [229, 79], [229, 115], [121, 115]], '사정량이', 0.9794793128967285), ([[91, 111], [259, 111], [259, 149], [91, 149]], '어째 좀 줄은거', 0.9320927294054324), ([[102, 143], [245, 143], [245, 183], [102, 183]], '같은데에~?', 0.5065764572415455), ([[279, 153], [419, 153], [419, 191], [279, 191]], '나임무 나간', 0.9921564620142675), ([[278, 188], [412, 188], [412, 220], [278, 220]], '사이에 다른', 0.9466072301387195), ([[265, 215], [423, 215], [423, 255], [265, 255]], '애들이량 엄청', 0.7422767299861985), ([[261, 251], [431, 251], [431, 287], [261, 287]], '해사거 아냐~?', 0.6335881570130804), ([[911, 577], [1053, 577], [1053, 615], [911, 615]], '그래서논 내', 0.5142025547139004), ([[905, 611], [1057, 611], [1057, 651], [905, 651]], '배름 채울수', 0.47803364553431116), ([[929, 647], [1031, 647], [1031, 687], [929, 687]], '없다구?', 0.9998303651809692), ([[1123, 775], [1201, 775], [1201, 815], [1123, 815]], '뛰야!', 0.9102433117211631), ([[1160, 818], [1190, 818], [1190, 844], [1160, 844]], ')', 0.7993430984743668)]
[([[125, 85], [394, 85], [394, 193], [125, 193]], '둘대플말하라곳', 0.0013742714412668566), ([[378, 44], [548, 44], [548, 216], [378, 216]], '퍽', 0.7078711582926758), ([[190, 135], [388, 135], [388, 202], [190, 202]], "'애원활때까지", 0.6171017553715497), ([[125, 181], [381, 181], [381, 248], [125, 248]], '존나싸길러주마]!', 0.17970787769056681), ([[95, 255], [259, 255], [259, 395], [95, 395]], '퍽', 0.03907371669548443), ([[200, 404], [234, 404], [234, 434], [200, 434]], '기0', 0.3105460734530521), ([[432, 376], [630, 376], [630, 638], [432, 638]], '퍽', 0.3968810685507975), ([[15, 557], [185, 557], [185, 721], [15, 721]], '퍽', 0.9751906478458103), ([[1097, 665], [1183, 665], [1183, 705], [1097, 705]], '까아~', 0.974175532100169), ([[1060, 696], [1222, 696], [1222, 753], [1060, 753]], '지위관 짐승', 0.3089051448649092), ([[92, 700], [302, 700], [302, 868], [92, 868]], '팩', 0.2893665172520201), ([[592, 698], [780, 698], [780, 844], [592, 844]], '꽤', 0.0711826143839609)]
[([[67, 55], [197, 55], [197, 99], [67, 99]], '현재 사정', 0.9992360573514449), ([[65, 93], [133, 93], [133, 137], [65, 137]], '횟수', 0.9998713702415283), ([[147, 93], [207, 93], [207, 135], [147, 135]], '4발', 0.9690093601441991), ([[272, 27], [478, 27], [478, 164], [272, 164]], '젖펴', 0.01962471783930312), ([[473, 161], [693, 161], [693, 301], [473, 301]], '참퍽', 0.10394002928267848), ([[21, 502], [249, 502], [249, 647], [21, 647]], '철퍽', 0.23258256298696994), ([[1044, 552], [1268, 552], [1268, 700], [1044, 700]], '혜페', 0.035469851439025896), ([[155, 747], [199, 747], [199, 789], [155, 789]], '우', 0.9999873638552259), ([[120, 786], [198, 786], [198, 834], [120, 834]], '으웃', 0.5756966964041884), ([[493, 759], [735, 759], [735, 899], [493, 899]], '챔계', 0.07777091887503529)]
[([[67, 55], [197, 55], [197, 97], [67, 97]], '현재 사정', 0.9927300636396428), ([[65, 93], [131, 93], [131, 137], [65, 137]], '횟수', 0.9998442288016204), ([[149, 93], [207, 93], [207, 135], [149, 135]], '5발', 0.9711287745686992), ([[1110, 468], [1176, 468], [1176, 518], [1110, 518]], '우응', 0.7868787427902327), ([[21, 657], [69, 657], [69, 701], [21, 701]], '버,', 0.8177060913980517), ([[710, 558], [996, 558], [996, 711], [710, 711]], '밟짝뭐', 0.019672373925041182), ([[26, 696], [203, 696], [203, 763], [26, 763]], '번째라고', 0.9945501685142517), ([[48, 744], [167, 744], [167, 804], [48, 804]], '어때? !', 0.9992834562106644), ([[157.57002829714983, 417.94201697828987], [258.07903184157357, 380.4466565216219], [270.4299717028502, 416.05798302171013], [169.9209681584264, 453.5533434783781]], '=-0', 0.23894953727722168), ([[73.96320313195125, 655.0902578521221], [220.90580875275353, 675.941027396058], [211.03679686804875, 723.9097421478779], [64.09419124724647, 704.058972603942]], '벌써 다섯', 0.8613833302669339)]
[([[67, 55], [197, 55], [197, 97], [67, 97]], '현재 사정', 0.9923006914777472), ([[335, 79], [419, 79], [419, 117], [335, 117]], '헌번', 0.12566145537372678), ([[65, 93], [133, 93], [133, 137], [65, 137]], '횟수', 0.9998787878154464), ([[149, 93], [207, 93], [207, 135], [149, 135]], '8발', 0.9669780254353724), ([[399, 293], [487, 293], [487, 335], [399, 335]], '허번', 0.06065922020274773), ([[1055, 451], [1199, 451], [1199, 491], [1055, 491]], '응? 지위관', 0.43771810500440833), ([[140, 468], [219, 468], [219, 516], [140, 516]], '흐웃', 0.13808878850318487), ([[1065, 487], [1189, 487], [1189, 529], [1065, 529]], '벌써 정액', 0.9750867698151587), ([[1055, 525], [1195, 525], [1195, 565], [1055, 565]], '다산거야?', 0.7175994120367635), ([[57, 541], [125, 541], [125, 585], [57, 585]], '올빛', 0.00722602560721472), ([[197, 613], [265, 613], [265, 655], [197, 655]], '%질!', 0.02985746695753622), ([[679, 607], [747, 607], [747, 667], [679, 667]], "'%품", 0.030420766594412677), ([[98, 684], [134, 684], [134, 716], [98, 716]], '어', 0.9992415252964247), ([[155, 683], [229, 683], [229, 719], [155, 719]], '어때..', 0.7021700143814087), ([[43, 715], [295, 715], [295, 757], [43, 757]], '뱃속이 가득 찾지..?', 0.31601057844750247), ([[47, 750], [290, 750], [290, 792], [47, 792]], '이 이제 항복하는게', 0.4227139631773009), ([[59, 789], [277, 789], [277, 829], [59, 829]], '어때... 스파스. ?', 0.3858299883855711), ([[411.800239928024, 7.121175647317559], [488.46469139903735, 18.522673232436397], [479.199760071976, 67.87882435268244], [402.53530860096265, 57.4773267675636]], "'올빛}", 0.05057946592569351), ([[304.16445884946233, 781.0703072118276], [371.94843685440344, 809.2837788763363], [353.83554115053767, 849.9296927881724], [286.05156314559656, 821.7162211236637]], '음직!', 0.16321268364743707)]
[([[407, 21], [463, 21], [463, 63], [407, 63]], '음질', 0.2782923307971915), ([[143, 63], [361, 63], [361, 103], [143, 103]], '미안해서 어쩌나~', 0.9863943753434558), ([[165, 97], [339, 97], [339, 139], [165, 139]], '난아직 한~참', 0.5006406503210326), ([[171, 133], [303, 133], [303, 175], [171, 175]], '배고프결?', 0.1940285238703144), ([[369, 315], [417, 315], [417, 359], [369, 359]], '올고자', 0.019678976275127977), ([[77, 499], [157, 499], [157, 539], [77, 539]], '맛 그', 0.47447563138349647), ([[83, 535], [149, 535], [149, 573], [83, 573]], '그런.', 0.5002287296797694), ([[273, 545], [367, 545], [367, 587], [273, 587]], '꿈23000', 0.1388205637204623), ([[59, 571], [181, 571], [181, 607], [59, 607]], '말도 안돼.', 0.7037898532814603), ([[1015, 663], [1211, 663], [1211, 703], [1015, 703]], '지뤄관이 누워어', 0.4164516642106453), ([[1015, 699], [1215, 699], [1215, 739], [1015, 739]], '내가 직접 마지막', 0.8668963957073441), ([[1013, 735], [1217, 735], [1217, 773], [1013, 773]], '한방울까지 쪽쪽', 0.9936415500222322), ([[987, 767], [1209, 767], [1209, 809], [987, 809]], '짜먹어 줄테니까.', 0.6934694888311026), ([[527.781199215099, 531.6717988226486], [588.9793413428922, 518.331006713659], [595.218800784901, 553.3282011773514], [535.0206586571078, 566.668993286341]], '음질', 0.3822819101732561), ([[504.3273272060037, 742.1165161768104], [546.9980276129324, 756.9111987727586], [540.6726727939963, 773.8834838231896], [498.0019723870676, 759.0888012272414]], '0000', 0.268239825963974)]
[]
