2532399
23
[([[145, 57], [341, 57], [341, 161], [145, 161]], '취간!', 0.9140526611798313), ([[68, 168], [468, 168], [468, 218], [68, 218]], '한 여름의 체육관 창고에세!', 0.5293442539532701)]
[([[402, 28], [490, 28], [490, 80], [402, 80]], '아앗', 0.9539099694913172), ([[757, 145], [907, 145], [907, 183], [757, 183]], '자 자 선생님', 0.9992701728277417), ([[751, 203], [913, 203], [913, 239], [751, 239]], '어서 해주세요', 0.9958354152966093), ([[32, 426], [58, 426], [58, 450], [32, 450]], '바', 0.9970406762645077), ([[10, 468], [78, 468], [78, 498], [10, 498]], '방귀가 .', 0.9361010412435261), ([[94, 508], [176, 508], [176, 534], [94, 534]], '나라버려', 0.5334370136260986), ([[260, 554], [288, 554], [288, 588], [260, 588]], '0', 0.3032471293325365), ([[696, 516], [748, 516], [748, 608], [696, 608]], '2', 0.2660677785268071), ([[883, 549], [971, 549], [971, 651], [883, 651]], '@', 0.12622297626927548), ([[901, 639], [991, 639], [991, 737], [901, 737]], '때', 0.018216376484538666), ([[977, 705], [1015, 705], [1015, 747], [977, 747]], '7', 0.17510853178820085), ([[1021, 651], [1089, 651], [1089, 850], [1021, 850]], '출', 0.02254526445588656), ([[1101, 758], [1138, 758], [1138, 846], [1101, 846]], ';', 0.6977661672526416), ([[753.1270311998163, 780.1970466391365], [801.6599829873245, 735.024231372387], [891.8729688001837, 844.8029533608635], [843.3400170126755, 888.975768627613]], '{', 0.1998110487666196)]
[([[1042, 90], [1146, 90], [1146, 116], [1042, 116]], '야하하하하', 0.9997453779898764), ([[1047, 133], [1139, 133], [1139, 159], [1047, 159]], '하하하하!', 0.9826501117287002), ([[560, 172], [652, 172], [652, 200], [560, 200]], '야 로리권!', 0.469305923973132), ([[1054, 176], [1134, 176], [1134, 206], [1054, 206]], '정말이지', 0.9996979236602783), ([[540, 216], [670, 216], [670, 246], [540, 246]], '감히 내 다리블', 0.4702116441989044), ([[1046, 220], [1142, 220], [1142, 252], [1046, 252]], '구제불능인', 0.8363359246454429), ([[555, 258], [654, 258], [654, 290], [555, 290]], '더럽다니', 0.9998120069503784), ([[1046, 266], [1142, 266], [1142, 294], [1046, 294]], '인간이네요', 0.9967769949292802), ([[848, 290], [886, 290], [886, 322], [848, 322]], '흐흡', 0.8582912405882943), ([[1024, 308], [1168, 308], [1168, 338], [1024, 338]], '게임오버입니다!', 0.9677360452087366), ([[398, 374], [434, 374], [434, 406], [398, 406]], '으움', 0.24696065683030197), ([[480, 396], [604, 396], [604, 540], [480, 540]], '타', 0.01572127897521569), ([[889, 517], [1001, 517], [1001, 557], [889, 557]], '네 너석', 0.7397055692635638), ([[893, 575], [993, 575], [993, 619], [893, 619]], '오늘부터', 0.9415781497955322), ([[101, 579], [169, 579], [169, 683], [101, 683]], '논', 0.03429992524523673), ([[816, 630], [1070, 630], [1070, 678], [816, 678]], '여름방학 끝날때까지', 0.7931303348268979), ([[176, 660], [292, 660], [292, 734], [176, 734]], '3,6', 0.3365407533451069), ([[869, 691], [1021, 691], [1021, 735], [869, 735]], '여기서 살아', 0.9530840446717339), ([[423.1208692249598, 592.0679953044448], [575.7511314383012, 488.0108522347808], [743.8791307750403, 781.9320046955552], [591.2488685616988, 885.9891477652192]], '#', 0.03710831202114662)]
[]
[([[430.13030284346536, 525.0421192876934], [577.8953452788555, 571.6314853417146], [551.8696971565346, 645.9578807123066], [404.10465472114447, 598.3685146582854]], '냄', 0.016721672649212316)]
[]
[]
[]
[]
[]
[]
[([[20, 91], [243, 91], [243, 142], [20, 142]], '있조 선생니임~', 0.25745081078730714), ([[24, 164], [240, 164], [240, 214], [24, 214]], '숨도 못쉬계조?', 0.8786768869587507), ([[362, 262], [410, 262], [410, 294], [362, 294]], '혜넷', 0.18703524501831417), ([[298, 303], [474, 303], [474, 336], [298, 336]], '의와로 연약하시네요', 0.7025951335476635), ([[312, 350], [460, 350], [460, 382], [312, 382]], '여자얘 두명한터', 0.5238949061509544), ([[286, 394], [486, 394], [486, 426], [286, 426]], '이래저래 괴롭혀지고선', 0.8217304000355052), ([[329, 437], [447, 437], [447, 473], [329, 473]], '울어버린다니', 0.980468070445168), ([[438, 964], [478, 964], [478, 996], [438, 996]], '으흡 .', 0.3794695734977722), ([[420, 1008], [494, 1008], [494, 1040], [420, 1040]], '후으우움 .', 0.9217422975435671)]
[]
[]
[]
[]
[([[617, 67], [789, 67], [789, 99], [617, 99]], '여름방학동안에논요', 0.4232261040482021), ([[464, 166], [804, 166], [804, 218], [464, 218]], '우리들의 장난감이니까!', 0.9880668043904904), ([[681, 321], [897, 321], [897, 357], [681, 357]], '끄은 ~ 까지 놀아드틱계요', 0.19872560820942506), ([[144, 447], [333, 447], [333, 483], [144, 483]], '알계지요 울보 로리롬', 0.12599537655447138), ([[724, 700], [1026, 700], [1026, 730], [724, 730]], '새해 복 많이 받으시계어요 선생님', 0.8868573015495981)]
[([[272, 138], [392, 138], [392, 168], [272, 168]], '숨쉬고 싶다면', 0.8647151224541711), ([[250, 180], [416, 180], [416, 212], [250, 212]], '지금 내보내줄게요', 0.832668611381391), ([[128, 244], [182, 244], [182, 274], [128, 274]], '나의', 0.9994457296498211), ([[86, 308], [196, 308], [196, 362], [86, 362]], '방멘틀', 0.2148490507729077), ([[208, 318], [232, 318], [232, 346], [208, 346]], '!1', 0.39648324844327065), ([[520, 964], [596, 964], [596, 996], [520, 996]], '흐그움!?', 0.44343207974028354), ([[430.1385883402017, 525.0413187380975], [577.927851655971, 574.8626940565642], [550.8614116597984, 646.9586812619025], [403.0721483440289, 597.1373059434358]], '음', 0.07742955227718085)]
[([[311, 111], [387, 111], [387, 151], [311, 151]], '좋아 !', 0.9819991663533706), ([[279, 167], [415, 167], [415, 205], [279, 205]], '이대로 꼬욕', 0.8129763876523961), ([[263, 225], [431, 225], [431, 267], [263, 267]], '누르고 있어쥐!', 0.8755309845725655), ([[780, 560], [808, 560], [808, 590], [780, 590]], '응!', 0.995641936534374), ([[591, 590], [678, 590], [678, 652], [591, 652]], '원 !', 0.11606311812580578), ([[742, 606], [844, 606], [844, 636], [742, 636]], '뒤조 선생님', 0.22601293941725326), ([[738, 650], [848, 650], [848, 680], [738, 680]], '미장의 방귀', 0.9168040771811147), ([[720, 694], [842, 694], [842, 724], [720, 724]], '마시지 않으면', 0.6714275580372525), ([[770, 738], [814, 738], [814, 764], [770, 764]], '집에', 0.9979463916946146), ([[756, 782], [830, 782], [830, 808], [756, 808]], '보내주지', 0.9615670442581177), ([[742, 826], [846, 826], [846, 856], [742, 856]], '않늘다구요!', 0.40133660822213946), ([[514, 940], [548, 940], [548, 970], [514, 970]], '으응', 0.27181175103218186), ([[363, 1025], [421, 1025], [421, 1061], [363, 1061]], '호으움', 0.6036774222454915)]
[([[311, 173], [411, 173], [411, 209], [311, 209]], '우와아~', 0.8542911410331726), ([[322, 234], [398, 234], [398, 266], [322, 266]], '구려어', 0.9918966976114664), ([[60, 302], [106, 302], [106, 326], [60, 326]], '헤헤', 0.145580554389936), ([[52, 344], [116, 344], [116, 370], [52, 370]], '어떠나', 0.9981914847020953), ([[68, 388], [124, 388], [124, 416], [68, 416]], '로리곤', 0.34137457609176636), ([[46, 432], [122, 432], [122, 462], [46, 462]], '녀석아]!', 0.6617203026726937), ([[363, 497], [536, 497], [536, 602], [363, 602]], '체음움', 0.007784106586044501), ([[0, 934], [196, 934], [196, 1056], [0, 1056]], '으그유', 0.48925512962126816)]
[([[358, 98], [510, 98], [510, 128], [358, 128]], '어때요~ 선생님?', 0.9959598351625726), ([[98, 126], [148, 126], [148, 150], [98, 150]], '그래!', 0.8785983324050903), ([[346, 142], [518, 142], [518, 172], [346, 172]], '이런 꼬마의 장난에', 0.6385607392610835), ([[44, 166], [210, 166], [210, 198], [44, 198]], '재방논계 생각낫다', 0.26400626639116015), ([[400, 186], [462, 186], [462, 214], [400, 214]], '당해서', 0.9998023357372037), ([[90, 212], [160, 212], [160, 238], [90, 238]], '네 녀석', 0.9981004397699359), ([[363, 227], [505, 227], [505, 263], [363, 263]], '흥분하신건가요?', 0.9970811246519213), ([[20, 254], [232, 254], [232, 286], [20, 286]], '내가 방귀 다 필 때까지', 0.632995830932086), ([[61, 297], [193, 297], [193, 333], [61, 333]], '참울 수 있다면', 0.6757050000945463), ([[53, 339], [201, 339], [201, 375], [53, 375]], '집으로 보내출게!', 0.40884376636572667), ([[580, 794], [668, 794], [668, 868], [580, 868]], '50', 0.136008259339234), ([[90, 912], [198, 912], [198, 944], [90, 944]], '하하 웃기네', 0.5874208202606731), ([[49, 955], [239, 955], [239, 991], [49, 991]], '선생님 힘내지 않으면', 0.7884815718060679), ([[485, 955], [529, 955], [529, 999], [485, 999]], '!2', 0.772208558935133), ([[75, 999], [217, 999], [217, 1035], [75, 1035]], '영원히 우리들의', 0.884449051711636), ([[106, 1044], [186, 1044], [186, 1076], [106, 1076]], '장난감이', 0.9989820718765259), ([[564, 988], [666, 988], [666, 1098], [564, 1098]], '&', 0.04689222133322701), ([[84, 1090], [204, 1090], [204, 1118], [84, 1118]], '되버린다구요', 0.9592954814678817)]
[([[413, 95], [545, 95], [545, 133], [413, 133]], '혜혜 햇~', 0.1641356594041234), ([[415, 154], [539, 154], [539, 192], [415, 192]], '지금준이면', 0.13151621211975473), ([[415, 211], [543, 211], [543, 253], [415, 253]], '집에 갈 수', 0.5678313052843773), ([[417, 269], [537, 269], [537, 311], [417, 311]], '있율까요?', 0.10497909861296123), ([[765, 249], [873, 249], [873, 415], [765, 415]], "'", 0.05640080569411143), ([[867, 153], [999, 153], [999, 477], [867, 477]], '기', 0.8295765819368626)]
[([[855, 375], [919, 375], [919, 441], [855, 441]], '용', 0.13481735873246325), ([[28, 450], [76, 450], [76, 478], [28, 478]], '아 응', 0.3551808542255346), ([[45, 491], [61, 491], [61, 523], [45, 523]], '{', 0.33760986539670057), ([[772, 538], [868, 538], [868, 566], [772, 566]], '하하하하!', 0.9733829905618285), ([[764, 580], [874, 580], [874, 610], [764, 610]], '미루짜양 ~~', 0.46573312552257023), ([[235, 571], [327, 571], [327, 667], [235, 667]], '넷', 0.042914109454278426), ([[757, 622], [880, 622], [880, 655], [757, 655]], '피리소리골까', 0.3535297217672178), ([[736, 668], [902, 668], [902, 698], [736, 698]], '귀여운 소리 내면서', 0.7220483402164546), ([[716, 712], [908, 712], [908, 744], [716, 744]], '코에 찌르는 냄새잖아', 0.3949890442557523)]
