2532580
111
[([[1807, 140], [2125, 140], [2125, 335], [1807, 335]], '0옷나', 0.02054891804795351), ([[540, 271], [823, 271], [823, 436], [540, 436]], '하악내', 0.046219308721154276), ([[2413, 859], [2529, 859], [2529, 925], [2413, 925]], '그만', 0.9999763978464146), ([[2589, 908], [2713, 908], [2713, 997], [2589, 997]], '야', 0.04465507718891004), ([[2281, 1865], [2555, 1865], [2555, 2063], [2281, 2063]], '세', 0.011148419084535066), ([[176, 2088], [402, 2088], [402, 2166], [176, 2166]], '망가져: ', 0.20591882612799042), ([[1005, 2057], [1319, 2057], [1319, 2241], [1005, 2241]], '슈%', 0.006731660482131588), ([[147, 2160], [321, 2160], [321, 2235], [147, 2235]], '버려"', 0.0691796857576284), ([[856, 2380], [934, 2380], [934, 2422], [856, 2422]], '/~', 0.4162359582917638), ([[1341, 2437], [1416, 2437], [1416, 2521], [1341, 2521]], '씨', 0.12090117570693337), ([[48.43709381008498, 2010.460956478323], [198.01791814309092, 1958.5233720696933], [229.56290618991503, 2075.539043521677], [79.98208185690909, 2127.4766279303067]], '휴', 0.03097264282168055)]
[([[1448, 235], [1878, 235], [1878, 434], [1448, 434]], '/)', 0.047223882666705075), ([[309, 573], [491, 573], [491, 723], [309, 723]], '의', 0.16405858125887107), ([[117, 1721], [310, 1721], [310, 1885], [117, 1885]], '무질', 0.06928285396823765), ([[1860, 1858], [2032, 1858], [2032, 2036], [1860, 2036]], '응리', 0.22963407115698126), ([[1548, 2439], [1630, 2439], [1630, 2517], [1548, 2517]], '(', 0.400005272260163), ([[1292.984669988009, 2343.02865878776], [1599.4983644349886, 2407.7801371941346], [1560.015330011991, 2555.97134121224], [1253.5016355650114, 2491.2198628058654]], '부르트 (', 0.40294816794677385)]
[([[1071, 1051], [1146, 1051], [1146, 1140], [1071, 1140]], '5', 0.8751927508830057), ([[1092, 1133], [1132, 1133], [1132, 1182], [1092, 1182]], '<', 0.025724150515699984), ([[1111.5915338027737, 1220.0167123938384], [1150.4723308373339, 1212.0223596373278], [1175.4084661972263, 1351.9832876061616], [1136.5276691626661, 1358.9776403626722]], '{', 0.15923992517576924)]
[]
[([[2063, 988], [2108, 988], [2108, 1019], [2063, 1019]], '신', 0.06282638790836703), ([[2463, 1038], [2500, 1038], [2500, 1087], [2463, 1087]], '4', 0.42672323116961763)]
[]
[([[531, 1424], [1013, 1424], [1013, 1726], [531, 1726]], '왜,', 0.10676118104335468)]
[]
[]
[]
[([[539.0836678995357, 1457.0633852829892], [819.4336565475688, 1416.4748288464148], [837.9163321004643, 1665.9366147170108], [557.5663434524312, 1706.5251711535852]], '8', 0.5948596663726032)]
[]
[([[526, 105], [612, 105], [612, 167], [526, 167]], '와', 0.05241507703094528), ([[1409, 75], [1603, 75], [1603, 152], [1409, 152]], '걱정마', 0.9864098300454062), ([[232, 169], [525, 169], [525, 242], [232, 242]], '저  저기', 0.872605218258402), ([[1539, 169], [1844, 169], [1844, 246], [1539, 246]], '너는 중요한', 0.8678532607354461), ([[1537, 243], [1833, 243], [1833, 321], [1537, 321]], '상품이니까', 0.9726980710324722), ([[421, 277], [658, 277], [658, 354], [421, 354]], '인에블-', 0.2677687704563141), ([[1578, 343], [1700, 343], [1700, 440], [1578, 440]], '하', 0.32937206999722335), ([[812, 751], [983, 751], [983, 868], [812, 868]], '@', 0.9997804285428771), ([[2568, 932], [2757, 932], [2757, 1034], [2568, 1034]], '하아7', 0.8546891347148381), ([[125, 1304], [324, 1304], [324, 1474], [125, 1474]], ']질[', 0.03753772621496301)]
[]
[([[253, 1727], [635, 1727], [635, 2064], [253, 2064]], '9', 0.15337307173126646)]
[([[2492, 24], [2529, 24], [2529, 61], [2492, 61]], '1', 0.940941568213848), ([[2056, 90], [2232, 90], [2232, 202], [2056, 202]], '웃,', 0.2779117275755655), ([[365, 185], [546, 185], [546, 262], [365, 262]], '거칠게', 0.9360429212036285), ([[240, 256], [659, 256], [659, 340], [240, 340]], '다루진 안듣다구', 0.4961598331811594), ([[599, 383], [793, 383], [793, 460], [599, 460]], '안심해', 0.9999377131684455), ([[124, 1301], [325, 1301], [325, 1482], [124, 1482]], '용질', 0.06347065578314655), ([[2409.0794468010067, 45.69533616120787], [2480.470943265207, 31.29869480100494], [2485.9205531989933, 62.30466383879213], [2414.529056734793, 76.70130519899506]], ' _', 0.5826770893154691)]
[([[410, 248], [681, 248], [681, 362], [410, 362]], '물론 !', 0.7974903272553399), ([[97, 1134], [411, 1134], [411, 1561], [97, 1561]], '4', 0.4911812955427344), ([[2449, 1497], [2791, 1497], [2791, 1841], [2449, 1841]], '육', 0.7490887593190934), ([[643.1989089300394, 382.5138900082201], [1272.8024305418085, 231.74825418172338], [1312.8010910699606, 503.4861099917799], [683.1975694581915, 655.2517458182766]], '웃}', 0.02149844846278446)]
[([[354, 192], [570, 192], [570, 267], [354, 267]], '후우우:.', 0.5680490529568025), ([[943, 203], [1119, 203], [1119, 278], [943, 278]], '즐길건', 0.8760761714974342), ([[502, 282], [735, 282], [735, 361], [502, 361]], '엄청나게 ', 0.8367268548910858), ([[907, 275], [1153, 275], [1153, 352], [907, 352]], '즐겨야지', 0.976418137550354), ([[464, 356], [759, 356], [759, 435], [464, 435]], '백@하구만', 0.13609248618074277), ([[1141, 310], [1302, 310], [1302, 412], [1141, 412]], '옛', 0.18601461225142035), ([[783, 412], [918, 412], [918, 515], [783, 515]], '잇', 0.04751153096792948), ([[2595, 885], [2750, 885], [2750, 989], [2595, 989]], '곧아', 0.052581435855960014), ([[123, 1302], [322, 1302], [322, 1478], [123, 1478]], '8질', 0.027961327337671732), ([[1789.1825196960106, 96.09743317289913], [1985.359223593347, 71.32739993961683], [1994.8174803039894, 222.90256682710088], [1798.640776406653, 247.6726000603832]], '응보', 0.05022031621219141), ([[549.9370368086799, 80.05147912940298], [668.3683641212615, 116.32617019325379], [640.0629631913201, 204.948520870597], [520.6316358787385, 168.6738298067462]], '옥', 0.08550210117628243), ([[165.914291985782, 758.017339154977], [520.7208581856906, 862.761243692135], [431.08570801421797, 1138.982660845023], [76.27914181430936, 1034.2387563078648]], '떡 `', 0.06726212508822889), ([[2047.061216030055, 1566.011911584163], [2341.8217243717595, 1776.3722439042601], [2156.9387839699452, 2033.988088415837], [1862.1782756282405, 1823.6277560957399]], '꽤', 0.0784306452174457)]
[([[1438, 207], [1736, 207], [1736, 346], [1438, 346]], '용하피', 0.029315051758252813), ([[233, 558], [384, 558], [384, 645], [233, 645]], '어때', 0.999904918033776), ([[329, 646], [595, 646], [595, 725], [329, 725]], '느껴지지?', 0.865853465025859), ([[2662, 783], [2796, 783], [2796, 861], [2662, 861]], '땅', 0.028675646853280945), ([[2679, 894], [2865, 894], [2865, 1040], [2679, 1040]], '잇', 0.1761760312957108), ([[2469, 1452], [2568, 1452], [2568, 1527], [2469, 1527]], '아', 0.9998775758067815), ([[2437, 1533], [2593, 1533], [2593, 1612], [2437, 1612]], '안에:', 0.8789232348270799), ([[2572, 1668], [2703, 1668], [2703, 1747], [2572, 1747]], '당고', 0.970359653347989), ([[1937, 1624], [2290, 1624], [2290, 1953], [1937, 1953]], '꼭', 0.12814747056472697), ([[2537, 1748], [2675, 1748], [2675, 1836], [2537, 1836]], '있어-', 0.858542603801403), ([[169.9161541951337, 750.0163192784386], [529.5247400694071, 861.8816234511015], [430.0838458048663, 1153.9836807215615], [71.47525993059288, 1041.1183765488984]], '퍽 ;', 0.2964118586842014)]
[([[2234, 139], [2378, 139], [2378, 251], [2234, 251]], '%', 0.10049106058795587), ([[2253, 440], [2273, 440], [2273, 464], [2253, 464]], '2', 0.08387780070336603), ([[2482, 397], [2627, 397], [2627, 496], [2482, 496]], '용)', 0.1739358737632028), ([[75, 725], [269, 725], [269, 798], [75, 798]], '오옷 !', 0.49291162668763466), ([[410, 745], [557, 745], [557, 849], [410, 849]], '의', 0.4929320770461345), ([[203, 819], [375, 819], [375, 894], [203, 894]], '서서히', 0.9999827248156229), ([[126, 894], [458, 894], [458, 969], [126, 969]], '오나 본데: 문', 0.15453505212157143), ([[69, 973], [191, 973], [191, 1040], [69, 1040]], '아7', 0.3312301765522797), ([[1033, 1036], [1148, 1036], [1148, 1139], [1033, 1139]], '5', 0.1522738474220242), ([[1092, 1133], [1132, 1133], [1132, 1182], [1092, 1182]], '7', 0.029359439404494703), ([[1379, 1023], [1750, 1023], [1750, 1330], [1379, 1330]], '퍽', 0.9363380945615063), ([[2591, 1795], [2731, 1795], [2731, 1883], [2591, 1883]], '위', 0.9999984502798362), ([[2490, 1881], [2704, 1881], [2704, 1980], [2490, 1980]], '위험해', 0.9998234646407487), ([[1108.4975691933034, 1220.02107340031], [1150.614400272844, 1211.031540206659], [1177.5024308066966, 1350.97892659969], [1135.385599727156, 1358.968459793341]], '5', 0.3881490102686236), ([[16.45720096116419, 1536.4175263436837], [223.22636662131282, 1373.0203295727215], [414.5427990388358, 1675.5824736563163], [207.77363337868718, 1838.9796704272785]], '퍽', 0.9831922623271261)]
[([[2232, 137], [2378, 137], [2378, 251], [2232, 251]], '%', 0.08365469338588927), ([[2482, 397], [2624, 397], [2624, 494], [2482, 494]], '%', 0.6620471960659167), ([[168, 443], [418, 443], [418, 560], [168, 560]], "'쪽", 0.13373706507830038), ([[2104, 526], [2144, 526], [2144, 555], [2104, 555]], ')게', 0.005889680518545233), ([[75, 725], [267, 725], [267, 798], [75, 798]], '오옷: !', 0.3474346716673992), ([[410, 750], [554, 750], [554, 849], [410, 849]], '위', 0.10556858994917562), ([[203, 819], [377, 819], [377, 894], [203, 894]], '서서히', 0.9999798341512256), ([[124, 894], [458, 894], [458, 969], [124, 969]], '오나 본데:', 0.934421854168502), ([[67, 972], [193, 972], [193, 1041], [67, 1041]], '아7', 0.2831453792374245), ([[1030, 1032], [1149, 1032], [1149, 1140], [1030, 1140]], '5', 0.26063278145230484), ([[1095, 1133], [1134, 1133], [1134, 1182], [1095, 1182]], '7', 0.1910610415766456), ([[1378, 1027], [1667, 1027], [1667, 1310], [1378, 1310]], '퍽', 0.9998644636306189), ([[38, 1454], [310, 1454], [310, 1745], [38, 1745]], '퍽', 0.998669471153594), ([[2591, 1797], [2736, 1797], [2736, 1883], [2591, 1883]], "위:'", 0.462993589593775), ([[2490, 1880], [2750, 1880], [2750, 1982], [2490, 1982]], '위험해  -', 0.41701489431481614), ([[1112.577784616569, 1222.0178584755154], [1148.4152273992686, 1215.0172712087756], [1172.422215383431, 1349.9821415244846], [1136.5847726007314, 1356.9827287912244]], '(', 0.33832298470089484)]
[([[1094, 32], [1312, 32], [1312, 158], [1094, 158]], '부옷히', 0.22896756869691876), ([[425, 542], [724, 542], [724, 736], [425, 736]], '#끗내', 0.002136338527182991), ([[1645.7515619835713, 579.1653074389995], [2687.1779616766894, 476.35619292544897], [2687.2484380164287, 740.8346925610005], [1645.8220383233106, 843.643807074551]], '웃낚', 0.05982107073933837), ([[2380.1378329888003, 887.2580814384015], [2588.0361942952873, 834.4154233794811], [2612.8621670111997, 973.7419185615985], [2404.9638057047127, 1026.5845766205189]], '용', 0.19339014154954626)]
[([[2239, 147], [2346, 147], [2346, 226], [2239, 226]], '아', 0.9996569450913881), ([[2339, 181], [2361, 181], [2361, 199], [2339, 199]], '벼', 0.29658228917652707), ([[2175, 236], [2450, 236], [2450, 326], [2175, 326]], '안에는  .', 0.22315580210953134), ([[2317, 355], [2657, 355], [2657, 456], [2317, 456]], '안되다고: .', 0.4037188652364319), ([[2311, 448], [2591, 448], [2591, 545], [2311, 545]], "햇는데: '", 0.18808258514538134), ([[1455, 734], [1640, 734], [1640, 847], [1455, 847]], '울컷"', 0.0074531468355555925), ([[1790, 834], [1960, 834], [1960, 918], [1790, 918]], '아유(', 0.17100470370095844), ([[2462, 800], [2631, 800], [2631, 921], [2462, 921]], '옷', 0.05142926181754692), ([[2642, 1836], [2794, 1836], [2794, 1935], [2642, 1935]], '하야', 0.008494454306626195), ([[795.2116111734291, 675.1236004486892], [986.9729117569942, 663.0289737073213], [986.7883888265709, 772.8763995513108], [795.0270882430058, 784.9710262926787]], '꿀릭미', 0.0005442657042485188), ([[1528.7975632098578, 1231.0517332343509], [1706.799352385128, 1258.3275597384093], [1684.2024367901422, 1374.9482667656491], [1505.200647614872, 1347.6724402615907]], '하', 0.019034561522076388)]
[([[170, 163], [369, 163], [369, 230], [170, 230]], '앞으로도', 0.9950932264328003), ([[193, 226], [344, 226], [344, 290], [193, 290]], '꾸준히', 0.9980775117874146), ([[100, 287], [437, 287], [437, 356], [100, 356]], '밀어줄테니까', 0.38754369774494274), ([[271, 400], [542, 400], [542, 466], [271, 466]], '잘 부탁하네', 0.7457010944376826), ([[1653, 422], [1773, 422], [1773, 488], [1653, 488]], '웃 ', 0.7800923731497662), ([[1826, 521], [1946, 521], [1946, 583], [1826, 583]], '잘', 0.8259132255937551), ([[1697, 585], [2078, 585], [2078, 663], [1697, 663]], '부드램니다  ', 0.08305802429463273)]
[]
[([[418, 55], [504, 55], [504, 119], [418, 119]], '웃', 0.6979659357778054), ([[213, 107], [374, 107], [374, 169], [213, 169]], '안에는', 0.4492367560133914), ([[1301, 122], [1437, 122], [1437, 177], [1301, 177]], '이런: :', 0.46943317457050565), ([[321, 199], [524, 199], [524, 263], [321, 263]], '안되다고:', 0.3747760895026159), ([[1376, 188], [1604, 188], [1604, 248], [1376, 248]], '나도모르게', 0.9439300372154819), ([[331, 259], [541, 259], [541, 316], [331, 316]], '햇드데: =', 0.030538705384581505), ([[1348, 244], [1632, 244], [1632, 312], [1348, 312]], '실수해버로네', 0.5900194489945982), ([[1628, 429], [1811, 429], [1811, 491], [1628, 491]], '미인해~', 0.5920826196670532), ([[1657, 905], [1693, 905], [1693, 923], [1657, 923]], '000', 0.9701084335704017), ([[289, 2226], [516, 2226], [516, 2379], [289, 2379]], '제륙%', 0.0008101624514298874), ([[1038, 2454], [1285, 2454], [1285, 2589], [1038, 2589]], '걸 즐', 0.06389025980078478), ([[595.8635116892887, 1399.0189995097317], [1042.5585035380197, 1480.3484841050254], [977.1364883107113, 1765.9810004902683], [530.4414964619803, 1685.6515158949746]], '초', 0.014811790406545677)]
[([[1394, 186], [1625, 186], [1625, 250], [1394, 250]], '사후피임약', 0.9608003674210004), ([[1365, 247], [1647, 247], [1647, 308], [1365, 308]], '쓰면 되니까-', 0.286380294341689), ([[367, 272], [607, 272], [607, 448], [367, 448]], '"1', 0.06265343024002427), ([[1603, 332], [1755, 332], [1755, 394], [1603, 394]], '좀만 더', 0.7060551008603188), ([[263, 324], [404, 324], [404, 492], [263, 492]], '옷', 0.8989259923638748), ([[1584, 394], [1770, 394], [1770, 451], [1584, 451]], '즐기자구', 0.9963918328285217), ([[1484, 2019], [1875, 2019], [1875, 2277], [1484, 2277]], '격사', 0.09801671573314237)]
[([[1350, 126], [1473, 126], [1473, 236], [1350, 236]], "'양", 0.5262202314365958), ([[1524, 333], [1700, 333], [1700, 411], [1524, 411]], '이거:', 0.7605091288931825), ([[414, 394], [566, 394], [566, 528], [414, 528]], '아', 0.39638653859430306), ([[207, 570], [330, 570], [330, 645], [207, 645]], "위'", 0.3088833647479186), ([[122, 637], [318, 637], [318, 723], [122, 723]], '위험해 -', 0.5384501679798709), ([[1515, 631], [1652, 631], [1652, 757], [1515, 757]], '햇', 0.4700305818535213), ([[80.06359117411712, 2122.011851377626], [430.4851245793707, 2313.8489281886973], [273.9364088258829, 2590.988148622374], [-75.48512457937066, 2399.1510718113027]], '셋', 0.15196510007677944), ([[1615.0838906804604, 2385.0123442450845], [1869.9995190233344, 2605.8191514945565], [1680.9161093195396, 2823.9876557549155], [1426.0004809766656, 2604.1808485054435]], '선', 0.18706906651157684)]
[([[1632, 71], [1758, 71], [1758, 149], [1632, 149]], '그만 ', 0.4443521220065789), ([[165, 162], [330, 162], [330, 237], [165, 237]], '아이}', 0.02389909649409906), ([[1352, 123], [1473, 123], [1473, 238], [1352, 238]], "'양", 0.29928832245027914), ([[1490, 209], [1626, 209], [1626, 265], [1490, 265]], '그만- ', 0.32615944743156433), ([[241, 259], [298, 259], [298, 307], [241, 307]], '그', 0.9999451644785609), ([[1419, 269], [1647, 269], [1647, 333], [1419, 333]], '해주세요: ', 0.5524422887881655), ([[198, 315], [314, 315], [314, 370], [198, 370]], '그만', 0.9999805282115137), ([[410, 459], [519, 459], [519, 537], [410, 537]], '가', 0.601972446121696), ([[1563, 468], [1716, 468], [1716, 578], [1563, 578]], "'잇", 0.14390321961583336), ([[93, 540], [269, 540], [269, 613], [93, 613]], '제발: ', 0.5086519155091965), ([[7, 2212], [300, 2212], [300, 2517], [7, 2517]], '퍽', 0.9954324783707911), ([[1475, 2444], [1859, 2444], [1859, 2786], [1475, 2786]], '펴', 0.9548813428964742)]
[([[350, 145], [523, 145], [523, 266], [350, 266]], '아', 0.1381550106803866), ([[1582, 133], [1783, 133], [1783, 243], [1582, 243]], '싫어', 0.4868031116042884), ([[172, 251], [290, 251], [290, 320], [172, 320]], '시', 0.9131906564460088), ([[1407, 268], [1530, 268], [1530, 337], [1407, 337]], '@4', 0.0982196423035911), ([[1553, 297], [1651, 297], [1651, 352], [1553, 352]], '같이', 0.99877905563491), ([[112, 319], [279, 319], [279, 405], [112, 405]], '싫어9', 0.2804185460968653), ([[1517, 358], [1684, 358], [1684, 415], [1517, 415]], '가자: !', 0.17187129744472232), ([[1645, 443], [1745, 443], [1745, 494], [1645, 494]], '시:', 0.39645714849000935), ([[170, 476], [340, 476], [340, 536], [170, 536]], '오옷:빛', 0.030497905928054805), ([[1581, 499], [1798, 499], [1798, 563], [1581, 563]], '싫어: 같9', 0.016726878357182184), ([[130, 532], [378, 532], [378, 596], [130, 596]], '올라온다   !', 0.4448890833762296), ([[301, 600], [488, 600], [488, 662], [301, 662]], '유조장도', 0.26880165934562683), ([[276, 656], [515, 656], [515, 720], [276, 720]], '느낌 오제?', 0.4486162024658474), ([[555.3466667553686, 1448.050668112508], [825.2615785886046, 1427.079334306769], [830.6533332446314, 1664.949331887492], [560.7384214113954, 1686.920665693231]], '9', 0.5856145372123969), ([[142.04561783263406, 2105.0113871873677], [458.78473635563114, 2327.8557566296217], [263.9543821673659, 2603.9886128126323], [-52.78473635563111, 2381.1442433703783]], '셋', 0.4527915505953537), ([[1593.086473209018, 2371.011923905391], [1882.9813443120017, 2589.857393276241], [1704.913526790982, 2823.988076094609], [1415.0186556879983, 2605.142606723759]], '셋', 0.2534460948420616)]
[([[156, 295], [397, 295], [397, 392], [156, 392]], '안드:', 0.35646770811965306), ([[1341, 142], [1676, 142], [1676, 391], [1341, 391]], '모3', 0.003157548858388163), ([[1555, 577], [1772, 577], [1772, 680], [1555, 680]], '아애', 0.48237074617967307), ([[261, 1913], [526, 1913], [526, 2076], [261, 2076]], '뜻근', 0.0034581798053009674), ([[1078, 1980], [1298, 1980], [1298, 2114], [1078, 2114]], '부웃', 0.13625661872257483)]
[([[330, 432], [558, 432], [558, 540], [330, 540]], '어:?', 0.4635746479034424)]
[([[1527, 650], [1685, 650], [1685, 736], [1527, 736]], "아'", 0.38896391721328066)]
[([[539, 272], [822, 272], [822, 435], [539, 435]], '하악내', 0.054737580264832206), ([[2416, 859], [2527, 859], [2527, 923], [2416, 923]], '그만', 0.9999236307646411), ([[2589, 908], [2713, 908], [2713, 997], [2589, 997]], '야', 0.03925895582584382), ([[2269, 1862], [2564, 1862], [2564, 2075], [2269, 2075]], '례', 0.02380871203809054), ([[176, 2088], [402, 2088], [402, 2166], [176, 2166]], '망가져: ', 0.16305481290601487), ([[1014, 2064], [1350, 2064], [1350, 2227], [1014, 2227]], '올꺼%', 0.005726059652355238), ([[147, 2160], [321, 2160], [321, 2235], [147, 2235]], '버려:', 0.08072673678117435), ([[901, 2386], [930, 2386], [930, 2404], [901, 2404]], '75', 0.10103915806375778), ([[858, 2384], [900, 2384], [900, 2424], [858, 2424]], '/', 0.9338592004824022), ([[1344, 2437], [1416, 2437], [1416, 2517], [1344, 2517]], '쥐', 0.009565207545387588), ([[1822.2641704918217, 163.07945836085716], [2111.9318448893155, 142.64740040266264], [2112.735829508178, 309.9205416391428], [1823.0681551106845, 330.35259959733736]], '이웃애', 0.07787345874559068), ([[50.60450124949134, 2008.4180049979655], [199.1823587621629, 1959.64002618457], [228.39549875050866, 2075.5819950020345], [79.81764123783711, 2125.35997381543]], '듯', 0.023592582298874953)]
[([[1723, 137], [1809, 137], [1809, 225], [1723, 225]], '옷', 0.37200236403151976), ([[1801, 174], [1859, 174], [1859, 192], [1801, 192]], '9 벼 벼', 0.09228540508848924), ([[88, 228], [327, 228], [327, 303], [88, 303]], '내계 전부', 0.5457213999913935), ([[91, 303], [326, 303], [326, 371], [91, 371]], '맡겨두게', 0.9666408896446228), ([[287, 409], [452, 409], [452, 477], [287, 477]], '모두름', 0.3058938980102539), ([[230, 475], [505, 475], [505, 550], [230, 550]], '위해서도: ', 0.9374064105517241), ([[1692, 486], [1936, 486], [1936, 561], [1692, 561]], '나별 일은', 0.6536010874737209), ([[1661, 556], [1965, 556], [1965, 633], [1661, 633]], '없올 테니까', 0.7730448087284699), ([[411, 760], [531, 760], [531, 828], [411, 828]], '웃 _', 0.10632839502139291), ([[1750, 818], [1870, 818], [1870, 878], [1750, 878]], '네', 0.8122146130591688), ([[160, 1906], [348, 1906], [348, 2069], [160, 2069]], '오질', 0.04212249806663051)]
[([[168, 163], [369, 163], [369, 230], [168, 230]], '앞으로도', 0.7474602776294422), ([[193, 226], [344, 226], [344, 290], [193, 290]], '꾸준히', 0.9983393549919128), ([[100, 287], [436, 287], [436, 355], [100, 355]], '밀어출테니까', 0.3193499735318864), ([[271, 400], [542, 400], [542, 466], [271, 466]], '잘 부탁하네', 0.8732160179908252), ([[1653, 422], [1773, 422], [1773, 488], [1653, 488]], '웃 ', 0.8121110871062384), ([[1826, 521], [1946, 521], [1946, 583], [1826, 583]], '잘-', 0.033414160251743825), ([[1697, 585], [2078, 585], [2078, 665], [1697, 665]], '분발드램내다-', 0.022380079180795605)]
[([[1723, 137], [1809, 137], [1809, 225], [1723, 225]], '옷', 0.27254810705366717), ([[1801, 174], [1857, 174], [1857, 190], [1801, 190]], '벼 벼 여', 0.05141067795182972), ([[88, 228], [327, 228], [327, 303], [88, 303]], '내계 전부', 0.6610313998375836), ([[91, 303], [326, 303], [326, 371], [91, 371]], '맡겨두게', 0.9670374393463135), ([[287, 409], [452, 409], [452, 477], [287, 477]], '모두름', 0.2252250462770462), ([[230, 475], [505, 475], [505, 550], [230, 550]], '위해서도: ', 0.9185661336249592), ([[1692, 486], [1936, 486], [1936, 561], [1692, 561]], '나별 일은', 0.6492083939542539), ([[1661, 556], [1965, 556], [1965, 633], [1661, 633]], '없올 테니까', 0.7241055433726649), ([[411, 760], [531, 760], [531, 826], [411, 826]], '웃 ', 0.08203612686058584), ([[1753, 824], [1869, 824], [1869, 877], [1753, 877]], '--', 0.012723696918900997), ([[160, 1906], [350, 1906], [350, 2069], [160, 2069]], '오질', 0.027423327109686427)]
[([[1865, 25], [2146, 25], [2146, 186], [1865, 186]], '제째', 0.011192732583260312), ([[130, 370], [391, 370], [391, 456], [130, 456]], "모두름: '", 0.1790409128120536), ([[121, 454], [391, 454], [391, 550], [121, 550]], "위해서: '", 0.453701175490469), ([[1696, 814], [1818, 814], [1818, 880], [1696, 880]], '잇기미#<', 0.0006481667643847485), ([[1561, 1057], [1715, 1057], [1715, 1123], [1561, 1123]], '@', 0.9783217170002025), ([[321, 1295], [425, 1295], [425, 1359], [321, 1359]], '-앗', 0.016049724083994514)]
[([[648, 173], [683, 173], [683, 206], [648, 206]], '~', 0.06967261806552472), ([[1836, 55], [2148, 55], [2148, 237], [1836, 237]], '전패', 0.026592675829307914), ([[613, 204], [657, 204], [657, 250], [613, 250]], '보', 0.08041232887806249), ([[109, 730], [277, 730], [277, 797], [109, 797]], '흥웃 "', 0.1272374540567398), ([[276, 827], [342, 827], [342, 898], [276, 898]], '응', 0.9967971500903481), ([[163, 1790], [360, 1790], [360, 1958], [163, 1958]], ']질}', 0.08767582028391553), ([[1804, 1950], [1985, 1950], [1985, 2126], [1804, 2126]], '용질', 0.4266474039359277)]
[([[1366, 63], [1397, 63], [1397, 107], [1366, 107]], '4', 0.8156227937780045), ([[100, 386], [270, 386], [270, 452], [100, 452]], '오옷; .', 0.23714240757252422), ([[354, 401], [456, 401], [456, 480], [354, 480]], '/', 0.1946651610849779), ([[201, 473], [377, 473], [377, 546], [201, 546]], "좋아 '", 0.4498293399810791), ([[1564, 423], [1714, 423], [1714, 534], [1564, 534]], '햇', 0.09413379735929173), ([[434, 486], [570, 486], [570, 579], [434, 579]], '%보', 0.04985357248182362), ([[259, 585], [501, 585], [501, 663], [259, 663]], '역시 기대', 0.817966588841978), ([[1783, 586], [1904, 586], [1904, 648], [1783, 648]], '가:운', 0.036709692797854895), ([[259, 655], [498, 655], [498, 732], [259, 732]], '이상이네', 0.7132826892057298), ([[1681, 648], [2008, 648], [2008, 728], [1681, 728]], '감시합니다-', 0.3610745075066444), ([[163, 1790], [360, 1790], [360, 1958], [163, 1958]], ']질}', 0.063978282958954), ([[1806, 1950], [1987, 1950], [1987, 2124], [1806, 2124]], '용질', 0.403500331906785), ([[1833.0868184120002, 491.0598199312022], [1937.7165388865465, 518.0281720700048], [1919.9131815879998, 580.9401800687978], [1815.2834611134535, 553.9718279299952]], '아)', 0.16823509086894967)]
[([[1708, 109], [1974, 109], [1974, 202], [1708, 202]], '이런거: .', 0.5758411189695066), ([[600, 199], [639, 199], [639, 241], [600, 241]], '보', 0.10946182450865738), ([[1743, 202], [1942, 202], [1942, 286], [1743, 286]], "싫어:'", 0.8148438334465027), ([[1506, 322], [1646, 322], [1646, 424], [1506, 424]], '유', 0.20755487075808787), ([[138, 542], [478, 542], [478, 627], [138, 627]], '자 잠깐만-', 0.32460966351657944), ([[1746, 564], [1890, 564], [1890, 672], [1746, 672]], '용', 0.2192553891886897), ([[1845, 626], [1959, 626], [1959, 701], [1845, 701]], '햇', 0.08287074396525895), ([[0, 1146], [424, 1146], [424, 1446], [0, 1446]], '퍽"', 0.13429095253799614), ([[167, 1793], [355, 1793], [355, 1957], [167, 1957]], '영필', 0.11462941720589427), ([[1806, 1952], [1987, 1952], [1987, 2126], [1806, 2126]], '유', 0.15416490160774643), ([[1679, 2320], [2143, 2320], [2143, 2616], [1679, 2616]], '퍽;', 0.17255098167905875), ([[296.83158752432604, 676.0684939567712], [430.14386304715305, 695.9515720859933], [414.16841247567396, 780.9315060432288], [280.85613695284695, 762.0484279140067]], '9', 0.10343711595902505)]
[([[600, 199], [642, 199], [642, 241], [600, 241]], '보', 0.0991525572130394), ([[1551, 209], [1872, 209], [1872, 305], [1551, 305]], '아" 아파-', 0.9875847077280772), ([[262, 419], [406, 419], [406, 518], [262, 518]], '잇', 0.1024011779819034), ([[175, 584], [290, 584], [290, 653], [175, 653]], '웃-', 0.15363794824772245), ([[252, 673], [426, 673], [426, 750], [252, 750]], "'경치가", 0.9260485768318176), ([[1503, 596], [1716, 596], [1716, 723], [1503, 723]], '이옷0', 0.018001814229884117), ([[209, 742], [458, 742], [458, 822], [209, 822]], '참 중구만', 0.6903780644651727), ([[82, 1309], [439, 1309], [439, 1589], [82, 1589]], '퍽', 0.7274672320677702), ([[1669, 2427], [2043, 2427], [2043, 2707], [1669, 2707]], "퍽'", 0.36086873257800883)]
[([[120, 509], [289, 509], [289, 584], [120, 584]], '어차피', 0.6641613841056824), ([[122, 576], [294, 576], [294, 651], [122, 651]], '시간은', 0.9976212877823262), ([[238, 665], [353, 665], [353, 734], [238, 734]], '많이', 0.9988681233598788), ([[1504, 593], [1715, 593], [1715, 743], [1504, 743]], '@', 0.2957545452490571), ([[174, 725], [417, 725], [417, 810], [174, 810]], '남있으니', 0.12485668808221817), ([[1706, 750], [1878, 750], [1878, 827], [1706, 827]], '천천히', 0.999289203929984), ([[1686, 824], [1905, 824], [1905, 897], [1686, 897]], '즐기도록', 0.9961777925491333), ([[1726, 894], [1864, 894], [1864, 969], [1726, 969]], '하지', 0.9987804881153917), ([[1835, 1025], [1917, 1025], [1917, 1094], [1835, 1094]], '웃', 0.5175083008055168), ([[1869, 1135], [1996, 1135], [1996, 1202], [1869, 1202]], '네에:', 0.8724246265585109), ([[255.9264062639025, 427.1805157042442], [399.59570469363456, 402.62659801395944], [411.0735937360975, 507.8194842957558], [266.40429530636544, 532.3734019860406]], '@뇨', 0.027133584610108407), ([[118.9095914409323, 1461.0165175507664], [428.0989131292222, 1571.8415414093129], [317.09040855906767, 1862.9834824492336], [8.901086870777803, 1751.1584585906871]], '때', 0.03641609164622417), ([[1807.0317226762907, 2128.0151256413005], [2098.2698476871533, 2273.3114784147365], [1976.9682773237093, 2509.9848743586995], [1684.7301523128465, 2364.6885215852635]], '썩', 0.22921139829875958)]
[([[1443, 238], [1879, 238], [1879, 439], [1443, 439]], '/)', 0.07046370095330043), ([[309, 573], [491, 573], [491, 723], [309, 723]], '잎', 0.10846566723710627), ([[116, 1720], [313, 1720], [313, 1888], [116, 1888]], '8질}', 0.11232544013173652), ([[1860, 1858], [2032, 1858], [2032, 2036], [1860, 2036]], '응리', 0.26416805370026525), ([[1365.0197874239789, 103.06027813422851], [1415.528643338059, 68.01748559530735], [1499.9802125760211, 199.9397218657715], [1449.471356661941, 234.98251440469267]], '돌', 0.26339013120565724), ([[1295.0588806163867, 2343.0246197729844], [1653.7979748990815, 2426.310745550963], [1611.9411193836133, 2569.9753802270156], [1254.2020251009185, 2486.689254449037]], '부르로 요', 0.07588912004716039)]
[([[526, 105], [612, 105], [612, 167], [526, 167]], '와', 0.05241507703094528), ([[1409, 75], [1603, 75], [1603, 152], [1409, 152]], '걱정마', 0.9864098300454062), ([[232, 169], [525, 169], [525, 242], [232, 242]], '저  저기', 0.8640666686488118), ([[1539, 169], [1844, 169], [1844, 246], [1539, 246]], '너는 중요한', 0.8678532607354461), ([[1537, 243], [1833, 243], [1833, 321], [1537, 321]], '상품이니까', 0.9671144866503782), ([[421, 277], [658, 277], [658, 354], [421, 354]], '인에블-', 0.2677687704563141), ([[1578, 343], [1700, 343], [1700, 440], [1578, 440]], '하', 0.324542201470436), ([[811, 748], [982, 748], [982, 874], [811, 874]], '@', 0.9878553399317411), ([[125, 1302], [324, 1302], [324, 1474], [125, 1474]], '8질[', 0.02090711255872316), ([[2568.248443172929, 941.1403476721608], [2758.4079193942366, 925.2999076611388], [2759.751556827071, 1024.859652327839], [2569.5920806057634, 1039.7000923388612]], '하아7', 0.9294712322476123)]
[([[1865, 25], [2146, 25], [2146, 186], [1865, 186]], '제째', 0.020045213918330983), ([[130, 370], [391, 370], [391, 456], [130, 456]], "모두름: '", 0.17594838674171612), ([[121, 454], [391, 454], [391, 550], [121, 550]], "위해서: '", 0.46443165445383383), ([[1696, 814], [1818, 814], [1818, 880], [1696, 880]], '잇눕미-', 0.0023794560693204403), ([[1561, 1057], [1719, 1057], [1719, 1123], [1561, 1123]], '@하?', 0.03385723342316946), ([[321, 1295], [425, 1295], [425, 1359], [321, 1359]], '헤앗', 0.022156085313977707)]
[([[2492, 24], [2529, 24], [2529, 61], [2492, 61]], '1', 0.9517095402919864), ([[2414, 45], [2450, 45], [2450, 74], [2414, 74]], '|', 0.005017684028608971), ([[2056, 90], [2232, 90], [2232, 204], [2056, 204]], '웃,', 0.02998950241056256), ([[365, 185], [546, 185], [546, 262], [365, 262]], '거칠게', 0.9332658786113015), ([[240, 256], [659, 256], [659, 340], [240, 340]], '다루진 안듣다구', 0.5257725068450462), ([[599, 383], [793, 383], [793, 460], [599, 460]], '안심해', 0.9999136244779484), ([[125, 1304], [324, 1304], [324, 1481], [125, 1481]], '영질', 0.045229630314250695)]
[([[410, 248], [681, 248], [681, 362], [410, 362]], '물론 !', 0.6858330380004084), ([[108, 1143], [400, 1143], [400, 1554], [108, 1554]], '쑤', 0.3623916544020176), ([[2461, 1496], [2787, 1496], [2787, 1840], [2461, 1840]], '육', 0.9650713480940034), ([[664.9045619576121, 378.40828413719527], [1272.855744956581, 233.1458107376575], [1312.0954380423877, 503.59171586280473], [704.1442550434189, 647.8541892623425]], '웃보', 0.032761292878003126)]
[([[354, 192], [568, 192], [568, 267], [354, 267]], '후우우 ', 0.499802827835083), ([[943, 203], [1119, 203], [1119, 278], [943, 278]], '즐길건', 0.9034620837976344), ([[502, 282], [735, 282], [735, 361], [502, 361]], '엄청나게 ', 0.7484811621643438), ([[907, 275], [1153, 275], [1153, 352], [907, 352]], '즐겨야지', 0.9714805483818054), ([[464, 356], [762, 356], [762, 435], [464, 435]], '백@하구만', 0.18444652215141477), ([[781, 408], [924, 408], [924, 518], [781, 518]], '애', 0.060896621589691335), ([[109, 798], [493, 798], [493, 1082], [109, 1082]], '퍽 :', 0.4325610504114728), ([[2594, 883], [2749, 883], [2749, 988], [2594, 988]], '하아누', 0.05353752738749888), ([[122, 1301], [323, 1301], [323, 1482], [122, 1482]], '8질', 0.16818458130768796), ([[1788.0364854110323, 98.11377453487869], [1984.13474891895, 68.0942086078227], [1996.9635145889677, 217.8862254651213], [1800.86525108105, 247.9057913921773]], '응내', 0.07188649801355404), ([[553.05190907372, 80.04504527406048], [667.6066970012728, 121.22306414806958], [634.94809092628, 204.95495472593953], [520.3933029987272, 163.7769358519304]], '유', 0.7446019970167441), ([[2060.068842553116, 1572.0127531887458], [2299.9988641066993, 1789.722080129918], [2103.931157446884, 2004.9872468112542], [1865.0011358933007, 1787.277919870082]], '세', 0.7287163443912483)]
[([[1438, 207], [1739, 207], [1739, 346], [1438, 346]], '용비하쨌', 0.029281863942742348), ([[233, 558], [384, 558], [384, 645], [233, 645]], '어때', 0.9998998605565547), ([[329, 646], [595, 646], [595, 726], [329, 726]], '느껴지지?', 0.9986266777658639), ([[2668, 787], [2797, 787], [2797, 855], [2668, 855]], '떼', 0.034913622815022416), ([[114, 789], [497, 789], [497, 1093], [114, 1093]], '퍽 ;', 0.2866057753562927), ([[2675, 890], [2867, 890], [2867, 1042], [2675, 1042]], '잇', 0.07151739022959536), ([[2466, 1452], [2566, 1452], [2566, 1527], [2466, 1527]], '아', 0.9999400386262245), ([[2432, 1528], [2596, 1528], [2596, 1618], [2432, 1618]], '안에:-', 0.8898986577987671), ([[2572, 1668], [2703, 1668], [2703, 1747], [2572, 1747]], '당고', 0.9744258816055089), ([[1937, 1624], [2288, 1624], [2288, 1953], [1937, 1953]], '꼭', 0.014313066454772427), ([[2537, 1750], [2675, 1750], [2675, 1838], [2537, 1838]], '있어-', 0.8980701993297312)]
[([[2234, 139], [2376, 139], [2376, 252], [2234, 252]], '/', 0.13190402859209271), ([[2227, 432], [2282, 432], [2282, 470], [2227, 470]], '(사', 0.12048899980635193), ([[2482, 397], [2627, 397], [2627, 496], [2482, 496]], '용)', 0.1138740026243604), ([[75, 725], [269, 725], [269, 798], [75, 798]], '오옷  !', 0.32562957788934965), ([[410, 745], [554, 745], [554, 849], [410, 849]], '의', 0.5553111039411682), ([[203, 819], [377, 819], [377, 894], [203, 894]], '서서히', 0.9999769434879479), ([[124, 894], [458, 894], [458, 969], [124, 969]], '오나 본데:`', 0.12294367526978009), ([[64, 970], [194, 970], [194, 1042], [64, 1042]], '아니', 0.3875857214816112), ([[1033, 1036], [1151, 1036], [1151, 1139], [1033, 1139]], '5', 0.15065943274459315), ([[1092, 1133], [1132, 1133], [1132, 1182], [1092, 1182]], '?', 0.030981292305956254), ([[2591, 1795], [2731, 1795], [2731, 1883], [2591, 1883]], '위', 0.999998569489037), ([[2490, 1881], [2704, 1881], [2704, 1980], [2490, 1980]], '위험해', 0.99983034703267), ([[1479.0518386275614, 950.0128453570197], [1791.50955153675, 1130.1612627450447], [1639.9481613724386, 1388.9871546429804], [1326.49044846325, 1208.8387372549553]], '셋', 0.09456231973970919), ([[1103.4417834440198, 1216.022293050247], [1153.1745954363384, 1208.099251811511], [1176.5582165559802, 1354.977706949753], [1126.8254045636616, 1362.900748188489]], '[', 0.8638118867240827), ([[12.756811720020178, 1539.3949573521331], [208.8948480511744, 1377.011441199082], [408.24318827997985, 1674.6050426478669], [212.1051519488256, 1837.988558800918]], '퍽', 0.9351761649759851)]
[([[2233, 137], [2378, 137], [2378, 250], [2233, 250]], '/', 0.10865427826300422), ([[2482, 397], [2620, 397], [2620, 494], [2482, 494]], '%', 0.657115430169771), ([[60, 436], [420, 436], [420, 563], [60, 563]], '문', 0.01021188639323456), ([[75, 725], [269, 725], [269, 798], [75, 798]], '오옷 !', 0.5148402185344326), ([[410, 750], [557, 750], [557, 849], [410, 849]], '위', 0.12579306248601174), ([[203, 819], [375, 819], [375, 894], [203, 894]], '서서히', 0.9999833442438536), ([[124, 894], [458, 894], [458, 969], [124, 969]], '오나 본데:`', 0.15082705500324534), ([[67, 973], [194, 973], [194, 1040], [67, 1040]], '아7', 0.2820827065403197), ([[1030, 1032], [1152, 1032], [1152, 1143], [1030, 1143]], '5', 0.8298217672010111), ([[1092, 1133], [1134, 1133], [1134, 1182], [1092, 1182]], '<', 0.019061366909328692), ([[1377, 1015], [1671, 1015], [1671, 1306], [1377, 1306]], '퍽', 0.9998551659578006), ([[2591, 1797], [2736, 1797], [2736, 1883], [2591, 1883]], "위:'", 0.48513572556152235), ([[2490, 1881], [2751, 1881], [2751, 1978], [2490, 1978]], '위험해: -', 0.5991681564221837), ([[1103.4327658796888, 1217.0230203201704], [1153.1745954363384, 1208.099251811511], [1176.5672341203112, 1353.9769796798296], [1126.8254045636616, 1362.900748188489]], '[', 0.8618045646650252), ([[12.124817747723743, 1540.5114611620254], [202.91120074281116, 1382.012212293144], [392.87518225227626, 1664.4885388379746], [201.08879925718884, 1822.987787706856]], '퍽', 0.8122877778930935)]
[([[1094, 32], [1312, 32], [1312, 158], [1094, 158]], '부옷히', 0.21137825152373843), ([[425, 544], [724, 544], [724, 736], [425, 736]], '부릇', 0.014847309419197267), ([[135, 1143], [377, 1143], [377, 1317], [135, 1317]], '부옷%', 0.018111637351790073), ([[1645.7515619835713, 578.1653074389995], [2685.1287650538457, 473.2177221177445], [2686.2484380164287, 739.8346925610005], [1646.8712349461546, 844.7822778822556]], '웃!시', 0.01594001503113397), ([[2381.1873497842616, 887.2491587918643], [2588.0704858117697, 835.4481887181532], [2612.8126502157384, 974.7508412081357], [2404.9295141882303, 1026.5518112818468]], '왕', 0.31687554224077985)]
[([[2241, 149], [2370, 149], [2370, 226], [2241, 226]], '아', 0.9947009140526042), ([[2175, 236], [2450, 236], [2450, 326], [2175, 326]], '안에는: .', 0.3137806524949681), ([[2317, 355], [2659, 355], [2659, 456], [2317, 456]], '안되다고: .', 0.5482916132662812), ([[2311, 448], [2591, 448], [2591, 545], [2311, 545]], "햇드데: '", 0.14640942009771396), ([[1455, 734], [1641, 734], [1641, 848], [1455, 848]], '울컷빛', 0.00403624998413288), ([[1790, 832], [1966, 832], [1966, 918], [1790, 918]], '아옥', 0.24331831290432973), ([[2462, 800], [2631, 800], [2631, 921], [2462, 921]], '%', 0.07471683381760386), ([[2642, 1830], [2831, 1830], [2831, 1935], [2642, 1935]], '빠', 0.008946975079127617), ([[794.1869092160034, 675.1270554336242], [988.9518403837875, 661.9959160336243], [989.8130907839966, 771.8729445663758], [795.0481596162125, 786.0040839663757]], '꿀칙요', 0.003984358613557044), ([[1530.9022400030797, 1230.0464320363399], [1705.1722793083975, 1264.4353952593508], [1679.0977599969203, 1373.9535679636601], [1504.8277206916025, 1339.5646047406492]], '질앗', 0.0021120020934732964)]
[]
[([[418, 55], [504, 55], [504, 119], [418, 119]], '웃', 0.7644976358261033), ([[213, 107], [389, 107], [389, 169], [213, 169]], '안에는"  ', 0.11630467227143187), ([[1301, 122], [1437, 122], [1437, 177], [1301, 177]], "이런: '", 0.4193022493811103), ([[321, 199], [524, 199], [524, 263], [321, 263]], '안되다고:', 0.4059129481623807), ([[1376, 188], [1604, 188], [1604, 250], [1376, 250]], '나도모르게', 0.979931984166606), ([[331, 259], [541, 259], [541, 316], [331, 316]], '햇드데: 문', 0.04236137737320151), ([[1348, 244], [1632, 244], [1632, 312], [1348, 312]], '실수해버로네', 0.6283758894259317), ([[1628, 429], [1811, 429], [1811, 491], [1628, 491]], '미인해~', 0.7004604339599609), ([[1657, 905], [1693, 905], [1693, 923], [1657, 923]], '000', 0.9807829573182922), ([[283, 2221], [526, 2221], [526, 2385], [283, 2385]], '패우%', 0.002927590940942883), ([[1037, 2457], [1210, 2457], [1210, 2589], [1037, 2589]], '절펴;', 0.016435850163406332)]
[([[1837, 55], [2148, 55], [2148, 237], [1837, 237]], '전찍', 0.008930993849528352), ([[613, 204], [657, 204], [657, 250], [613, 250]], '보', 0.04811421776747071), ([[108, 727], [280, 727], [280, 800], [108, 800]], '흐웃-"', 0.262746125459671), ([[278, 829], [342, 829], [342, 898], [278, 898]], '응', 0.998957905603902), ([[164, 1791], [359, 1791], [359, 1954], [164, 1954]], "]질'", 0.01419068594637628), ([[1804, 1950], [1985, 1950], [1985, 2124], [1804, 2124]], '용질', 0.2978217588125576)]
[([[1394, 186], [1625, 186], [1625, 250], [1394, 250]], '사후피임약', 0.9430878107745864), ([[1365, 247], [1647, 247], [1647, 308], [1365, 308]], "쓰면 되니까'", 0.26870408570890597), ([[1603, 332], [1755, 332], [1755, 394], [1603, 394]], '좀만 더', 0.6912356817451282), ([[1584, 394], [1770, 394], [1770, 451], [1584, 451]], '즐기자구', 0.9958567023277283), ([[158, 1807], [466, 1807], [466, 2154], [158, 2154]], '4', 0.2273064630682109), ([[1461, 2004], [1886, 2004], [1886, 2370], [1461, 2370]], '적엽', 0.012444853031098617), ([[245.59224995608503, 308.12637458280767], [594.0853217929157, 248.79010430556622], [612.407750043915, 448.87362541719233], [263.91467820708425, 508.2098956944338]], '옷 1', 0.3233989591866321)]
[([[1350, 126], [1473, 126], [1473, 238], [1350, 238]], "'양", 0.4208251879029588), ([[1524, 331], [1700, 331], [1700, 411], [1524, 411]], "이거: '", 0.4871091223482164), ([[414, 394], [566, 394], [566, 528], [414, 528]], '아', 0.2964135195624209), ([[207, 570], [330, 570], [330, 645], [207, 645]], "위'", 0.3930199682491685), ([[121, 637], [321, 637], [321, 726], [121, 726]], '위험해 -', 0.9059084297304414), ([[1514, 628], [1655, 628], [1655, 760], [1514, 760]], '햇', 0.11272380905444379), ([[71.97532016243167, 2108.012806497267], [447.9839044902781, 2264.301370519112], [306.0246798375683, 2589.987193502733], [-68.9839044902781, 2432.698629480888]], '셋', 0.6690219379971154), ([[1619.076838437823, 2378.0121767934884], [1874.9957059897872, 2605.4517643970266], [1677.923161562177, 2826.9878232065116], [1422.0042940102128, 2600.5482356029734]], '셋', 0.07073669152301765)]
[([[1632, 71], [1758, 71], [1758, 149], [1632, 149]], '그만 ', 0.8008510487238938), ([[165, 162], [330, 162], [330, 237], [165, 237]], '아이}', 0.013716510260252016), ([[1352, 123], [1476, 123], [1476, 238], [1352, 238]], "'양", 0.27245344240012187), ([[1490, 209], [1612, 209], [1612, 265], [1490, 265]], '그만-', 0.41612113062184347), ([[244, 262], [315, 262], [315, 306], [244, 306]], "그'", 0.6776883006109543), ([[1419, 269], [1647, 269], [1647, 333], [1419, 333]], '해주세요: ', 0.46170991886404894), ([[198, 315], [314, 315], [314, 370], [198, 370]], '그만', 0.9999814554370187), ([[419, 457], [519, 457], [519, 537], [419, 537]], '>', 0.042593280391676425), ([[1567, 471], [1715, 471], [1715, 575], [1567, 575]], '잇', 0.12309061018419243), ([[93, 540], [269, 540], [269, 613], [93, 613]], "제발: '", 0.24436431802720623), ([[105.03174532251408, 2119.012671320038], [438.2368419423596, 2296.523952511892], [285.9682546774859, 2574.987328679962], [-46.2368419423596, 2396.476047488108]], '셋', 0.20966374695245893), ([[1462.2074836809395, 2491.0459317783193], [1702.7976644313103, 2405.7072013367933], [1801.7925163190605, 2755.9540682216807], [1561.2023355686897, 2842.2927986632067]], '퍽', 0.999776375876138)]
[([[350, 145], [523, 145], [523, 266], [350, 266]], '아', 0.21304793295457003), ([[1582, 133], [1785, 133], [1785, 243], [1582, 243]], '싫어', 0.32301497486898634), ([[172, 253], [290, 253], [290, 320], [172, 320]], '시', 0.9961487252314924), ([[1407, 268], [1528, 268], [1528, 337], [1407, 337]], '@', 0.8017431660300787), ([[1553, 297], [1651, 297], [1651, 352], [1553, 352]], '같이', 0.9983546465992126), ([[112, 319], [236, 319], [236, 405], [112, 405]], '싫어-', 0.8182607889175415), ([[1517, 358], [1684, 358], [1684, 415], [1517, 415]], '가자: !', 0.14012891697762264), ([[1643, 441], [1743, 441], [1743, 494], [1643, 494]], '시:', 0.47356382816024406), ([[170, 476], [340, 476], [340, 536], [170, 536]], '오옷: 빛', 0.035380567075410346), ([[1581, 499], [1798, 499], [1798, 560], [1581, 560]], '싫어:싸어', 0.06248397403196257), ([[130, 532], [378, 532], [378, 596], [130, 596]], '올라온다  !', 0.5552884129468713), ([[301, 600], [488, 600], [488, 662], [301, 662]], '유조장도', 0.31289955973625183), ([[276, 656], [515, 656], [515, 720], [276, 720]], '느낌 오제?', 0.7019350519884138), ([[114.0212448916793, 2090.011405853042], [458.24361251716306, 2295.0649873009484], [271.9787551083207, 2602.988594146958], [-71.24361251716309, 2396.9350126990516]], '셋', 0.2472585016828157), ([[1535.003057505207, 2377.01343344318], [1889.5666676510427, 2529.8013651795804], [1756.996942494793, 2821.98656655682], [1403.4333323489573, 2669.1986348204196]], '세', 0.2926765593401548)]
[([[154, 295], [397, 295], [397, 392], [154, 392]], '안드 .', 0.731776237487793), ([[1554, 573], [1773, 573], [1773, 681], [1554, 681]], '아애', 0.46445073545099347), ([[255, 1904], [530, 1904], [530, 2081], [255, 2081]], '#7', 0.02447428177646233), ([[1078, 1980], [1298, 1980], [1298, 2114], [1078, 2114]], '부옷', 0.2579620290070655), ([[1338.5187177966206, 152.04066389849424], [1542.48348329781, 132.8807381459859], [1554.4812822033794, 387.95933610150576], [1350.51651670219, 407.1192618540141]], '1', 0.0039476474261435635)]
[([[330, 432], [558, 432], [558, 540], [330, 540]], '어:?', 0.4635746479034424)]
[([[1527, 652], [1685, 652], [1685, 736], [1527, 736]], '아"\'', 0.41516919451613343)]
[([[856, 2380], [934, 2380], [934, 2422], [856, 2422]], '/~', 0.24314576648380593)]
[]
[]
[([[100, 386], [270, 386], [270, 452], [100, 452]], '오옷; .', 0.24437444752842263), ([[354, 401], [458, 401], [458, 480], [354, 480]], '/', 0.24927674465482497), ([[201, 473], [377, 473], [377, 546], [201, 546]], "좋아 '", 0.3846932649612427), ([[1562, 425], [1714, 425], [1714, 534], [1562, 534]], '햇', 0.014577705946328623), ([[436, 488], [568, 488], [568, 577], [436, 577]], '용비', 0.07171098488612121), ([[259, 585], [501, 585], [501, 660], [259, 660]], '역시 기대', 0.9985442436185713), ([[1783, 586], [1904, 586], [1904, 648], [1783, 648]], '가운무', 0.05803235743001575), ([[259, 655], [498, 655], [498, 732], [259, 732]], '이상이네', 0.9964025020599365), ([[1681, 648], [2008, 648], [2008, 728], [1681, 728]], '감시합니다-', 0.22494908456573254), ([[164, 1791], [359, 1791], [359, 1954], [164, 1954]], '오질', 0.03776686515673113), ([[1804, 1950], [1985, 1950], [1985, 2126], [1804, 2126]], '용질', 0.46525735020278497), ([[1833.0868184120002, 491.0598199312022], [1937.7490418402672, 519.1424655485503], [1919.9131815879998, 580.9401800687978], [1815.2509581597328, 552.8575344514497]], '@)', 0.11014381112113508)]
[]
[([[613, 204], [657, 204], [657, 250], [613, 250]], '보', 0.06316969918863524)]
[([[1366, 63], [1397, 63], [1397, 107], [1366, 107]], '4', 0.3921167611486318)]
[([[600, 201], [637, 201], [637, 239], [600, 239]], '~', 0.07719820573034131)]
[([[600, 201], [637, 201], [637, 239], [600, 239]], '~', 0.05968044067903211)]
[]
[([[1366, 49], [1397, 49], [1397, 96], [1366, 96]], '1', 0.8521023758835469)]
[([[2492, 24], [2529, 24], [2529, 61], [2492, 61]], '1', 0.9628618328547169), ([[2410.0794468010067, 45.69533616120787], [2480.4961508830133, 32.33589941132431], [2485.9205531989933, 62.30466383879213], [2415.5038491169867, 75.6641005886757]], '들_', 0.009412668054199345)]
[]
[]
[([[1708, 109], [1974, 109], [1974, 202], [1708, 202]], '이런거: .', 0.6364070497978028), ([[600, 197], [642, 197], [642, 241], [600, 241]], '보', 0.18452256658071065), ([[1741, 199], [1944, 199], [1944, 285], [1741, 285]], "싫어 '", 0.6938517093658447), ([[1500, 317], [1649, 317], [1649, 425], [1500, 425]], '웃', 0.6903752203871285), ([[138, 542], [478, 542], [478, 627], [138, 627]], '자 잠깐만-', 0.3353118620903393), ([[1747, 565], [1889, 565], [1889, 669], [1747, 669]], '용', 0.24653623663741442), ([[1845, 626], [1959, 626], [1959, 701], [1845, 701]], '햇', 0.0897986502348127), ([[287, 683], [423, 683], [423, 772], [287, 772]], '유', 0.027035732713195593), ([[0, 1145], [424, 1145], [424, 1446], [0, 1446]], '퍽%', 0.07670447453360166), ([[167, 1791], [355, 1791], [355, 1954], [167, 1954]], '영파', 0.12144960487895183), ([[1804, 1952], [1985, 1952], [1985, 2124], [1804, 2124]], '음', 0.3137770009817018), ([[1681, 2322], [2143, 2322], [2143, 2618], [1681, 2618]], '퍽,', 0.35858080591513064)]
[]
[([[2253, 440], [2273, 440], [2273, 466], [2253, 466]], '^', 0.1329915619200941), ([[1069, 1049], [1146, 1049], [1146, 1140], [1069, 1140]], '5', 0.49611395289326765), ([[1095, 1133], [1134, 1133], [1134, 1182], [1095, 1182]], '7', 0.14722508260199252), ([[1103.4373106705577, 1216.0226523149172], [1153.1665541572236, 1207.0978879030934], [1177.5626893294423, 1353.9773476850828], [1126.8334458427764, 1362.9021120969066]], '[', 0.6795477132471639)]
[([[1026, 1030], [1149, 1030], [1149, 1140], [1026, 1140]], '5', 0.8953438701610139), ([[1092, 1133], [1132, 1133], [1132, 1182], [1092, 1182]], '7', 0.02258313751737351), ([[1105.5215286663026, 1217.0191083287832], [1152.9186179670526, 1208.0707385762973], [1176.4784713336974, 1353.9808916712168], [1129.0813820329474, 1361.9292614237027]], '[', 0.5593873229742066)]
[]
[([[2063, 988], [2110, 988], [2110, 1021], [2063, 1021]], '0내', 0.006479155493442273)]
[]
[]
[]
[]
[]
[([[601, 205], [634, 205], [634, 238], [601, 238]], '보', 0.08301172709192262), ([[1553, 212], [1873, 212], [1873, 304], [1553, 304]], '아" 아파:-', 0.412658373292824), ([[262, 421], [404, 421], [404, 518], [262, 518]], '잇', 0.2546787781948048), ([[175, 584], [293, 584], [293, 653], [175, 653]], '웃-', 0.14126221259319405), ([[1507, 600], [1712, 600], [1712, 717], [1507, 717]], '이웃0', 0.1401422467648556), ([[252, 673], [426, 673], [426, 750], [252, 750]], "'경치가", 0.9286141395568848), ([[209, 742], [458, 742], [458, 822], [209, 822]], '참 중구만', 0.7049317911988007), ([[69, 1311], [441, 1311], [441, 1589], [69, 1589]], '퍽"', 0.03571450454387161), ([[1669, 2429], [2043, 2429], [2043, 2709], [1669, 2709]], "퍽'", 0.27199085607190454)]
[]
[]
[]
[]
[([[856, 2380], [934, 2380], [934, 2422], [856, 2422]], '/~', 0.32130970540270243), ([[1378.3503760794642, 2417.0352712750814], [1422.1501734889061, 2444.9217353859412], [1368.6496239205358, 2529.9647287249186], [1324.8498265110939, 2503.0782646140588]], '비', 0.4010846012575122)]
[]
[]
[]
[([[648, 173], [686, 173], [686, 206], [648, 206]], '갈', 0.08155907372600613), ([[610, 203], [658, 203], [658, 251], [610, 251]], '보', 0.037409737300259316)]
[]
[([[120, 509], [289, 509], [289, 584], [120, 584]], '어차피', 0.4852321445941925), ([[122, 576], [294, 576], [294, 651], [122, 651]], '시간은', 0.9980376985626451), ([[238, 665], [353, 665], [353, 734], [238, 734]], '많이', 0.9986765927096592), ([[1507, 600], [1710, 600], [1710, 717], [1507, 717]], '이웃', 0.3319657173651372), ([[174, 725], [417, 725], [417, 810], [174, 810]], '남있으니', 0.1194014772772789), ([[1706, 750], [1878, 750], [1878, 827], [1706, 827]], '천천히', 0.9991620963953669), ([[1686, 824], [1907, 824], [1907, 897], [1686, 897]], '즐기도록', 0.9925047159194946), ([[1726, 894], [1864, 894], [1864, 969], [1726, 969]], '하지', 0.998814867827474), ([[1834, 1022], [1907, 1022], [1907, 1095], [1834, 1095]], '옷', 0.6673730602174466), ([[1871, 1135], [2009, 1135], [2009, 1204], [1871, 1204]], '네에:', 0.9907657690168331), ([[54, 1506], [386, 1506], [386, 1799], [54, 1799]], '퍽', 0.7144300478139485), ([[260.41403535890777, 417.10526519180837], [403.2674761001093, 407.3767535305552], [404.58596464109223, 515.8947348081916], [260.7325238998907, 524.6232464694448]], '@깥', 0.029379719789123637), ([[1798.9478725356648, 2119.0162829019723], [2103.1165611808406, 2241.8408558608944], [1990.0521274643352, 2509.9837170980277], [1684.8834388191597, 2387.1591441391056]], '뭐 ', 0.057543363579131125)]
[([[600, 199], [639, 199], [639, 241], [600, 241]], '~', 0.07470468006198772)]
[([[600, 199], [639, 199], [639, 241], [600, 241]], '보', 0.0968491083078229)]
[]
[]
[]
[([[2492, 24], [2529, 24], [2529, 61], [2492, 61]], '1', 0.9532645784929628), ([[2410.0794468010067, 45.69533616120787], [2479.4831254946143, 32.31652508839708], [2483.9205531989933, 62.30466383879213], [2415.5168745053857, 75.68347491160291]], '들_', 0.00933423319219996)]
[]
[]
[]
[([[2253, 440], [2273, 440], [2273, 464], [2253, 464]], '2', 0.05162010474444956), ([[1029, 1036], [1148, 1036], [1148, 1139], [1029, 1139]], '5', 0.8178528801399807), ([[1092, 1135], [1132, 1135], [1132, 1182], [1092, 1182]], '7', 0.16638749595174218), ([[1112.570558289235, 1222.0184761551252], [1148.4595846210852, 1215.0211666049101], [1172.429441710765, 1347.9815238448748], [1135.5404153789148, 1354.9788333950899]], '(', 0.10606726024776325)]
