2533485
18
[([[1610, 102], [1863, 102], [1863, 594], [1610, 594]], '봄', 0.03282557696080435), ([[1669, 602], [1838, 602], [1838, 824], [1669, 824]], '7', 0.4811127922431666), ([[1667, 1109], [1831, 1109], [1831, 1583], [1667, 1583]], '또', 0.23134821939380856), ([[363, 2100], [973, 2100], [973, 2204], [363, 2204]], '옆식 % [어-- -미히', 0.0006177999591197171), ([[357, 2206], [965, 2206], [965, 2323], [357, 2323]], '[구 3-4-', 0.026966105773743542), ([[1001, 2209], [1147, 2209], [1147, 2319], [1001, 2319]], '3/', 0.22791078919712865), ([[1184, 2219], [1261, 2219], [1261, 2310], [1184, 2310]], '사', 0.06917976018883465), ([[1345, 2207], [1453, 2207], [1453, 2324], [1345, 2324]], '(', 0.999039403923291), ([[58, 2427], [290, 2427], [290, 2495], [58, 2495]], '지어시', 0.0024988188272108674), ([[359, 2332], [1980, 2332], [1980, 2578], [359, 2578]], '[4-꾸드4사-', 0.028840589392309424), ([[59, 2492], [284, 2492], [284, 2617], [59, 2617]], '허18', 0.10609430788513606), ([[53, 2616], [290, 2616], [290, 2680], [53, 2680]], '잘시미 |}', 0.05538658535517449), ([[42, 2684], [301, 2684], [301, 2774], [42, 2774]], '#붉8#춤#-4', 0.004716102381956862), ([[473, 2568], [1857, 2568], [1857, 2797], [473, 2797]], '_무이(---도', 0.005985148061583122)]
[([[508, 173], [602, 173], [602, 233], [508, 233]], '분명', 0.9998313324787828), ([[509, 230], [724, 230], [724, 280], [509, 280]], '꿈일꺼야 ,,', 0.6405648958988841), ([[839, 263], [904, 263], [904, 312], [839, 312]], '아', 0.9998830591059438), ([[99, 565], [332, 565], [332, 616], [99, 616]], '나랑 시로에', 0.6106942899966096), ([[96, 610], [229, 610], [229, 665], [96, 665]], '관한 ', 0.3839852760949133), ([[127, 1018], [252, 1018], [252, 1087], [127, 1087]], '그럼', 0.9997951724608475), ([[268, 1024], [388, 1024], [388, 1077], [268, 1077]], '네가', 0.9993268126280045), ([[126, 1083], [450, 1083], [450, 1158], [126, 1158]], '원하는 대로', 0.9627763540243802), ([[127, 1160], [250, 1160], [250, 1220], [127, 1220]], '해화', 0.42072846182405066), ([[27, 2774], [87, 2774], [87, 2823], [27, 2823]], '11', 0.7991831486650965)]
[([[404, 206], [473, 206], [473, 266], [404, 266]], "1시'", 0.019103627150182545), ([[529, 218], [566, 218], [566, 245], [529, 245]], '|', 0.036765778571729024), ([[194, 306], [298, 306], [298, 359], [194, 359]], '흐아', 0.9774381246553041), ([[1354, 692], [1418, 692], [1418, 792], [1354, 792]], '쥐', 0.7250294696370396), ([[1417, 803], [1442, 803], [1442, 827], [1417, 827]], '4', 0.4302937179118125), ([[1578, 1077], [1632, 1077], [1632, 1121], [1578, 1121]], '시', 0.9998929529229059), ([[1576, 1127], [1759, 1127], [1759, 1200], [1576, 1200]], '시로 ,', 0.373416144830261), ([[1901, 2779], [1970, 2779], [1970, 2830], [1901, 2830]], '12', 0.999890981179771), ([[1223.3910845259202, 505.0232072895539], [1281.6763576060391, 488.02864250025425], [1324.6089154740798, 651.9767927104461], [1266.3236423939609, 668.9713574997457]], '올', 0.07924069616507268)]
[([[50, 2774], [118, 2774], [118, 2823], [50, 2823]], '13', 0.821739742470463)]
[([[454, 1336], [672, 1336], [672, 1707], [454, 1707]], '', 0.0), ([[744, 1378], [992, 1378], [992, 1553], [744, 1553]], '37', 0.3801643774611518), ([[463, 2218], [686, 2218], [686, 2308], [463, 2308]], '흐약, |', 0.6455885880578854), ([[1915, 2774], [1986, 2774], [1986, 2825], [1915, 2825]], '14', 0.9996032526239991)]
[([[1550, 859], [1750, 859], [1750, 947], [1550, 947]], '끄양 ', 0.27685471925269434), ([[1552, 942], [1701, 942], [1701, 1033], [1552, 1033]], '너무', 0.571320041774943), ([[1555, 1026], [1632, 1026], [1632, 1108], [1555, 1108]], '줄', 0.08081496710412583), ([[41, 2788], [107, 2788], [107, 2836], [41, 2836]], '15', 0.9981930530777532), ([[1630.884251825233, 1029.0781879591534], [1773.677538568325, 1049.7515779907048], [1761.115748174767, 1115.9218120408466], [1618.322461431675, 1095.2484220092952]], '아 ,', 0.7327848114195519), ([[558.6466063783417, 1156.233031891709], [623.6924857024518, 1095.0199973475837], [736.3533936216583, 1229.766968108291], [671.3075142975482, 1291.9800026524163]], ';', 0.3816554792247331)]
[([[1527, 1853], [1665, 1853], [1665, 1922], [1527, 1922]], '시로', 0.9999191633015553), ([[1904, 2779], [1972, 2779], [1972, 2830], [1904, 2830]], '16', 0.49370521033606213)]
[([[374, 1870], [447, 1870], [447, 1963], [374, 1963]], '1', 0.5573503761024909), ([[1523, 1845], [1746, 1845], [1746, 1932], [1523, 1932]], '이런,  ', 0.1912781786335299), ([[960, 2436], [1109, 2436], [1109, 2522], [960, 2522]], '속옷', 0.9999689800604141), ([[852, 2524], [1246, 2524], [1246, 2608], [852, 2608]], '갈아 입어야', 0.8419856082726074), ([[971, 2609], [1118, 2609], [1118, 2693], [971, 2693]], '겪다', 0.8445135517263135), ([[59, 2770], [125, 2770], [125, 2818], [59, 2818]], '17', 0.9996845032710596), ([[1535.235372136918, 1759.041886445954], [1698.9793813985111, 1804.463124507807], [1679.764627863082, 1863.958113554046], [1516.0206186014889, 1818.536875492193]], '아 ', 0.4595880515097596)]
[([[305, 271], [349, 271], [349, 311], [305, 311]], '이', 0.9812899932149435), ([[1101, 217], [1305, 217], [1305, 320], [1101, 320]], '거-', 0.06917145851246823), ([[773, 659], [931, 659], [931, 734], [773, 734]], '안녕?', 0.9807407396425457), ([[1123, 644], [1203, 644], [1203, 701], [1123, 701]], '외', 0.47614087802890026), ([[1592, 1806], [1634, 1806], [1634, 1843], [1592, 1843]], '나', 0.9998875887992007), ([[1586, 1854], [1783, 1854], [1783, 1909], [1586, 1909]], '어젯밤에', 0.9960367679595947), ([[1589, 1910], [1734, 1910], [1734, 1966], [1589, 1966]], '재마는', 0.46415149547147133), ([[1321, 1973], [1468, 1973], [1468, 2029], [1321, 2029]], '우리가', 0.7709109783172607), ([[1604, 1967], [1765, 1967], [1765, 2022], [1604, 2022]], '꿈 찢어', 0.37782621994734034), ([[693, 2043], [791, 2043], [791, 2096], [693, 2096]], '근데', 0.9999881146094074), ([[1008, 2034], [1153, 2034], [1153, 2087], [1008, 2087]], '우리가', 0.9998569819492169), ([[1318, 2023], [1518, 2023], [1518, 2091], [1318, 2091]], '체육관에', 0.997124969959259), ([[322, 2090], [537, 2090], [537, 2143], [322, 2143]], '수업끝나괴', 0.7312415132955579), ([[675, 2099], [823, 2099], [823, 2155], [675, 2155]], '우리가', 0.9863642454147339), ([[1008, 2090], [1205, 2090], [1205, 2146], [1008, 2146]], '단련실에', 0.9971944689750671), ([[1319, 2083], [1468, 2083], [1468, 2147], [1319, 2147]], '아는품', 0.014729588324156996), ([[319, 2133], [499, 2133], [499, 2197], [319, 2197]], '체육관에', 0.9959834218025208), ([[641, 2158], [850, 2158], [850, 2211], [641, 2211]], '그 안에서', 0.9204934279187759), ([[1007, 2143], [1206, 2143], [1206, 2207], [1007, 2207]], '갇현는데', 0.16505306959152222), ([[323, 2193], [462, 2193], [462, 2235], [323, 2235]], '가보자 ,', 0.9997327615394437), ([[321, 2238], [452, 2238], [452, 2290], [321, 2290]], '실제로', 0.9999882308461432), ([[637, 2212], [854, 2212], [854, 2269], [637, 2269]], '"비밀스런', 0.9809514065873995), ([[318, 2283], [536, 2283], [536, 2345], [318, 2345]], '이루 질수되', 0.6368530552556532), ([[640, 2267], [828, 2267], [828, 2329], [640, 2329]], '연애" 틀', 0.9197374522253204), ([[1532, 2257], [1630, 2257], [1630, 2312], [1532, 2312]], '원롭', 0.03983208408498024), ([[321, 2337], [454, 2337], [454, 2393], [321, 2393]], '잇잡아', 0.46505168714034784), ([[639, 2324], [841, 2324], [841, 2380], [639, 2380]], '하느거야', 0.6619268655776978), ([[929, 2320], [1021, 2320], [1021, 2377], [929, 2377]], '흥미', 0.9841309971526873), ([[1213, 2313], [1338, 2313], [1338, 2366], [1213, 2366]], '우리 >', 0.7564358977229522), ([[1530, 2315], [1655, 2315], [1655, 2366], [1530, 2366]], '인데?', 0.978395535804171), ([[911, 2376], [1059, 2376], [1059, 2431], [911, 2431]], '로운데', 0.9983408701614028), ([[1209, 2375], [1362, 2375], [1362, 2419], [1209, 2419]], '그래서 >', 0.6837016082395359), ([[213, 2465], [335, 2465], [335, 2529], [213, 2529]], '절대', 0.999961899461539), ([[540, 2486], [638, 2486], [638, 2539], [540, 2539]], '그만', 0.9999925821627202), ([[211, 2533], [338, 2533], [338, 2599], [211, 2599]], '안돼', 0.7145895116916163), ([[55, 2741], [235, 2741], [235, 2838], [55, 2838]], '[동어', 0.007298135077236491), ([[1895, 2774], [1963, 2774], [1963, 2825], [1895, 2825]], '18', 0.9999985670074514), ([[875.2224168603079, 84.02521964874234], [1207.9848506960566, 163.39721165138175], [1178.777583139692, 261.97478035125766], [846.0151493039433, 181.60278834861825]], '{"사"1', 0.059613201978166656), ([[1341.2111456180003, 197.16130089900093], [1502.5431389889613, 185.8024259297928], [1503.7888543819997, 271.83869910099907], [1342.4568610110387, 283.19757407020717]], '2 /', 0.843457043170929)]
[([[857, 1015], [1269, 1015], [1269, 1111], [857, 1111]], "2017 렌4'", 0.03573726343757856), ([[568, 1112], [1550, 1112], [1550, 1282], [568, 1282]], '꼴;슷나<시`-3둘(아7', 6.858264260404856e-06), ([[729, 1265], [1317, 1265], [1317, 1344], [729, 1344]], '가끔씩 역식본올 들고', 0.9219365225695427), ([[801, 1339], [1252, 1339], [1252, 1414], [801, 1414]], '찾아오겪습니다 ,', 0.2919534047962038), ([[671, 1409], [1176, 1409], [1176, 1486], [671, 1486]], '갑자기 이런식으로', 0.9978577995268184), ([[1193, 1420], [1374, 1420], [1374, 1473], [1193, 1473]], '떠나서', 0.9708116837289864), ([[851, 1479], [1200, 1479], [1200, 1554], [851, 1554]], '죄송합니다 ,,', 0.6872929443980684), ([[767, 1618], [1279, 1618], [1279, 1695], [767, 1695]], '부족한 실력이 지만', 0.9656914823697466), ([[729, 1688], [1317, 1688], [1317, 1765], [729, 1765]], '항상 재밀게 화주서서', 0.20436888760825989), ([[862, 1762], [1191, 1762], [1191, 1835], [862, 1835]], '감사합니다 ,', 0.9687748876606881), ([[697, 1897], [1349, 1897], [1349, 1977], [697, 1977]], '영문-판 속인지가 아으면', 0.23841715716231732), ([[727, 1971], [1315, 1971], [1315, 2046], [727, 2046]], '최대한 킬리터틀 높여', 0.512322106625513), ([[700, 2041], [1351, 2041], [1351, 2116], [700, 2116]], '가져오도록 하켓습니다 ,', 0.3579839131757715), ([[1294, 2115], [1839, 2115], [1839, 2188], [1294, 2188]], '1류 6 / [ 그 7" ^ \'', 0.03851047029521578), ([[961, 2185], [1088, 2185], [1088, 2258], [961, 2258]], '다들', 0.9996833232685679), ([[1298, 2207], [1797, 2207], [1797, 2258], [1298, 2258]], '7( : 2017 05 06 *]#되', 0.062434298864731376), ([[959, 2253], [1088, 2253], [1088, 2328], [959, 2328]], '즐감', 0.40399642431300586), ([[1301, 2257], [1783, 2257], [1783, 2308], [1301, 2308]], ': (] ; ? { (_ -', 0.04648286274277193), ([[1301, 2306], [1588, 2306], [1588, 2359], [1301, 2359]], '74죽 : [처버/ [', 0.04190700166470496), ([[959, 2322], [1090, 2322], [1090, 2397], [959, 2397]], '졸딸', 0.1388113782412329), ([[1298, 2358], [1432, 2358], [1432, 2409], [1298, 2409]], ' # #', 0.1363323548032917), ([[1456, 2360], [1927, 2360], [1927, 2409], [1456, 2409]], '7``하(룹@훌아{3|(0 ;5', 7.591369359408237e-06), ([[844, 2397], [1209, 2397], [1209, 2469], [844, 2469]], '점중러들아 ', 0.38435535387305897), ([[1300, 2407], [1677, 2407], [1677, 2458], [1300, 2458]], '다:켜 :   나|5 #*', 0.0015773183660832296), ([[1297, 2507], [1651, 2507], [1651, 2560], [1297, 2560]], ',*이0 : 7099185', 0.022399066888680194), ([[906, 2539], [1242, 2539], [1242, 2603], [906, 2603]], '베어풍+씨<히', 0.00012694234277791194), ([[1299, 2562], [1470, 2562], [1470, 2604], [1299, 2604]], "{비'{서<)", 0.001332578946620838), ([[1500, 2558], [1696, 2558], [1696, 2608], [1500, 2608]], '@7`( 78', 0.11830360951743356), ([[1247, 2678], [1543, 2678], [1543, 2731], [1247, 2731]], "00)/ ! '다록 ,", 0.011591430781206651), ([[1564, 2674], [1950, 2674], [1950, 2731], [1564, 2731]], '135{7 한 #4 ( # 70', 0.002093967141194147), ([[835, 2730], [1975, 2730], [1975, 2781], [835, 2781]], "1!''(,,50'' 0{'''0+0'!!그0' ''+07 ['1775'/01}", 0.0001350447267444074), ([[811.8525674214488, 2532.0827152079974], [902.2331364280219, 2549.5821443252203], [887.1474325785512, 2616.9172847920026], [796.7668635719781, 2599.4178556747797]], '[0', 0.0013985638846427473)]
[([[80, 123], [236, 123], [236, 216], [80, 216]], '역식', 0.9799347784352707), ([[299, 122], [688, 122], [688, 203], [299, 203]], '꼴|표너4<미히', 2.4068985574476507e-05), ([[248, 2314], [470, 2314], [470, 2410], [248, 2410]], '으락차', 0.10993064036311687), ([[34, 2772], [67, 2772], [67, 2816], [34, 2816]], '3', 0.9414996518977444)]
[([[1437, 863], [1764, 863], [1764, 964], [1437, 964]], '소용없어 !', 0.5417445127510917), ([[1440, 954], [1578, 954], [1578, 1034], [1440, 1034]], '문이', 0.990110212806485), ([[1438, 1038], [1657, 1038], [1657, 1124], [1438, 1124]], '꼼짝도', 0.979258881952621), ([[1443, 1130], [1614, 1130], [1614, 1203], [1443, 1203]], '안해', 0.9990716311955705), ([[251, 1273], [560, 1273], [560, 1357], [251, 1357]], '우리 둘이', 0.9030420121803733), ([[246, 1349], [496, 1349], [496, 1449], [246, 1449]], '해도, ,,', 0.4393120014261231), ([[250, 1445], [541, 1445], [541, 1522], [250, 1522]], '가능이나', 0.9992753863334656), ([[252, 1526], [438, 1526], [438, 1605], [252, 1605]], '할까 ?', 0.5719786882400513), ([[1605, 1996], [1848, 1996], [1848, 2071], [1605, 2071]], '자물쇠가', 0.5745970710384255), ([[917, 2047], [1051, 2047], [1051, 2115], [917, 2115]], '반도 ', 0.9757711291313171), ([[1606, 2069], [1906, 2069], [1906, 2135], [1606, 2135]], '부러지거내', 0.9989604052170218), ([[915, 2112], [1100, 2112], [1100, 2187], [915, 2187]], '휴대존', 0.0679427673105277), ([[1604, 2147], [1718, 2147], [1718, 2197], [1604, 2197]], '어디', 0.9999727732444236), ([[917, 2188], [1071, 2188], [1071, 2257], [917, 2257]], '없냐?', 0.931952086590432), ([[1451, 2178], [1543, 2178], [1543, 2229], [1451, 2229]], '아무', 0.9987182179017096), ([[1449, 2228], [1543, 2228], [1543, 2278], [1449, 2278]], '것도', 0.9176707285780022), ([[1602, 2208], [1819, 2208], [1819, 2280], [1602, 2280]], '막혀나 >', 0.17932389809755075), ([[1451, 2277], [1583, 2277], [1583, 2326], [1451, 2326]], '안보여', 0.6030634132534098), ([[640, 2402], [884, 2402], [884, 2471], [640, 2471]], '달의 실에', 0.7289132964857519), ([[639, 2469], [845, 2469], [845, 2541], [639, 2541]], '잇는데 ,', 0.06429999041892868), ([[644, 2543], [791, 2543], [791, 2600], [644, 2600]], '너도 ?', 0.8975878953933716), ([[1951, 2781], [1984, 2781], [1984, 2819], [1951, 2819]], '4', 0.41343086944756635), ([[839.3373897182308, 244.70121691546925], [1116.2899059035042, 188.70496253161608], [1128.6626102817693, 252.29878308453075], [851.7100940964957, 308.2950374683839]], '"진불어-서신꾸', 0.00013708678360506416), ([[748.1878920427177, 260.2079357836864], [840.7327748042604, 247.42009919051986], [847.8121079572823, 318.7920642163136], [754.2672251957396, 331.57990080948014]], '구묘.', 0.007139849691209644)]
[([[787, 224], [851, 224], [851, 286], [787, 286]], '뭐', 0.9999933242909265), ([[1129, 235], [1330, 235], [1330, 297], [1129, 297]], '그래서', 0.9463612070306889), ([[788, 297], [982, 297], [982, 375], [788, 375]], '방법이', 0.914339974965065), ([[1125, 313], [1259, 313], [1259, 373], [1125, 373]], '이제', 0.9995667578902836), ([[788, 376], [930, 376], [930, 451], [788, 451]], '잇냐', 0.20467868315847845), ([[1127, 392], [1358, 392], [1358, 447], [1127, 447]], '어쩌찌 >', 0.5483813018215397), ([[646, 772], [670, 772], [670, 814], [646, 814]], '커', 0.001407796718567944), ([[773, 826], [1019, 826], [1019, 903], [773, 903]], '농구부가', 0.9991387724876404), ([[775, 901], [1064, 901], [1064, 968], [775, 968]], '새벽6시에', 0.9869538492671547), ([[1186, 867], [1446, 867], [1446, 944], [1186, 944]], '아침까지', 0.978559136390686), ([[774, 972], [892, 972], [892, 1027], [774, 1027]], '와서', 0.999798459719377), ([[1187, 951], [1453, 951], [1453, 1013], [1187, 1013]], '기다리자', 0.9992624521255493), ([[774, 1035], [1083, 1035], [1083, 1113], [774, 1113]], '연습활거야', 0.4434743018432504), ([[1394, 1351], [1521, 1351], [1521, 1420], [1394, 1420]], '에? |', 0.8163289208289224), ([[1252, 1401], [1373, 1401], [1373, 1467], [1252, 1467]], '내일', 0.9998834238073295), ([[719, 1497], [903, 1497], [903, 1570], [719, 1570]], '진장 ', 0.14102613118520071), ([[1230, 1471], [1413, 1471], [1413, 1539], [1230, 1539]], '일요일', 0.9999057784641151), ([[1230, 1543], [1413, 1543], [1413, 1611], [1230, 1611]], '이 잡아', 0.6639259457588196), ([[614, 1899], [762, 1899], [762, 1948], [614, 1948]], '그래도', 0.9999437009407194), ([[780, 1907], [826, 1907], [826, 1947], [780, 1947]], '나', 0.9994693506587851), ([[612, 1946], [812, 1946], [812, 2011], [612, 2011]], '배고프단', 0.9778702259063721), ([[1017, 1951], [1212, 1951], [1212, 2024], [1017, 2024]], '괜찮아 _', 0.957825153938418), ([[617, 2014], [721, 2014], [721, 2067], [617, 2067]], '말야', 0.9725476544924481), ([[1018, 2022], [1141, 2022], [1141, 2090], [1018, 2090]], '죽진', 0.6463438081654461), ([[1017, 2091], [1266, 2091], [1266, 2163], [1017, 2163]], '않울거야', 0.7168309688568115), ([[795, 2367], [944, 2367], [944, 2428], [795, 2428]], '그정도', 0.9974728111823878), ([[797, 2426], [944, 2426], [944, 2481], [797, 2481]], '허기논', 0.8974741042340756), ([[799, 2482], [962, 2482], [962, 2539], [799, 2539]], '좀 참아', 0.95708061171804), ([[798, 2535], [947, 2535], [947, 2599], [798, 2599]], '괜찮올', 0.46812536125143484), ([[799, 2601], [906, 2601], [906, 2645], [799, 2645]], '거야 ,', 0.983888566493988), ([[49, 2785], [80, 2785], [80, 2825], [49, 2825]], '5', 0.43699754122912715), ([[649.3204595160191, 812.0779759188824], [674.0344523880389, 809.1839907214498], [679.6795404839809, 860.9220240811176], [653.9655476119611, 863.8160092785502]], '3', 0.1968755485324971)]
[([[443, 618], [537, 618], [537, 663], [443, 663]], '여기', 0.9999785051749225), ([[443, 671], [539, 671], [539, 724], [443, 724]], '너무', 0.9999238836400849), ([[443, 727], [541, 727], [541, 778], [443, 778]], '더위', 0.9647174657237596), ([[1116, 1103], [1248, 1103], [1248, 1160], [1116, 1160]], '6월이', 0.9887157446485273), ([[1122, 1169], [1215, 1169], [1215, 1209], [1122, 1209]], '다가', 0.9999908962928589), ([[1120, 1215], [1316, 1215], [1316, 1275], [1120, 1275]], '오니까 , , ,', 0.8374204150717169), ([[214, 1373], [265, 1373], [265, 1426], [214, 1426]], '엉', 0.9889780500991243), ([[400, 1396], [596, 1396], [596, 1456], [400, 1456]], '미안한데', 0.9852632284164429), ([[212, 1427], [317, 1427], [317, 1479], [212, 1479]], '그래', 0.9999780837091168), ([[460, 1459], [511, 1459], [511, 1503], [460, 1503]], '나', 0.9996449070547762), ([[398, 1505], [503, 1505], [503, 1572], [398, 1572]], '옷종', 0.41465729819196734), ([[400, 1561], [549, 1561], [549, 1625], [400, 1625]], '빗율계', 0.1994872044153458), ([[564, 2036], [691, 2036], [691, 2090], [564, 2090]], '진짜 ?', 0.5401456207755583), ([[1418, 2054], [1509, 2054], [1509, 2107], [1418, 2107]], '털이', 0.9966848234196997), ([[564, 2089], [781, 2089], [781, 2151], [564, 2151]], '털 없으면', 0.9991901562610371), ([[1415, 2107], [1561, 2107], [1561, 2164], [1415, 2164]], '걸리 적', 0.9754723765429207), ([[565, 2149], [715, 2149], [715, 2206], [565, 2206]], '월입면', 0.24255633236437907), ([[1415, 2161], [1611, 2161], [1611, 2224], [1415, 2224]], '거려서 ,', 0.6705216611784837), ([[565, 2203], [724, 2203], [724, 2258], [565, 2258]], '추운데 ,', 0.7569972767519296), ([[875, 2293], [969, 2293], [969, 2348], [875, 2348]], '특히', 0.9998277923202521), ([[872, 2350], [1033, 2350], [1033, 2410], [872, 2410]], '여름엔,', 0.6594173908233643), ([[873, 2410], [978, 2410], [978, 2465], [873, 2465]], '가끔', 0.7164973748745076), ([[989, 2415], [1087, 2415], [1087, 2457], [989, 2457]], '너가', 0.7710089601695123), ([[875, 2464], [1034, 2464], [1034, 2519], [875, 2519]], '부러워 ,', 0.6779144830060122), ([[478, 2555], [531, 2555], [531, 2597], [478, 2597]], '하', 0.999313114857646), ([[1947, 2782], [1983, 2782], [1983, 2826], [1947, 2826]], '6', 0.7017637694596632)]
[([[866, 243], [1000, 243], [1000, 287], [866, 287]], '하기야', 0.9917234182357788), ([[601, 317], [647, 317], [647, 350], [601, 350]], '아', 0.9986679224647474), ([[851, 288], [1036, 288], [1036, 341], [851, 341]], '너랑 나는', 0.7047522643348916), ([[599, 356], [685, 356], [685, 409], [599, 409]], '좋다', 0.8609259206858147), ([[853, 338], [937, 338], [937, 388], [853, 388]], '종이', 0.9995682749846035), ([[854, 390], [977, 390], [977, 432], [854, 432]], '다르니', 0.9963111769162599), ([[848, 432], [1025, 432], [1025, 495], [848, 495]], '차이날수', 0.9863386750221252), ([[852, 492], [943, 492], [943, 536], [852, 536]], '밖에', 0.6820700310326102), ([[457, 920], [591, 920], [591, 973], [457, 973]], '우리가', 0.9998474153920239), ([[453, 965], [649, 965], [649, 1028], [453, 1028]], '항상 연습', 0.8194744660942916), ([[457, 1019], [685, 1019], [685, 1070], [457, 1070]], '할때마다 저', 0.814224359665967), ([[459, 1067], [634, 1067], [634, 1120], [459, 1120]], '훈도시가', 0.8291672468185425), ([[458, 1111], [691, 1111], [691, 1172], [458, 1172]], '날 당황하게', 0.9738855741856032), ([[457, 1168], [634, 1168], [634, 1221], [457, 1221]], '한단말야', 0.9975203275680542), ([[1306, 1542], [1434, 1542], [1434, 1584], [1306, 1584]], '그리고', 0.9999953198664192), ([[852, 1578], [993, 1578], [993, 1623], [852, 1623]], '진짜 년', 0.9582244516050764), ([[1303, 1586], [1394, 1586], [1394, 1639], [1303, 1639]], '지금', 0.9999232935974118), ([[847, 1619], [1080, 1619], [1080, 1679], [847, 1679]], '음란한 몸올', 0.8255978676886803), ([[1303, 1634], [1437, 1634], [1437, 1689], [1303, 1689]], '눈앞에', 0.9992820467616574), ([[849, 1677], [977, 1677], [977, 1717], [849, 1717]], '가지고', 0.8830218744144802), ([[851, 1724], [1018, 1724], [1018, 1774], [851, 1774]], '잇구나 ,,,', 0.21258978390811206), ([[519, 1916], [583, 1916], [583, 1956], [519, 1956]], '뭐 ?', 0.5320338752994075), ([[328, 2176], [373, 2176], [373, 2209], [328, 2209]], '약', 0.3294365203992733), ([[896, 2399], [1041, 2399], [1041, 2447], [896, 2447]], '진짜 년', 0.6577661668018632), ([[891, 2440], [1125, 2440], [1125, 2503], [891, 2503]], '음란한 몸올', 0.7660878643702139), ([[894, 2501], [1024, 2501], [1024, 2541], [894, 2541]], '가지고', 0.9992329102337665), ([[893, 2545], [1066, 2545], [1066, 2596], [893, 2596]], '잇구나 ,,', 0.5260383455008469)]
[([[1466, 210], [1515, 210], [1515, 248], [1466, 248]], '왜', 0.996574955435392), ([[1214, 253], [1319, 253], [1319, 293], [1214, 293]], '아니', 0.9999218606370588), ([[1447, 248], [1623, 248], [1623, 309], [1447, 309]], "'지금갈은", 0.36051543228858196), ([[1452, 309], [1539, 309], [1539, 347], [1452, 347]], '때에', 0.6560913298700503), ([[1069, 360], [1109, 360], [1109, 391], [1069, 391]], '어', 0.9999884367323411), ([[1449, 349], [1621, 349], [1621, 404], [1449, 404]], '그런말을', 0.5933117001970631), ([[1070, 397], [1222, 397], [1222, 435], [1070, 435]], '그러니까 ', 0.9929442521525895), ([[492, 426], [619, 426], [619, 466], [492, 466]], '시끄러', 0.6330105662345886), ([[1070, 440], [1222, 440], [1222, 482], [1070, 482]], '그게말야 ,', 0.953931423816497), ([[952, 569], [985, 569], [985, 596], [952, 596]], '너', 0.9997738727625496), ([[991, 557], [1114, 557], [1114, 611], [991, 611]], '굉장한', 0.9842318987086298), ([[296, 611], [410, 611], [410, 653], [296, 653]], '미안해', 0.9994997240969526), ([[947, 601], [1025, 601], [1025, 649], [947, 649]], '몸올', 0.8670997798124437), ([[948, 651], [1060, 651], [1060, 687], [948, 687]], '가지고', 0.9927936026154838), ([[948, 692], [1076, 692], [1076, 734], [948, 734]], '있다고', 0.9495495087807195), ([[659, 1053], [721, 1053], [721, 1108], [659, 1108]], '헤', 0.8942144323518733), ([[1533, 1473], [1596, 1473], [1596, 1517], [1533, 1517]], '야', 0.994104517194728), ([[1032, 1547], [1292, 1547], [1292, 1611], [1032, 1611]], '사다미 초 |', 0.23941489841397579), ([[1534, 1531], [1712, 1531], [1712, 1600], [1534, 1600]], '똑바로', 0.954785943031311), ([[1530, 1599], [1681, 1599], [1681, 1674], [1530, 1674]], '서보 ,', 0.5511057095586821), ([[1259, 2478], [1496, 2478], [1496, 2554], [1259, 2554]], '헤액, > |', 0.13138807504240796), ([[1961, 2773], [1998, 2773], [1998, 2820], [1961, 2820]], '8', 1.0)]
[([[1628, 258], [1670, 258], [1670, 295], [1628, 295]], '너', 0.999945522096656), ([[1622, 299], [1819, 299], [1819, 363], [1622, 363]], '평소보다', 0.9989126920700073), ([[1625, 362], [1772, 362], [1772, 418], [1625, 418]], '상처가', 0.9999566400512343), ([[1625, 421], [1725, 421], [1725, 476], [1625, 476]], '많아', 0.9994075510189067), ([[1627, 473], [1819, 473], [1819, 528], [1627, 528]], '보이논데', 0.6531211774332825), ([[488, 567], [686, 567], [686, 629], [488, 629]], '대회가 , ,', 0.6436854924669504), ([[491, 628], [539, 628], [539, 681], [491, 681]], '곧', 0.9999139327449171), ([[492, 692], [588, 692], [588, 732], [492, 732]], '다가', 0.9999765664326473), ([[488, 738], [638, 738], [638, 802], [488, 802]], '오잡아', 0.6518146991729736), ([[740, 972], [838, 972], [838, 1027], [740, 1027]], '보통', 0.9999956167305686), ([[1089, 968], [1189, 968], [1189, 1023], [1089, 1023]], '그럼', 0.9998414965210524), ([[740, 1028], [944, 1028], [944, 1084], [740, 1084]], '안끼논데 _', 0.47526612613748753), ([[1090, 1021], [1287, 1021], [1287, 1082], [1090, 1082]], '보호구틀', 0.1864536702632904), ([[743, 1085], [953, 1085], [953, 1140], [743, 1140]], '내 피부가', 0.7702983867216584), ([[1089, 1078], [1192, 1078], [1192, 1135], [1089, 1135]], '착용', 0.6324732307771822), ([[740, 1143], [949, 1143], [949, 1196], [740, 1196]], '다 떨어저', 0.8528364826198983), ([[1089, 1136], [1239, 1136], [1239, 1189], [1089, 1189]], '하단가', 0.31775257186586864), ([[742, 1199], [935, 1199], [935, 1252], [742, 1252]], '나간다고', 0.9553474187850952), ([[859, 1440], [960, 1440], [960, 1502], [859, 1502]], '그럼', 0.9987431595557866), ([[486, 1508], [582, 1508], [582, 1561], [486, 1561]], '별거', 0.9026065125678717), ([[863, 1504], [909, 1504], [909, 1546], [863, 1546]], '그', 0.9996818557141616), ([[487, 1572], [585, 1572], [585, 1611], [487, 1611]], '아냐', 0.9994174959632995), ([[860, 1554], [1007, 1554], [1007, 1614], [860, 1614]], '상처는', 0.3987421859394558), ([[555, 1918], [608, 1918], [608, 1960], [555, 1960]], '하', 0.9990227227101514), ([[620, 2226], [714, 2226], [714, 2268], [620, 2268]], '니가', 0.40513812700547547), ([[615, 2274], [806, 2274], [806, 2336], [615, 2336]], '싫어하지', 0.7357025742530823), ([[613, 2328], [813, 2328], [813, 2394], [613, 2394]], '양아으면', 0.7191835641860962), ([[956, 2351], [1005, 2351], [1005, 2407], [956, 2407]], '좀', 0.9996758962067851), ([[613, 2391], [664, 2391], [664, 2435], [613, 2435]], '해', 0.999961018942205), ([[954, 2403], [1201, 2403], [1201, 2466], [954, 2466]], '으외지 만 ,, ', 0.4255774252297253), ([[38, 2776], [69, 2776], [69, 2816], [38, 2816]], '9', 0.9559650090560715)]
[([[1454, 276], [1697, 276], [1697, 441], [1454, 441]], '!!!?', 0.22106724977493286), ([[596, 737], [835, 737], [835, 826], [596, 826]], '뭐하는', 0.6626571857133957), ([[598, 834], [848, 834], [848, 920], [598, 920]], '짓이 야', 0.46878042817115784), ([[838, 885], [856, 885], [856, 912], [838, 912]], '1', 0.7162259195197862), ([[601, 921], [789, 921], [789, 998], [601, 998]], '시로}', 0.22747083193896114), ([[1376, 1382], [1509, 1382], [1509, 1495], [1376, 1495]], '(:화-', 0.02231077291071415), ([[1519, 1456], [1574, 1456], [1574, 1489], [1519, 1489]], '-- -', 0.22267208993434906), ([[1371, 1707], [1470, 1707], [1470, 1746], [1371, 1746]], '자아', 0.99665998104344), ([[1369, 1763], [1461, 1763], [1461, 1805], [1369, 1805]], '어디', 0.9999876931424155), ([[1365, 1804], [1513, 1804], [1513, 1869], [1365, 1869]], '부분이', 0.9999198875299984), ([[1369, 1873], [1488, 1873], [1488, 1915], [1369, 1915]], '아퍼?', 0.2931093689313128), ([[544, 2371], [666, 2371], [666, 2437], [544, 2437]], '그냥', 0.9987974251361158), ([[541, 2436], [727, 2436], [727, 2498], [541, 2498]], '치료해', 0.9977449288042645), ([[1033, 2437], [1095, 2437], [1095, 2494], [1033, 2494]], '예', 0.45885968743064964), ([[543, 2507], [786, 2507], [786, 2580], [543, 2580]], '줄테니까', 0.7369954586029053), ([[1031, 2509], [1122, 2509], [1122, 2564], [1031, 2564]], '뭐 ?', 0.9306551218032837), ([[544, 2578], [659, 2578], [659, 2644], [544, 2644]], '좀 ,', 0.33700940012931824), ([[1926, 2774], [1993, 2774], [1993, 2823], [1926, 2823]], '10', 0.9995773775646863), ([[607.9696913521816, 649.0666234117981], [781.7504216358205, 671.0173340001389], [769.0303086478184, 741.9333765882019], [594.2495783641795, 718.9826659998611]], '뭐 ,', 0.8544385058150045)]
