2535198
40
[([[950, 18], [974, 18], [974, 88], [950, 88]], '몇', 0.03993256909740617), ([[768, 68], [844, 68], [844, 150], [768, 150]], "')", 0.5143579295943982), ([[948, 91], [974, 91], [974, 164], [948, 164]], '몇', 0.012446576623060202), ([[828, 154], [880, 154], [880, 212], [828, 212]], '~', 0.15245178491217448), ([[948, 167], [974, 167], [974, 228], [948, 228]], '등', 0.04036609229114618), ([[771, 201], [840, 201], [840, 326], [771, 326]], '~', 0.9434854174907379), ([[949, 257], [985, 257], [985, 395], [949, 395]], "'", 0.7382223879710779), ([[953, 413], [969, 413], [969, 501], [953, 501]], "'", 0.7523410731370319), ([[953, 507], [969, 507], [969, 529], [953, 529]], '응', 0.043839554187791174), ([[953, 535], [969, 535], [969, 621], [953, 621]], "'", 0.8138405941764439), ([[909, 667], [945, 667], [945, 717], [909, 717]], '~', 0.8996442926024919), ([[24, 1248], [48, 1248], [48, 1310], [24, 1310]], '돌', 0.04753476369619336), ([[24, 1314], [48, 1314], [48, 1396], [24, 1396]], '틀', 0.21372437857738547), ([[846.3425418378304, 688.0309434810015], [898.2996443745889, 683.3885224230569], [905.6574581621696, 807.9690565189985], [853.7003556254111, 811.6114775769431]], '{', 0.48434735864058), ([[919.230342157116, 1198.0747450012914], [949.7619098734212, 1190.0732337292902], [965.769657842884, 1256.9252549987086], [935.2380901265788, 1264.9267662707098]], '{', 0.7227410183650704)]
[([[683, 151], [809, 151], [809, 187], [683, 187]], '왜 안돼요?', 0.9225256085597454), ([[601, 317], [658, 317], [658, 354], [601, 354]], '그냥.', 0.9881615309792479), ([[418, 462], [478, 462], [478, 488], [418, 488]], '.조상은', 0.24256661534309387), ([[420, 492], [542, 492], [542, 520], [420, 520]], '말하지 %젯지만;', 0.273077666468114), ([[418, 520], [550, 520], [550, 548], [418, 548]], '전 말걀 수 잇어요', 0.5833965612545597), ([[617, 515], [785, 515], [785, 557], [617, 557]], '당화하것 같아:', 0.614356357968551), ([[58, 554], [88, 554], [88, 594], [58, 594]], '곧', 0.9985946589414461), ([[617, 559], [845, 559], [845, 601], [617, 601]], '분명 날 좋아하느거야.', 0.45499635174655734), ([[151, 1147], [307, 1147], [307, 1191], [151, 1191]], '만지고 싶어.', 0.79685450823408)]
[]
[([[122, 202], [196, 202], [196, 232], [122, 232]], "'.아무것도", 0.7450249135335278), ([[99, 235], [168, 235], [168, 265], [99, 265]], '아니에요', 0.9989330768585205), ([[349, 509], [401, 509], [401, 545], [349, 545]], '뛰야', 0.7099211533306478), ([[176, 720], [220, 720], [220, 750], [176, 750]], '정말', 0.9995655779285009), ([[140, 752], [252, 752], [252, 784], [140, 784]], '오래 걸로어요', 0.4034083618209148), ([[61, 805], [163, 805], [163, 841], [61, 841]], '보고싶없어요', 0.6406978199754132), ([[297.25906735198186, 172.1170984046658], [459.26555424718686, 160.02388590866056], [460.74093264801814, 271.8829015953342], [299.73444575281314, 283.9761140913394]], '>66', 0.005266847995702304)]
[([[585, 537], [679, 537], [679, 597], [585, 597]], '-괴', 0.002419960900501699), ([[78, 867], [158, 867], [158, 907], [78, 907]], '타키야', 0.5508226425073237), ([[312, 1114], [410, 1114], [410, 1144], [312, 1144]], '손 차가워요', 0.9684307509551294), ([[477, 1145], [629, 1145], [629, 1181], [477, 1181]], '또 감기 결리면', 0.7035108222516493), ([[477, 1185], [575, 1185], [575, 1221], [477, 1221]], '안돼니까', 0.4720468521118164), ([[360, 1234], [448, 1234], [448, 1266], [360, 1266]], '사위하고', 0.824668824672699), ([[356, 1272], [489, 1272], [489, 1310], [356, 1310]], '몸 데우고 와:', 0.9182806801792501), ([[170, 1294], [198, 1294], [198, 1320], [170, 1320]], '아:', 0.37786816971946857), ([[52.42507074287456, 690.8550424457247], [223.07106781186548, 627.9289321881345], [250.57492925712543, 707.1449575542753], [80.92893218813452, 770.0710678118655]], '[때', 0.030434131930330167)]
[([[705, 89], [792, 89], [792, 127], [705, 127]], '#-내4', 0.016349676996469498), ([[704, 490], [835, 490], [835, 554], [704, 554]], '@0어씨', 0.004947785288095474), ([[560, 974], [644, 974], [644, 1006], [560, 1006]], '나 아까', 0.9827178265808604), ([[559, 1011], [697, 1011], [697, 1049], [559, 1049]], '거부당한건가:', 0.5300252765259857), ([[705, 1017], [719, 1017], [719, 1041], [705, 1041]], '?', 0.9889352538280605), ([[139, 1175], [221, 1175], [221, 1211], [139, 1211]], '미안해:', 0.6687484383583069), ([[131, 1219], [205, 1219], [205, 1255], [131, 1255]], '타기야', 0.9337175262957437)]
[([[625, 333], [815, 333], [815, 375], [625, 375]], '어린애 취급하는건', 0.4316347800414805), ([[623, 375], [807, 375], [807, 417], [623, 417]], '오늘이 마지막이야.', 0.5177375128161444), ([[67, 399], [221, 399], [221, 439], [67, 439]], '원해지논거에', 0.3186310219792852), ([[65, 445], [221, 445], [221, 489], [65, 489]], '익숙하지않아', 0.9051470073230796), ([[391, 825], [511, 825], [511, 861], [391, 861]], '이해하켓지:', 0.4001970950688032)]
[([[539, 103], [685, 103], [685, 141], [539, 141]], '사위 잘해어요', 0.6988519095921015), ([[82, 366], [225, 366], [225, 409], [82, 409]], '호조상이야말로', 0.59812480173401), ([[55, 409], [235, 409], [235, 447], [55, 447]], '감기 결질 거 에요', 0.5040838296017185), ([[226, 514], [270, 514], [270, 538], [226, 538]], '그래.', 0.5201981408607347), ([[788, 1064], [842, 1064], [842, 1096], [788, 1096]], '아까.', 0.9822224167434384), ([[243, 1125], [283, 1125], [283, 1161], [243, 1161]], '1"', 0.6694828210306728), ([[689, 1145], [789, 1145], [789, 1183], [689, 1183]], '문 앞에서', 0.9989941557985774), ([[689, 1185], [777, 1185], [777, 1223], [689, 1223]], '흥분하 거', 0.8438531794865932), ([[687, 1225], [777, 1225], [777, 1261], [687, 1261]], '죄송해요', 0.9812824130058289), ([[501.04405590008355, 713.3277621102424], [590.7463179046754, 700.3295141537177], [595.9559440999165, 753.6722378897576], [506.2536820953247, 765.6704858462823]], '뒤3)', 0.007166476720138562)]
[([[243, 341], [339, 341], [339, 403], [243, 403]], '꿀까', 0.08220376486052429), ([[118, 624], [148, 624], [148, 652], [118, 652]], '아', 0.999803671937233), ([[76, 734], [118, 734], [118, 758], [76, 758]], '이제', 0.9988360182637285), ([[37, 763], [157, 763], [157, 799], [37, 799]], '꼼짝못하켓네.', 0.8754990687166043), ([[30, 963], [121, 963], [121, 1017], [30, 1017]], '피@', 0.012025296144849046), ([[203, 1069], [303, 1069], [303, 1155], [203, 1155]], '째', 0.00760217833601079), ([[0, 1197], [147, 1197], [147, 1307], [0, 1307]], '0내', 0.39344855889153935)]
[([[527, 81], [579, 81], [579, 117], [527, 117]], '낭:5 ,', 0.009054609043862172), ([[103, 783], [179, 783], [179, 819], [103, 819]], '미안해.', 0.8239545226097107), ([[137, 899], [209, 899], [209, 935], [137, 935]], '갑자기', 0.6169232040684846), ([[111, 941], [233, 941], [233, 977], [111, 977]], '하고 싶없어:', 0.5261606373693839), ([[135, 1179], [299, 1179], [299, 1357], [135, 1357]], '평', 0.9997704160870313), ([[246.33012851325435, 73.66602570265087], [503.68594608885184, -46.221594313325156], [561.6698714867456, 78.33397429734913], [305.31405391114816, 199.22159431332517]], '(@직사', 0.02021178975701332), ([[223.0064985989292, 557.1253445358238], [296.89575811521644, 571.0927686581002], [289.99350140107083, 603.8746554641762], [216.10424188478356, 589.9072313418998]], "+내{게'", 0.0011706405945447027)]
[([[776, 706], [824, 706], [824, 732], [776, 732]], '잠깐', 0.9260654852419365), ([[670, 780], [710, 780], [710, 806], [670, 806]], '먼저', 0.9948227377646676), ([[613, 915], [709, 915], [709, 951], [613, 951]], '괜찮아요', 0.8237630128860474), ([[602, 955], [716, 955], [716, 993], [602, 993]], '상관없어요', 0.9971749514210209), ([[37, 1107], [213, 1107], [213, 1143], [37, 1143]], '너라면 괜찮지만;', 0.5737610771494448), ([[37, 1145], [213, 1145], [213, 1185], [37, 1185]], '난 별로 안좋아해.', 0.5725151439141528), ([[219, 1155], [231, 1155], [231, 1177], [219, 1177]], '!', 0.9999004627202659), ([[246, 1234], [328, 1234], [328, 1266], [246, 1266]], '걱정마요', 0.9990979433059692), ([[221, 1269], [349, 1269], [349, 1307], [221, 1307]], '좋은 냄새나요', 0.624324402724164), ([[708.6027607015021, 781.345245332854], [747.2928744505236, 778.0653871823706], [748.3972392984979, 805.654754667146], [710.7071255494764, 808.9346128176294]], '셋고', 0.8633216969398877)]
[([[20, 62], [136, 62], [136, 114], [20, 114]], '7-18', 0.9963479042053223), ([[131, 87], [239, 87], [239, 107], [131, 107]], '4진신7 레', 0.003311990170622554), ([[21, 978], [590, 978], [590, 1107], [21, 1107]], '7-!7-17-', 0.5414117075203156), ([[66, 1094], [232, 1094], [232, 1126], [66, 1126]], '^ + + @ [', 0.23047735962601804), ([[262, 1093], [433, 1093], [433, 1131], [262, 1131]], '5 + 0 5 거', 0.13728822383975658)]
[([[171, 193], [191, 193], [191, 259], [171, 259]], '', 0.0), ([[755, 255], [821, 255], [821, 293], [755, 293]], '내말은', 0.9626554076243535), ([[724, 296], [836, 296], [836, 328], [724, 328]], '그게 아니고', 0.797836913562685), ([[330, 382], [386, 382], [386, 410], [330, 410]], '에 ?', 0.4392824001134934), ([[167, 463], [255, 463], [255, 499], [167, 499]], '죄송해요', 0.9824149012565613), ([[773, 503], [859, 503], [859, 541], [773, 541]], '(볕렌4', 0.00037827680353075266), ([[698, 1016], [752, 1016], [752, 1046], [698, 1046]], '하아:', 0.5662430915126457), ([[52.53846153846154, 235.69230769230768], [173.1240598943055, 200.4048585753633], [190.46153846153845, 276.3076923076923], [69.8759401056945, 311.5951414246367]], '씨빠', 0.006747142891603836)]
[([[217, 623], [255, 623], [255, 639], [217, 639]], '"-볶', 0.0019493324567297987), ([[72, 868], [102, 868], [102, 896], [72, 896]], '아:', 0.603318269623666), ([[728, 1022], [776, 1022], [776, 1050], [728, 1050]], '히)', 0.04846183845720176), ([[581, 1079], [623, 1079], [623, 1115], [581, 1115]], '뺨', 0.2518616874406234), ([[368, 1100], [404, 1100], [404, 1128], [368, 1128]], ':?3', 0.005323334969129404), ([[163, 1141], [221, 1141], [221, 1179], [163, 1179]], '아앗:', 0.4583975314505216), ([[26, 1194], [66, 1194], [66, 1218], [26, 1218]], "'하아", 0.9491154323402075), ([[137.41000317999047, 1262.4560050879847], [183.49615088301354, 1258.3358994113244], [185.58999682000953, 1283.5439949120153], [139.50384911698646, 1287.6641005886756]], '-4후', 0.0017606518273960625)]
[([[589, 243], [665, 243], [665, 283], [589, 283]], '호조상.', 0.8285259008407593), ([[0, 1050], [130, 1050], [130, 1152], [0, 1152]], '꿀쩍', 0.3078623547380501), ([[163, 1157], [279, 1157], [279, 1247], [163, 1247]], '@양', 0.020222245567750638)]
[([[289, 129], [367, 129], [367, 165], [289, 165]], '타초야.', 0.33966726064682007), ([[720, 680], [764, 680], [764, 712], [720, 712]], '그거', 0.9996126081497587), ([[699, 719], [789, 719], [789, 759], [699, 759]], '기분좋아:', 0.9517318033356185), ([[380, 1040], [484, 1040], [484, 1088], [380, 1088]], '계속해', 0.980523545562622), ([[262, 1332], [616, 1332], [616, 1360], [262, 1360]], '-실라칭형어 @/ 물커볕같3응7/벤리마치리교곤어 조+^', 2.677675221096748e-08)]
[([[613, 67], [675, 67], [675, 153], [613, 153]], '', 0.0), ([[212, 592], [284, 592], [284, 620], [212, 620]], '더럽다고', 0.9941946864128113), ([[220, 624], [286, 624], [286, 654], [220, 654]], '햇째아.', 0.28509578108787537), ([[412, 624], [452, 624], [452, 652], [412, 652]], '아앗', 0.7625755441747005), ([[453, 673], [471, 673], [471, 695], [453, 695]], '아', 0.9994324059267825), ([[730, 670], [792, 670], [792, 700], [730, 700]], '타 키:', 0.19208668172359467), ([[810, 1036], [896, 1036], [896, 1092], [810, 1092]], '#탕', 0.0445573847934814), ([[71, 1117], [165, 1117], [165, 1155], [71, 1155]], '죄송해요', 0.9764784574508667), ([[45, 1159], [153, 1159], [153, 1197], [45, 1197]], '아프어요?', 0.24075098381762786), ([[453, 1137], [517, 1137], [517, 1211], [453, 1211]], '(0', 0.20360177649913902), ([[723, 1275], [777, 1275], [777, 1315], [723, 1315]], '아앗:', 0.17651906303538684), ([[538.3425356716738, 614.1508177761801], [692.1010931700416, 566.9590855856367], [712.6574643283262, 650.8491822238199], [559.8989068299584, 698.0409144143633]], '[>', 0.03178181084154822), ([[308.14471515106385, 614.0458509048937], [422.89115139065717, 656.6848081015571], [395.85528484893615, 722.9541490951063], [281.10884860934283, 680.3151918984429]], "'헤?늘", 0.00966438464820385), ([[480.0293498376011, 634.0790340093668], [561.7375851679119, 656.2449739486387], [546.9706501623989, 706.9209659906332], [465.26241483208804, 685.7550260513613]], '[피교움 `', 0.00021565763696997575), ([[6.01725006864053, 684.4552002196497], [151.22641857147698, 648.0877735403263], [167.98274993135948, 735.5447997803503], [21.77358142852301, 771.9122264596737]], '대키권', 0.012283928040759638), ([[611.0748539593628, 682.0614046952215], [705.7455813349669, 710.129937847732], [685.9251460406372, 770.9385953047785], [591.2544186650331, 741.870062152268]], ':끼(', 0.0074129878268075185), ([[341.4871464448379, 889.4665807565785], [446.39807201458376, 869.5434521740065], [454.5128535551621, 928.5334192434215], [349.60192798541624, 949.4565478259935]], '[>끗}', 0.005140833556652069), ([[665.3183180150093, 959.2912904420258], [735.9680318064596, 951.9578422817143], [738.6816819849907, 996.7087095579742], [668.0319681935404, 1004.0421577182857]], '-"@&', 0.0001408344105584547), ([[483.26912441760913, 1075.0334561519398], [570.8698620396639, 1146.5628947579744], [527.7308755823908, 1199.9665438480602], [440.1301379603361, 1128.4371052420256]], '{)', 0.509044166231015)]
[([[20, 40], [218, 40], [218, 160], [20, 160]], '대', 0.03274276800113185), ([[442, 300], [541, 300], [541, 351], [442, 351]], '@찌토', 0.01275629773312816), ([[684, 628], [732, 628], [732, 660], [684, 660]], '아니', 0.9940180412649288), ([[719, 745], [867, 745], [867, 781], [719, 781]], '나도 너 만질래.', 0.8062591103523936), ([[211, 759], [273, 759], [273, 803], [211, 803]], ',정못', 1.926488295062354e-05), ([[551, 953], [629, 953], [629, 989], [551, 989]], '가까위.', 0.7479441165924072), ([[363, 991], [423, 991], [423, 1027], [363, 1027]], '', 0.0), ([[358, 1042], [404, 1042], [404, 1068], [358, 1068]], "어'", 0.0029404435278510737), ([[54, 1095], [189, 1095], [189, 1167], [54, 1167]], "[)대 '", 0.014338011921963663), ([[483, 1101], [585, 1101], [585, 1141], [483, 1141]], '지금 바로', 0.8940219877205493), ([[467, 1145], [599, 1145], [599, 1189], [467, 1189]], '갈 것 같아:', 0.6865444879235582)]
[([[194, 142], [242, 142], [242, 168], [194, 168]], '하아.', 0.6845520734786987), ([[432, 122], [488, 122], [488, 172], [432, 172]], '때내', 0.029542746472787318), ([[373, 665], [421, 665], [421, 701], [373, 701]], '호조.', 0.9476773127967675), ([[316, 752], [350, 752], [350, 784], [316, 784]], '상:', 0.9865268509312881), ([[686, 1158], [722, 1158], [722, 1190], [686, 1190]], '저', 0.9897507946601678), ([[658, 1200], [694, 1200], [694, 1230], [658, 1230]], '저', 0.9913559412496262), ([[709, 1196], [826, 1196], [826, 1235], [709, 1235]], '넣고 싶어요', 0.8251753381057186), ([[533.8363533994712, 75.06172195502977], [662.0325912295033, 99.48922254797529], [642.1636466005288, 190.93827804497025], [512.9674087704967, 166.5107774520247]], '짓쓰@', 0.0012980141947306686), ([[23.256705853752834, 557.3310352683776], [49.837610596838616, 554.4537322194531], [51.743294146247166, 567.6689647316224], [25.162389403161384, 570.5462677805469]], '&;', 0.01250705502686024)]
[([[647, 215], [787, 215], [787, 255], [647, 255]], '저 권돈도 잇고', 0.10976924073413089), ([[846, 368], [900, 368], [900, 422], [846, 422]], '뼈', 0.007964402546556393), ([[315, 945], [371, 945], [371, 981], [315, 981]], '네거:', 0.5732162315321305), ([[179, 1092], [292, 1092], [292, 1137], [179, 1137]], '들어갈까?', 0.7327784584326597)]
[([[605, 443], [747, 443], [747, 479], [605, 479]], '열심히 할게요', 0.41279319303255646), ([[454, 574], [580, 574], [580, 606], [454, 606]], '잘할 수 잇어요', 0.27481752074057536), ([[251, 815], [343, 815], [343, 879], [251, 879]], '[탕째', 0.018016036068008116), ([[490, 990], [524, 990], [524, 1018], [490, 1018]], '아;', 0.10849298045590743), ([[168, 1022], [232, 1022], [232, 1078], [168, 1078]], '리레', 0.002536724804064599), ([[619, 1015], [745, 1015], [745, 1105], [619, 1105]], '#찌', 0.02960466219579102), ([[248, 1270], [286, 1270], [286, 1300], [248, 1300]], '흐앗:', 0.09985151607757965), ([[338.1579833204635, 127.2897482934367], [442.14989012167223, 117.92126134030464], [443.8420166795365, 169.7102517065633], [339.85010987832777, 179.07873865969535]], '@~', 0.16987001378930267)]
[([[752, 42], [852, 42], [852, 172], [752, 172]], ':9', 0.05649639019210477), ([[70, 400], [142, 400], [142, 432], [70, 432]], '천천히', 0.997475150457113), ([[69, 437], [143, 437], [143, 473], [69, 473]], '할게요', 0.22026422088020095), ([[591, 889], [665, 889], [665, 925], [591, 925]], '타기야:', 0.292504221200943), ([[47, 993], [141, 993], [141, 1055], [47, 1055]], '@@', 0.05392981658701932), ([[231.9719194937464, 569.552263139369], [311.33572882290616, 556.7925323966062], [315.02808050625356, 593.447736860631], [236.66427117709384, 606.2074676033938]], '(:,좁', 0.0015543866902589798)]
[([[438, 83], [506, 83], [506, 144], [438, 144]], '움질', 0.8526179472224262), ([[580, 0], [886, 0], [886, 188], [580, 188]], "'~똑똑", 0.09218460321426392), ([[439, 247], [591, 247], [591, 285], [439, 285]], '너 쉬논날이라고', 0.7323359238333454), ([[646, 148], [864, 148], [864, 316], [646, 316]], '똑똑', 0.8690233956866075), ([[441, 287], [521, 287], [521, 325], [441, 325]], '하루종일', 0.8930001258850098), ([[439, 329], [577, 329], [577, 365], [439, 365]], '잠깐 잘거야?', 0.34479792078324456), ([[67, 471], [247, 471], [247, 535], [67, 535]], '그때 정말', 0.881764107541515), ([[69, 537], [217, 537], [217, 605], [69, 605]], '좋앞는데.', 0.2846591110924231), ([[209, 749], [251, 749], [251, 785], [209, 785]], '하', 0.999042740182631), ([[243, 875], [341, 875], [341, 919], [243, 919]], '내일 화요', 0.7026790631407808), ([[406, 928], [490, 928], [490, 976], [406, 976]], '호조상:', 0.6964954137802124), ([[119, 1027], [185, 1027], [185, 1067], [119, 1067]], '이번엔', 0.3998471016789988), ([[584, 1162], [608, 1162], [608, 1192], [584, 1192]], '10', 0.5289991499310466), ([[178.8765247622279, 1024.5012198097822], [307.6143166705261, 1002.2863153717333], [313.12347523777214, 1037.4987801902178], [184.38568332947395, 1060.7136846282667]], '감기걸리지마', 0.7979227363145945)]
[([[221, 105], [301, 105], [301, 145], [221, 145]], '[캐대', 0.014340043866161965), ([[334, 24], [504, 24], [504, 150], [334, 150]], '똑욕', 0.0013257765342659723), ([[689, 127], [834, 127], [834, 166], [689, 166]], '들어가고 잇어요', 0.6851526172210541), ([[83, 169], [127, 169], [127, 209], [83, 209]], '흐%.', 0.27934645688869986), ([[648, 222], [710, 222], [710, 272], [648, 272]], '5둘', 0.00663446625742406), ([[713, 311], [765, 311], [765, 349], [713, 349]], '아앗:', 0.3106572159590687), ([[596, 688], [646, 688], [646, 714], [596, 714]], '하아.', 0.662052975936411), ([[184, 754], [234, 754], [234, 786], [184, 786]], '아뇨', 0.9997214206979059), ([[536, 764], [570, 764], [570, 790], [536, 790]], '아:', 0.48835948313277194), ([[493, 797], [621, 797], [621, 833], [493, 833]], '다 넣은거야 .?', 0.40119926392182714), ([[75, 825], [115, 825], [115, 861], [75, 861]], '으옷.', 0.35411551565409666), ([[58, 948], [90, 948], [90, 974], [58, 974]], '아!', 0.9043552685266755), ([[734, 954], [760, 954], [760, 986], [734, 986]], '옷', 0.7575432635307813), ([[744, 996], [782, 996], [782, 1026], [744, 1026]], '하.', 0.6606546991983187), ([[405, 1165], [584, 1165], [584, 1262], [405, 1262]], "'4:'", 0.0294305682182312), ([[142.0970966215454, 244.01941932430907], [225.05114004716148, 203.0388708159658], [244.9029033784546, 243.98058067569093], [161.94885995283852, 284.9611291840342]], '장배', 0.004719603080711563), ([[682.3560101269464, 716.1360607616786], [813.9159032097319, 705.8894782240666], [815.6439898730536, 795.8639392383214], [684.0840967902681, 806.1105217759334]], '"', 0.05558060107006568), ([[381.4002652655213, 833.5006631638032], [474.81233219539365, 809.9165504978236], [486.5997347344787, 871.4993368361968], [394.18766780460635, 895.0834495021764]], '씨째', 0.17031690326310917), ([[97.8149288778123, 1141.2006159401865], [273.32693844848984, 1113.4496212559845], [283.1850711221877, 1218.7993840598135], [107.67306155151017, 1247.5503787440155]], '$터}', 0.00999434266864382), ([[309.65835921350015, 1274.3167184270003], [373.5962788564434, 1269.4968911883748], [375.34164078649985, 1299.6832815729997], [311.4037211435566, 1305.5031088116252]], '떤애:', 0.00010113496890558213)]
[([[17, 91], [166, 91], [166, 170], [17, 170]], ' 건', 0.026187567822037832), ([[226, 358], [278, 358], [278, 390], [226, 390]], '하아.', 0.6604968905448914), ([[150, 537], [257, 537], [257, 611], [150, 611]], '`8)', 0.008068672205841497), ([[80, 600], [104, 600], [104, 634], [80, 634]], '옷', 0.9780913342617659), ([[93, 641], [141, 641], [141, 677], [93, 677]], '으옷.', 0.5226923460322391), ([[84, 784], [108, 784], [108, 816], [84, 816]], '0', 0.8613474049070604), ([[103, 757], [205, 757], [205, 843], [103, 843]], '1앗!', 0.0698184788555152), ([[755, 1143], [869, 1143], [869, 1207], [755, 1207]], '@', 0.21969434923289644), ([[96, 1208], [179, 1208], [179, 1256], [96, 1256]], '[때', 0.6517655882525584), ([[389, 1223], [427, 1223], [427, 1259], [389, 1259]], '아:', 0.8379820809526226), ([[538, 1222], [578, 1222], [578, 1254], [538, 1254]], '무', 0.016866967122305176), ([[389, 1269], [449, 1269], [449, 1311], [389, 1311]], '아앗:', 0.3808664089323859), ([[189.16756942214056, 220.08757628406065], [263.90593811073956, 238.13765002749906], [254.83243057785944, 274.9124237159393], [179.09406188926044, 256.86234997250097]], '"너서포', 6.387538451235741e-05), ([[283.46001907994275, 780.7360305279084], [504.87279964217265, 679.9491585874571], [563.5399809200572, 827.2639694720916], [342.12720035782735, 928.0508414125429]], '꽤 @', 0.048478598806310974), ([[25.121046807581713, 940.0778621224576], [144.93196961916072, 962.1780050634732], [134.8789531924183, 1005.9221378775424], [15.068030380839282, 983.8219949365268]], '$밟2', 0.003043199738403105)]
[([[748, 12], [808, 12], [808, 60], [748, 60]], '4', 0.06131931809251512), ([[719, 47], [805, 47], [805, 91], [719, 91]], '(톱위사', 0.002086896914988756), ([[725, 123], [743, 123], [743, 149], [725, 149]], '1', 0.15374063878387378), ([[687, 137], [759, 137], [759, 181], [687, 181]], '(름로', 0.0066574649182724365), ([[788, 158], [824, 158], [824, 186], [788, 186]], '아:', 0.8464339260270041), ([[724, 230], [772, 230], [772, 256], [724, 256]], '하아', 0.9998856996601944), ([[740, 264], [780, 264], [780, 290], [740, 290]], '하아', 0.9993123170022917), ([[129, 441], [177, 441], [177, 477], [129, 477]], '엄청', 0.8021631470182689), ([[87, 477], [199, 477], [199, 517], [87, 517]], '기분 좋아요', 0.5454207887343733), ([[210, 634], [294, 634], [294, 666], [210, 666]], '호조상 안:', 0.46706595079664165), ([[209, 1031], [259, 1031], [259, 1075], [209, 1075]], '아!', 0.9600423221550265), ([[210, 1086], [264, 1086], [264, 1116], [210, 1116]], '하아:', 0.67020783373036), ([[615, 1177], [705, 1177], [705, 1263], [615, 1263]], '셋째', 0.0270763462856925), ([[221.02985749985467, 267.1194299994187], [303.8478833043423, 277.90739116049537], [296.97014250014536, 314.8805700005813], [215.15211669565767, 303.09260883950463]], '(제설슷', 0.003219556761905551), ([[780.8834409320689, 478.2055487535513], [894.7924652694467, 452.34769304963345], [911.1165590679311, 550.7944512464487], [797.2075347305533, 576.6523069503666]], '병"', 0.0017696920792923624), ([[709.2599556283028, 967.2578535733992], [833.2691703486926, 956.1301840065156], [835.7400443716972, 1011.7421464266008], [710.7308296513074, 1022.8698159934844]], '-쩌0서', 0.0009752725600264966), ([[28.626912715328636, 1065.83883890073], [152.2251143183745, 1009.6720957730114], [184.37308728467136, 1083.16116109927], [59.7748856816255, 1139.3279042269887]], '의', 0.06011275543706862), ([[811.0582579729272, 1299.4116515945855], [873.3426064283291, 1279.1259148573367], [880.9417420270728, 1302.5883484054145], [818.6573935716709, 1322.8740851426633]], '해있다', 0.041223272683747446)]
[([[674, 80], [724, 80], [724, 108], [674, 108]], '아: !', 0.4688424245814479), ([[742, 348], [808, 348], [808, 378], [742, 378]], '타 키', 0.8493927717208862), ([[649, 453], [713, 453], [713, 497], [649, 497]], '뒤#어', 8.242892736415116e-05), ([[796, 472], [870, 472], [870, 504], [796, 504]], '갈 . 것.', 0.4716236180190963), ([[818, 506], [842, 506], [842, 534], [818, 534]], '같', 0.7917879761477344), ([[103, 495], [257, 495], [257, 569], [103, 569]], '닭+:', 0.03266454476597443), ([[252, 1104], [310, 1104], [310, 1134], [252, 1134]], '아. !', 0.7853438153386413), ([[178, 1180], [208, 1180], [208, 1208], [178, 1208]], '더.', 0.8679585645782836), ([[155, 1213], [247, 1213], [247, 1253], [155, 1253]], '못하켓어.', 0.22542860707523005), ([[739.0063694429277, 37.41464971873383], [872.5087775789978, 22.83876777205065], [875.9936305570723, 69.58535028126617], [742.4912224210022, 85.16123222794936]], '1:도사', 0.00010897011088673025), ([[655.2111456180002, 199.42229123600035], [727.2693561151303, 188.6953719188425], [730.7888543819998, 226.57770876399965], [659.7306438848697, 236.3046280811575]], '(쪽후', 0.001118448032453517), ([[194.17954208594045, 238.68476363203925], [342.4027195884784, 192.8636775694201], [364.82045791405955, 286.3152363679607], [216.59728041152155, 331.1363224305799]], '@_켓', 0.014775773452833775), ([[749.3500052999841, 953.7600084799745], [826.6552763412143, 934.5884087482], [835.6499947000159, 978.2399915200255], [759.3447236587857, 997.4115912518]], '@)왜내', 0.004736634902656078)]
[([[0, 280], [68, 280], [68, 336], [0, 336]], '@째', 0.28389449593363314), ([[148, 324], [210, 324], [210, 372], [148, 372]], '흐앗.', 0.19401072195457686), ([[221, 337], [235, 337], [235, 363], [221, 363]], '!', 0.9972671975085549), ([[112, 500], [146, 500], [146, 528], [112, 528]], '아:', 0.6028534951415057), ([[615, 549], [673, 549], [673, 591], [615, 591]], '제발', 0.9734841263896943), ([[671, 745], [801, 745], [801, 781], [671, 781]], '한번 더 해요', 0.8459722754762101), ([[333, 1085], [402, 1085], [402, 1125], [333, 1125]], "'요*아", 0.0016421974869444966), ([[366, 1228], [410, 1228], [410, 1252], [366, 1252]], '고부미', 0.0048089603907228405), ([[51.04460536705228, 155.0765532757241], [153.7454201820476, 175.27079586753908], [141.95539463294773, 228.9234467242759], [39.25457981795238, 209.72920413246092]], '(내칼', 0.0031944943016775176), ([[45.37004658340298, 1064.2731350918687], [110.93159169411211, 1057.9108922403404], [112.62995341659702, 1102.7268649081313], [47.068408305887885, 1108.0891077596596]], '하로', 0.003637949276156211), ([[345.4050955543422, 1138.331719774987], [406.33785843900694, 1133.795753861033], [407.5949044456578, 1168.668280225013], [346.66214156099306, 1173.204246138967]], '대 )', 0.00697471198793853)]
[([[165, 57], [239, 57], [239, 101], [165, 101]], '977?', 0.024546928703784943), ([[833, 109], [881, 109], [881, 129], [833, 129]], '애내:"', 6.14114323980175e-05), ([[417, 111], [509, 111], [509, 173], [417, 173]], '5하야', 0.005505671557831753), ([[79, 173], [209, 173], [209, 211], [79, 211]], '아 너무 늑제', 0.43411921358409095), ([[79, 215], [165, 215], [165, 251], [79, 251]], '일어낫다.', 0.6898857819559667), ([[473, 449], [597, 449], [597, 493], [473, 493]], '잘자어오?', 0.7915847540725569), ([[272, 860], [314, 860], [314, 884], [272, 884]], "'4 ?", 0.04551936686038971), ([[728, 1070], [862, 1070], [862, 1119], [728, 1119]], '어; 잘자어:', 0.4085237491756249), ([[778.9819816180111, 118.78017977981217], [824.2457645405195, 109.01089426411131], [830.0180183819889, 134.21982022018784], [784.7542354594805, 143.9891057358887]], '시6+', 0.3540596997869248), ([[175.85552115613172, 616.0730650178274], [322.5381496824546, 637.1539501058485], [308.1444788438683, 711.9269349821726], [161.46185031754538, 690.8460498941515]], '2001', 0.19127997756004333), ([[-9.948769872397559, 890.7331983317663], [192.80617591503687, 843.4082425899139], [207.94876987239755, 937.2668016682337], [4.1938240849631345, 984.5917574100861]], '200어:', 0.0909277421552274), ([[320.83069542181346, 879.2381293981605], [438.99544784816214, 856.8541124131677], [450.16930457818654, 943.7618706018395], [332.00455215183786, 966.1458875868323]], '안경', 0.9996672247038936), ([[185.32574844729504, 1172.108263044172], [316.149929764499, 1159.7653486636075], [320.67425155270496, 1274.891736955828], [189.85007023550102, 1287.2346513363925]], '0비', 0.013556811831193947)]
[([[74, 128], [212, 128], [212, 158], [74, 158]], "어'청 잘어울려요.", 0.11823847844580741), ([[13, 193], [27, 193], [27, 255], [13, 255]], '출', 0.010500840572115477), ([[36, 244], [86, 244], [86, 274], [36, 274]], '[장', 0.00985001332780872), ([[13, 285], [29, 285], [29, 315], [13, 315]], '움', 0.1340844113564268), ([[13, 315], [29, 315], [29, 345], [13, 345]], '8', 0.6949774784419702), ([[74, 412], [134, 412], [134, 440], [74, 440]], '고마위', 0.5658718943595886), ([[744, 864], [784, 864], [784, 894], [744, 894]], '6디들', 0.0002178627829920158), ([[69, 925], [174, 925], [174, 965], [69, 965]], '오늘 바이크', 0.9440468608624184), ([[89, 967], [155, 967], [155, 1003], [89, 1003]], '달래?', 0.5702392744990479), ([[408, 1240], [476, 1240], [476, 1272], [408, 1272]], '타기야.', 0.8226303458213806), ([[348.1725097715042, 195.0490820806354], [462.98133606514097, 238.48917053181896], [440.8274902284958, 292.9509179193646], [326.01866393485903, 248.51082946818104]], '오오,5', 0.000632811221294105), ([[10.23076923076923, 255.15384615384616], [25.632455532033674, 252.10263340389898], [31.76923076923077, 282.84615384615387], [17.367544467966326, 285.89736659610105]], '흙', 0.1799078658773965)]
[([[534, 372], [606, 372], [606, 404], [534, 404]], '하지만.', 0.6473361849784851), ([[118, 402], [168, 402], [168, 434], [118, 434]], '아니', 0.9990021085197022), ([[91, 441], [193, 441], [193, 477], [91, 477]], '안괜찮아:', 0.48527388366387614), ([[513, 503], [585, 503], [585, 539], [513, 539]], '호조상.', 0.9589414596557617), ([[201, 578], [294, 578], [294, 633], [201, 633]], '{스', 0.00316171528246762), ([[96, 674], [208, 674], [208, 706], [96, 706]], '그래도 네가', 0.8979412697080086), ([[63, 713], [237, 713], [237, 749], [63, 749]], '기대하고 잇어잡아.', 0.3200999368298826), ([[471, 731], [625, 731], [625, 773], [471, 773]], '몸은 괜찮아요?', 0.9914349235869402), ([[231, 1093], [367, 1093], [367, 1129], [231, 1129]], '그렇기 하지만.', 0.963098136197062), ([[132, 1238], [214, 1238], [214, 1270], [132, 1270]], '다음에도', 0.777010440826416), ([[93, 1273], [237, 1273], [237, 1309], [93, 1309]], '할 수 잇장아요', 0.28737302294040346)]
[([[689, 151], [729, 151], [729, 191], [689, 191]], '오늘:', 0.2694611587342657), ([[563, 581], [685, 581], [685, 619], [563, 619]], '그냥 쉬어요', 0.9491887804668708), ([[181, 953], [305, 953], [305, 993], [181, 993]], '그게 좋계다:', 0.21013256322981172), ([[526, 995], [843, 995], [843, 1035], [526, 1035]], '"- ! )- ! >)- !', 0.25204508548045995), ([[526, 1034], [666, 1034], [666, 1062], [526, 1062]], '4금+라대 $+아쉽!', 0.00023145814861968747), ([[526, 1094], [626, 1094], [626, 1122], [526, 1122]], '쭉   {7 타', 0.23700020419178977), ([[664, 1092], [848, 1092], [848, 1122], [664, 1122]], '2018 -10.21터', 0.06786742757968427), ([[528, 1124], [630, 1124], [630, 1152], [528, 1152]], '태]] . 빛주', 0.2809021319550104), ([[664, 1122], [830, 1122], [830, 1152], [664, 1152]], "*.숲3:0'$", 0.03361747559262634), ([[526, 1178], [710, 1178], [710, 1208], [526, 1208]], '-9나31(거 ? = +)', 0.009814786104702752), ([[528, 1210], [596, 1210], [596, 1234], [528, 1234]], '+주++~대', 0.0007291249513659438), ([[631, 1206], [762, 1206], [762, 1234], [631, 1234]], '@10174<<!', 0.03811209040050507), ([[530, 1234], [600, 1234], [600, 1260], [530, 1260]], '[*흰 ;/', 0.001386514563175936), ([[629, 1229], [734, 1229], [734, 1257], [629, 1257]], '13743474', 0.7620817055782996), ([[528, 1322], [858, 1322], [858, 1348], [528, 1348]], '*" ~ 소스0) #| # #% (당 < 순밥 < 1지단 (1 ', 0.005272970097487609), ([[667.0274673730843, 307.0526998323749], [754.6409389966766, 344.4832216514534], [722.9725326269157, 416.9473001676251], [634.3590610033234, 379.5167783485466]], '()', 0.025204213260653932)]
[([[951, 17], [973, 17], [973, 37], [951, 37]], '무', 0.02045615798374123), ([[951, 35], [971, 35], [971, 89], [951, 89]], '8', 0.8714900068426346), ([[950, 92], [974, 92], [974, 162], [950, 162]], '8', 0.05716346309868414), ([[828, 154], [880, 154], [880, 208], [828, 208]], '~', 0.13164613739324071), ([[953, 185], [971, 185], [971, 227], [953, 227]], '?', 0.032616726867171986), ([[769, 197], [842, 197], [842, 326], [769, 326]], "'", 0.5768610242840033), ([[947, 254], [986, 254], [986, 399], [947, 399]], '"', 0.058249431742241065), ([[180, 508], [717, 508], [717, 558], [180, 558]], '첫 번역; 식질인데 오역 잇너라도 증계 놔주세요', 0.13003907473099646), ([[372, 556], [610, 556], [610, 606], [372, 606]], '좋아하다 작가님인데', 0.37484093601682833), ([[290, 604], [694, 604], [694, 652], [290, 652]], '외전은 번역 안되어앗길래 해붐니다!', 0.2692934743781083), ([[356, 652], [624, 652], [624, 702], [356, 702]], '악품은 삼가해주세요까', 0.29830576738997316), ([[306, 700], [606, 700], [606, 748], [306, 748]], '재넷게 보섞오면 좋캠네요', 0.02199839407386339), ([[618, 708], [670, 708], [670, 738], [618, 738]], '등 등', 0.03531330078840256), ([[250, 747], [676, 747], [676, 796], [250, 796]], '앞으로 여러가지 더 해 볼 생각입니다', 0.5707990015740763), ([[839, 687], [912, 687], [912, 808], [839, 808]], "'", 0.5768610242840033), ([[750, 1006], [908, 1006], [908, 1054], [750, 1054]], '~맘모스젓갈-', 0.15922306771640832), ([[24, 1314], [48, 1314], [48, 1396], [24, 1396]], '물', 0.11818490082991762), ([[27.676449945867038, 1246.0263446697888], [47.80332299017013, 1248.168423582412], [41.32355005413296, 1310.9736553302112], [21.19667700982987, 1308.831576417588]], '=', 0.9842264577542323)]
[([[568, 40], [686, 40], [686, 70], [568, 70]], '처음으로 이렇제', 0.48557590569713166), ([[568, 72], [664, 72], [664, 100], [568, 100]], '오래타찾어요', 0.33712448422862346), ([[816, 66], [880, 66], [880, 116], [816, 116]], '용정5', 0.0016360527667635127), ([[568, 102], [666, 102], [666, 130], [568, 130]], '저 주차어요', 0.494438396963918), ([[145, 109], [279, 109], [279, 153], [145, 153]], '아; 캠페이', 0.348703285992904), ([[451, 139], [511, 139], [511, 175], [451, 175]], '전혀', 0.9997783147745423), ([[143, 161], [251, 161], [251, 203], [143, 203]], '한가해?', 0.9882326722145081), ([[377, 181], [545, 181], [545, 225], [377, 225]], '출하지 않앉어', 0.17723402437177402), ([[75, 251], [175, 251], [175, 295], [75, 295]], '오늘밖에', 0.18721891939640045), ([[73, 297], [177, 297], [177, 341], [73, 341]], '나갈거야', 0.7775940299034119), ([[382, 326], [464, 326], [464, 352], [382, 352]], "난 가글해서'", 0.6122067877091655), ([[520, 318], [576, 318], [576, 342], [520, 342]], "'먹고심은거", 0.37032535012298234), ([[588, 320], [632, 320], [632, 352], [588, 352]], '다음드', 0.26862778978795576), ([[687, 321], [799, 321], [799, 361], [687, 361]], '열나나..?', 0.5044369896816155), ([[521, 343], [557, 343], [557, 363], [521, 363]], '잊어?', 0.6960663657514631), ([[382, 352], [432, 352], [432, 376], [382, 376]], '괜찮아', 0.9554853685030562), ([[572, 364], [620, 364], [620, 388], [572, 388]], "'소1고상", 0.11903213954953686), ([[578, 388], [630, 388], [630, 412], [578, 412]], '보고앗지', 0.9035221882351847), ([[802, 388], [842, 388], [842, 416], [802, 416]], '약간', 0.9510772380331435), ([[578, 414], [640, 414], [640, 438], [578, 438]], '앞앗어요?', 0.38160613649652675), ([[801, 417], [884, 417], [884, 448], [801, 448]], '어지러워요', 0.9916504659920168), ([[730, 434], [778, 434], [778, 458], [730, 458]], '바보야', 0.9936547885761753), ([[732, 460], [770, 460], [770, 484], [732, 484]], '빨리', 0.9999592020944016), ([[732, 486], [806, 486], [806, 512], [732, 512]], '말#어야지)', 0.22013292534611828), ([[291, 533], [369, 533], [369, 577], [291, 577]], '예스', 0.9982897723672028), ([[223, 593], [391, 593], [391, 631], [223, 631]], '나 역에 데려다', 0.9951058080755134), ([[729, 609], [875, 609], [875, 645], [729, 645]], '드디어 오늘밤에', 0.3929418100467263), ([[605, 645], [635, 645], [635, 663], [605, 663]], '9답', 0.14065252380216905), ([[91, 659], [157, 659], [157, 703], [91, 703]], '뛰야', 0.8800374435087651), ([[241, 641], [403, 641], [403, 685], [241, 685]], '줄 수 앗깊네!', 0.09035863731284946), ([[727, 647], [889, 647], [889, 685], [727, 685]], '그사람을 보눈구나', 0.07091119640325641), ([[140, 702], [172, 702], [172, 732], [140, 732]], '낫', 0.03523530220852522), ([[512, 874], [544, 874], [544, 898], [512, 898]], '때', 0.9593195923729105), ([[733, 1105], [853, 1105], [853, 1141], [733, 1141]], '만나기까지', 0.8150123914901166), ([[733, 1147], [881, 1147], [881, 1187], [733, 1187]], '시간0 남앞네', 0.4058651889384793), ([[142, 1248], [186, 1248], [186, 1280], [142, 1280]], '아!', 0.96470403649723), ([[631.2055214030042, 448.6904906657081], [704.9047482407358, 427.4444603858082], [716.7944785969958, 478.3095093342919], [643.0952517592642, 499.5555396141918]], '[)', 0.0358352867503724)]
[([[370, 446], [416, 446], [416, 478], [370, 478]], '72', 0.1611701869383541), ([[263, 829], [701, 829], [701, 893], [263, 893]], '마리망에서만 놔주세요', 0.5030457680214476)]
[([[624, 218], [668, 218], [668, 244], [624, 244]], '샌아새', 0.011616002982813723), ([[592, 232], [670, 232], [670, 284], [592, 284]], '외@왜', 0.0035852719544860676), ([[107, 383], [181, 383], [181, 423], [107, 423]], '어머:', 0.3813119711433834), ([[137, 505], [269, 505], [269, 547], [137, 547]], '캠페이상!?', 0.2674465489026442), ([[160, 628], [186, 628], [186, 652], [160, 652]], '아', 0.3599932337125189), ([[314, 1048], [378, 1048], [378, 1076], [314, 1076]], '어디서', 0.9999531987962482), ([[314, 1084], [388, 1084], [388, 1114], [314, 1114]], '기다리고', 0.9963322281837463), ([[670, 1076], [724, 1076], [724, 1104], [670, 1104]], '이야~', 0.9989789056980092), ([[315, 1119], [401, 1119], [401, 1155], [315, 1155]], '잇없어~?', 0.8282190179911489), ([[669, 1113], [771, 1113], [771, 1149], [669, 1149]], '오만이네', 0.8988391160964966), ([[160, 1136], [222, 1136], [222, 1166], [160, 1166]], '헤에.', 0.995267615126617), ([[51, 1157], [161, 1157], [161, 1193], [51, 1193]], '키논 얼마나', 0.7834313704860393), ([[669, 1153], [823, 1153], [823, 1189], [669, 1189]], '어떻제 지낫어?', 0.20436061396597366), ([[51, 1197], [133, 1197], [133, 1233], [51, 1233]], '자락어?', 0.48943641781806946), ([[262, 1214], [376, 1214], [376, 1246], [262, 1246]], '아까 거기에', 0.8340460384726641), ([[580, 1206], [682, 1206], [682, 1238], [580, 1238]], '아; 잘지내요', 0.6727071453879462), ([[263, 1253], [365, 1253], [365, 1289], [263, 1289]], '서잇없어요', 0.74719145706112), ([[42, 1288], [84, 1288], [84, 1314], [42, 1314]], '아뇨', 0.9996540761943171), ([[41, 1321], [119, 1321], [119, 1359], [41, 1359]], '똑같아요', 0.9975652694702148)]
[([[761, 109], [879, 109], [879, 151], [761, 151]], '모두름 위해', 0.514807119675473), ([[763, 155], [881, 155], [881, 193], [763, 193]], '가져앉어요', 0.225173232913356), ([[437, 313], [509, 313], [509, 355], [437, 355]], '호조군,', 0.8785141706466675), ([[437, 359], [541, 359], [541, 399], [437, 399]], '캠페이상', 0.21661138534545898), ([[439, 405], [587, 405], [587, 445], [439, 445]], '여기 잇어요~', 0.8013261392965766), ([[136, 484], [168, 484], [168, 510], [136, 510]], '어.', 0.8479493785628363), ([[162, 692], [278, 692], [278, 730], [162, 730]], '오괜만이네.', 0.512250061283844), ([[180, 738], [252, 738], [252, 770], [180, 770]], '타키야', 0.5223335357618551), ([[669, 769], [697, 769], [697, 785], [669, 785]], '"드', 0.5555274545045221), ([[744, 770], [798, 770], [798, 802], [744, 802]], '전에', 0.9978733429057813), ([[665, 809], [863, 809], [863, 849], [665, 849]], '알려워어야지."라고', 0.6242844103975772), ([[147, 839], [229, 839], [229, 877], [147, 877]], '어떻제', 0.4303144951839688), ([[665, 851], [823, 851], [823, 891], [665, 891]], '말하는 얼굴이야', 0.7631483019442227), ([[147, 881], [231, 881], [231, 919], [147, 919]], '지꺼어?', 0.1390426903963089), ([[829, 1029], [871, 1029], [871, 1065], [829, 1065]], '선물', 0.9992447277466349), ([[412, 1062], [502, 1062], [502, 1110], [412, 1110]], '분명해.', 0.9290046691894531), ([[804, 1066], [896, 1066], [896, 1094], [804, 1094]], '가져워어~', 0.17615986545025594), ([[788, 1200], [872, 1200], [872, 1230], [788, 1230]], '아 고마위', 0.8046796941511386), ([[323, 1241], [405, 1241], [405, 1279], [323, 1279]], '귀여워.', 0.18884071707725525), ([[656.4537322194531, 0.050153985046619276], [734.994823119525, 31.82383393414559], [722.5462677805469, 59.94984601495338], [644.005176880475, 27.17616606585441]], '0리4:', 0.03721418231725693), ([[635.400778482288, 21.045137983100933], [737.9939536411522, 60.78014934085401], [723.599221517712, 94.95486201689907], [621.0060463588478, 55.21985065914599]], '스유어볶기*역4', 4.3034875080029735e-06), ([[438.0513167019495, 62.15395010584846], [495.9377812585213, 73.39218318789214], [490.9486832980505, 97.84604989415155], [432.0622187414787, 86.60781681210786]], '어머~!', 0.8472559452056885), ([[637.3756770666055, 59.06568221304549], [701.9987762593821, 86.91432067830337], [690.6243229333945, 111.93431778695451], [626.0012237406179, 85.08567932169663]], "'[@아+.", 3.170951784601429e-05), ([[432.289131459427, 88.0854389836506], [519.9847776760683, 106.69816854961107], [512.7108685405731, 134.91456101634938], [425.01522232393165, 116.30183145038893]], '안가제화도', 0.8820184027559824), ([[426.07899166023174, 121.14487414671835], [484.90750559328086, 131.2608036627252], [478.92100833976826, 157.85512585328166], [420.09249440671914, 147.7391963372748]], '되는데!', 0.5152955651283264), ([[421.00649859892917, 150.1253445358238], [507.905813901788, 163.13708762634917], [501.99350140107083, 196.8746554641762], [414.094186098212, 183.86291237365083]], '잘먹올게~', 0.20878561542940513), ([[318.95787924061966, 762.8283947090533], [422.5323322856983, 737.0683382581894], [434.04212075938034, 790.1716052909467], [330.4676677143017, 816.9316617418106]], '69유_미', 0.0007726000642524549), ([[674.3447882227953, 773.3585340901495], [740.2824256626192, 765.7140249849617], [742.6552117772047, 802.6414659098505], [677.7175743373808, 809.2859750150383]], '들리기', 0.26867439320678427), ([[115.40952575098923, 904.0438225316279], [204.98983479932295, 944.7150118000484], [188.59047424901075, 978.9561774683721], [99.01016520067706, 938.2849881999516]], '(험어어디]미)', 8.099186223332403e-05)]
[([[523, 331], [655, 331], [655, 375], [523, 375]], '들로기 전에', 0.8628597025247144), ([[525, 377], [733, 377], [733, 421], [525, 421]], '나한데 말해어야지.', 0.33752527381871966), ([[577, 887], [679, 887], [679, 929], [577, 929]], '죄송해요', 0.9814987182617188), ([[579, 931], [699, 931], [699, 973], [579, 973]], '놀래켜주고', 0.6541092233590641), ([[579, 977], [677, 977], [677, 1019], [579, 1019]], '싶엇어요', 0.3425277769565582), ([[447, 1163], [521, 1163], [521, 1203], [447, 1203]], '다음엔', 0.9800309013424676), ([[447, 1209], [565, 1209], [565, 1249], [447, 1249]], '안그럴계요', 0.5046206226836607)]
[([[313, 185], [391, 185], [391, 221], [313, 221]], '저도요;', 0.693894624710083), ([[209, 267], [325, 267], [325, 305], [209, 305]], '보고싶없어요.', 0.553431821481282), ([[232, 310], [302, 310], [302, 340], [232, 340]], '만나서', 0.9759525725292281), ([[223, 345], [309, 345], [309, 385], [223, 385]], '좋앞어요', 0.34562408924102783), ([[793, 377], [841, 377], [841, 417], [793, 417]], '다들', 0.9972065552123728), ([[771, 419], [863, 419], [863, 461], [771, 461]], '좋아켓지.', 0.2881512345445682), ([[162, 456], [186, 456], [186, 494], [162, 494]], '음', 0.995956939486419), ([[133, 670], [301, 670], [301, 710], [133, 710]], '널 보고싶어 햇어:', 0.8104094585449004), ([[751, 655], [829, 655], [829, 695], [751, 695]], '널 보니', 0.7717704910031981), ([[748, 698], [860, 698], [860, 738], [748, 738]], '생각나네:', 0.6401290204077181), ([[618, 772], [742, 772], [742, 804], [618, 804]], '네가 장난감', 0.8849055346474378), ([[617, 805], [752, 805], [752, 847], [617, 847]], '들고 달려가서', 0.6339009248747818), ([[617, 849], [773, 849], [773, 885], [617, 885]], '젖년 그 꼬마애.', 0.13997042827612308), ([[742, 935], [791, 935], [791, 963], [742, 963]], '고마워', 0.31915635508318474), ([[740, 966], [786, 966], [786, 992], [740, 992]], '형아!', 0.4199918974360702), ([[787, 1109], [809, 1109], [809, 1125], [787, 1125]], '아', 0.11447424755498847), ([[133, 1199], [275, 1199], [275, 1243], [133, 1243]], '우리라 다시', 0.7360180072728398), ([[132, 1246], [258, 1246], [258, 1296], [132, 1296]], '일해불래?', 0.4458574835287818)]
[([[424, 424], [539, 424], [539, 466], [424, 466]], '호조상하테', 0.18160001952987856), ([[695, 441], [789, 441], [789, 477], [695, 477]], '제가요?', 0.9959154204634821), ([[423, 467], [593, 467], [593, 509], [423, 509]], '자으면 쫓젯으면;', 0.1085789886862201), ([[425, 509], [541, 509], [541, 549], [425, 549]], '돌아갈게요', 0.6958829909790618), ([[149, 925], [245, 925], [245, 963], [149, 963]], '안오논제', 0.3104298710823059), ([[129, 967], [209, 967], [209, 1011], [129, 1011]], '좋계어:', 0.051233939826488495), ([[739, 1197], [835, 1197], [835, 1265], [739, 1265]], '꿀쩍', 0.22875272304437086)]
