2537251
16
[([[391, 55], [509, 55], [509, 91], [391, 91]], '시싫어 !', 0.873219809891037), ([[335, 149], [439, 149], [439, 185], [335, 185]], '몸에 힘이', 0.711213281109106), ([[324, 184], [450, 184], [450, 216], [324, 216]], '안들어가  !', 0.7905645545486397), ([[53, 278], [236, 278], [236, 315], [53, 315]], '우리가 만문 특제', 0.783146815021163), ([[53, 311], [235, 311], [235, 351], [53, 351]], '경단을 먹엇구나', 0.7540542473594446), ([[33, 397], [187, 397], [187, 435], [33, 435]], '당분간은 힘흘', 0.734183498710285), ([[35, 433], [197, 433], [197, 469], [35, 469]], '쓸 수 없흘데나', 0.3338900510132052), ([[33, 483], [217, 483], [217, 521], [33, 521]], '맘껏 이용해주마!', 0.9509261575897032), ([[741, 537], [913, 537], [913, 573], [741, 573]], '경단에 혈귀술이', 0.8040714365495183), ([[748, 572], [908, 572], [908, 604], [748, 604]], '들어간 거엿어?', 0.5070596811392806), ([[293, 945], [369, 945], [369, 981], [293, 981]], '한번에', 0.9996335131289175), ([[278, 977], [354, 977], [354, 1015], [278, 1015]], '두개름', 0.23396952136241017), ([[535, 997], [651, 997], [651, 1039], [535, 1039]], '치.치위!', 0.44825445930165075), ([[410, 1293], [637, 1293], [637, 1342], [410, 1342]], '운리들의 혈귀술인', 0.20895704507782936), ([[793, 1295], [934, 1295], [934, 1362], [793, 1362]], '혈귀 술', 0.15858320559885025), ([[423, 1335], [621, 1335], [621, 1377], [423, 1377]], '@제시작이라고', 0.5649393051699007), ([[428, 1397], [630, 1397], [630, 1449], [428, 1449]], '자~ 받아라!', 0.8435031645368031), ([[686, 1358], [1036, 1358], [1036, 1486], [686, 1486]], '이중삼입', 0.15379054844379425)]
[([[839, 17], [851, 17], [851, 45], [839, 45]], '0', 0.3660703168589521), ([[235, 23], [249, 23], [249, 79], [235, 79]], '8', 0.6203562623573475), ([[834, 43], [858, 43], [858, 140], [834, 140]], '1', 0.39518172490660675), ([[242.82111456180002, 123.01613008990009], [256.16710823010754, 121.01406144236553], [266.1788854382, 179.9838699100999], [252.83289176989246, 181.98593855763446]], '{', 0.3931540821699997), ([[217.53425356716738, 739.115081777618], [227.39872611141445, 737.0829299437468], [231.46574643283262, 759.884918222382], [222.60127388858555, 761.9170700562532]], '8', 0.17734917293583763)]
[([[15, 55], [29, 55], [29, 83], [15, 83]], '8', 0.9861850779757653)]
[]
[([[30, 376], [66, 376], [66, 404], [30, 404]], '4', 0.5416700319579526)]
[([[233, 1347], [247, 1347], [247, 1401], [233, 1401]], '8', 0.9797083589391242), ([[234.46471227242782, 1408.0729641807402], [249.407908508224, 1402.0420391605248], [268.5352877275722, 1447.9270358192598], [252.592091491776, 1453.9579608394752]], '(', 0.4730848150916813)]
[([[237, 351], [373, 351], [373, 487], [237, 487]], '수', 0.16738024200070445)]
[([[186, 412], [386, 412], [386, 630], [186, 630]], '0', 0.9665597898255243)]
[([[839, 17], [851, 17], [851, 45], [839, 45]], '0', 0.3131829089329621), ([[127, 75], [227, 75], [227, 111], [127, 111]], '아파   !', 0.3848026655181471), ([[875, 111], [1009, 111], [1009, 147], [875, 147]], '어서 호흡올', 0.9008664440860886), ([[99, 159], [271, 159], [271, 199], [99, 199]], '도깨비 자지가', 0.7202577992499072), ([[891, 147], [995, 147], [995, 183], [891, 183]], '되찾아서', 0.9992891550064087), ([[898, 184], [988, 184], [988, 216], [898, 216]], '빼야해!', 0.9457415342330933), ([[102, 196], [265, 196], [265, 240], [102, 240]], '들어오다니]!', 0.26970066660191905), ([[411, 239], [510, 239], [510, 311], [411, 311]], '꽉!', 0.27215799053132783), ([[866, 260], [1024, 260], [1024, 292], [866, 292]], '자지가 폐까지', 0.9927027350583716), ([[877, 291], [1013, 291], [1013, 331], [877, 331]], '닿아서 숨올', 0.8029800669593627), ([[861, 329], [1031, 329], [1031, 367], [861, 367]], '제대로 월 수가', 0.4638265728483431), ([[901, 365], [991, 365], [991, 403], [901, 403]], '없어. .!', 0.3274581798477898), ([[391, 1001], [595, 1001], [595, 1037], [391, 1037]], '역시 기둥은 다르구민 ~', 0.5059693339098106), ([[490, 1080], [652, 1080], [652, 1112], [490, 1112]], '우리들의 혈기술올', 0.3298495951059267), ([[498, 1106], [648, 1106], [648, 1138], [498, 1138]], '받고도 견데타내', 0.32479059715747066), ([[508, 1158], [654, 1158], [654, 1188], [508, 1188]], '상으로 운리들의', 0.9182054948604575), ([[526, 1184], [636, 1184], [636, 1214], [526, 1214]], '씨틀 주지]', 0.12574251091940672), ([[602, 1268], [660, 1268], [660, 1324], [602, 1324]], '퍽', 0.9998865159761863), ([[836, 1402], [1060, 1402], [1060, 1480], [836, 1480]], '받아라학', 0.17465580999851227), ([[652.1303028434654, 1372.0421192876934], [843.9158023467046, 1417.771802737954], [821.8696971565346, 1492.9578807123066], [630.0841976532954, 1447.228197262046]], '퍽 자~', 0.9532247247568649)]
[([[673, 13], [760, 13], [760, 58], [673, 58]], '하0', 0.6211635809929327), ([[15, 57], [29, 57], [29, 83], [15, 83]], '0', 0.8594544043951515), ([[321, 30], [354, 30], [354, 115], [321, 115]], '호', 0.4615236553159754), ([[685, 75], [703, 75], [703, 99], [685, 99]], '0', 0.9999978926582248), ([[699, 63], [755, 63], [755, 105], [699, 105]], '양', 0.9639260119850093), ([[351, 565], [445, 565], [445, 649], [351, 649]], '뿐못', 0.007049095997063264), ([[678, 640], [734, 640], [734, 712], [678, 712]], '흙', 0.08710964159499568), ([[28, 622], [280, 622], [280, 829], [28, 829]], '폐', 0.02012339525678386), ([[0, 881], [193, 881], [193, 1013], [0, 1013]], '활월', 0.13025166820339174), ([[313, 1327], [509, 1327], [509, 1462], [313, 1462]], '활월', 0.1970791573060736)]
[([[40, 30], [202, 30], [202, 86], [40, 86]], '4개월 후', 0.9701258747284283), ([[413, 75], [581, 75], [581, 111], [413, 111]], '혈기술에 당하면', 0.6471558087112069), ([[402, 110], [590, 110], [590, 142], [402, 142]], '도깨비틀 임신하고', 0.38227445938741866), ([[397, 141], [593, 141], [593, 177], [397, 177]], '모성애가 강해진다.', 0.9924540319613587), ([[462, 318], [600, 318], [600, 348], [462, 348]], '아기가 이렇게나', 0.8398828973704966), ([[482, 346], [580, 346], [580, 374], [482, 374]], '성장햇는데', 0.8111057629494798), ([[480, 372], [580, 372], [580, 402], [480, 402]], '나올 생각올', 0.5561557592054223), ([[492, 398], [554, 398], [554, 426], [492, 426]], '안하네.', 0.9951509237289429), ([[426, 506], [540, 506], [540, 538], [426, 538]], '빨리 아기틀', 0.615914157611796), ([[428, 538], [538, 538], [538, 570], [428, 570]], '보고싶은데', 0.8956985336962712), ([[850, 704], [962, 704], [962, 747], [850, 747]], '도깨비는', 0.6282251477241516), ([[833, 745], [975, 745], [975, 783], [833, 783]], '인간 여자의', 0.699428208337989), ([[835, 783], [977, 783], [977, 823], [835, 823]], '자궁 안에서', 0.9605156994969557), ([[865, 823], [949, 823], [949, 859], [865, 859]], '빠르게', 0.9612919851242985), ([[849, 859], [961, 859], [961, 899], [849, 899]], '성장하게', 0.9990047812461853), ([[871, 901], [937, 901], [937, 937], [871, 937]], '된다.', 0.8437259746685184), ([[54, 1016], [356, 1016], [356, 1072], [54, 1072]], '갑자기-배가 아파!', 0.6436599005294146), ([[472, 1358], [528, 1358], [528, 1414], [472, 1414]], '나', 0.9999305021917202), ([[893, 1345], [1045, 1345], [1045, 1411], [893, 1411]], '아기가', 0.999647277568723), ([[447, 1421], [593, 1421], [593, 1483], [447, 1483]], '나와]!', 0.6292260885238647), ([[893, 1411], [1043, 1411], [1043, 1479], [893, 1479]], '나와생', 0.06293970502634993)]
[([[37, 49], [209, 49], [209, 91], [37, 91]], '@@파아@@', 0.2409019041086678), ([[56, 166], [210, 166], [210, 214], [56, 214]], '빨레 당아', 0.07780138379429956), ([[33, 207], [233, 207], [233, 251], [33, 251]], '숨격야되듬데액', 0.024217053209962914), ([[813, 223], [927, 223], [927, 335], [813, 335]], '으응', 0.5257768487939162), ([[30, 376], [66, 376], [66, 402], [30, 402]], '4', 0.5365975779861856), ([[120, 400], [250, 400], [250, 450], [120, 450]], '찢어저~', 0.4975465085317417), ([[48, 450], [322, 450], [322, 500], [48, 500]], '찢어진다고오오오', 0.996951151576861), ([[12, 812], [242, 812], [242, 984], [12, 984]], '떼', 0.18772612741503636), ([[258, 1074], [338, 1074], [338, 1106], [258, 1106]], '아가야', 0.9993133594237893), ([[447, 1091], [545, 1091], [545, 1127], [447, 1127]], '귀살대는', 0.9350578784942627), ([[234, 1108], [380, 1108], [380, 1140], [234, 1140]], '조심히 나오럼', 0.6572803551164449), ([[447, 1122], [545, 1122], [545, 1158], [447, 1158]], '위험하니', 0.9933479428291321), ([[460, 1158], [536, 1158], [536, 1190], [460, 1190]], '엄마가', 0.999598826853227), ([[437, 1189], [559, 1189], [559, 1225], [437, 1225]], '보호해줄께', 0.5906287184352274)]
[([[37, 41], [205, 41], [205, 83], [37, 83]], '인간의울체틀', 0.2888817957691455), ([[693, 25], [1025, 25], [1025, 89], [693, 89]], '이렇제 인간 여자가', 0.7256198049121624), ([[61, 79], [183, 79], [183, 123], [61, 123]], '통해나용', 0.5131692886352539), ([[699, 81], [1017, 81], [1017, 141], [699, 141]], '도비름 낳으면서', 0.2763783170677993), ([[35, 117], [203, 117], [203, 159], [35, 159]], '혼함도깨비늄', 0.21442694087149863), ([[699, 135], [1017, 135], [1017, 197], [699, 197]], '증식하눈 혈코술이_', 0.2737259147687193), ([[40, 197], [188, 197], [188, 247], [40, 247]], '증심올 위해', 0.2589380556230194), ([[39, 239], [189, 239], [189, 279], [39, 279]], '어미의 몸올', 0.4598865936078843), ([[67, 275], [157, 275], [157, 317], [67, 317]], '담1다', 0.18693433928158065), ([[605, 609], [1053, 609], [1053, 693], [605, 693]], "'예세피늄꽂이야", 0.018594957586115866), ([[887, 751], [971, 751], [971, 835], [887, 835]], '퍽', 0.9999965429335909), ([[59, 1029], [129, 1029], [129, 1065], [59, 1065]], '0004)', 0.14041745824449317), ([[84, 1185], [201, 1185], [201, 1245], [84, 1245]], '넉야', 0.03163423666887446), ([[233, 1347], [247, 1347], [247, 1401], [233, 1401]], '8', 0.9890121929406384)]
[([[969, 169], [1035, 169], [1035, 275], [969, 275]], '푹', 0.9886960385432673), ([[413, 293], [469, 293], [469, 331], [413, 331]], '으으', 0.5072518399890549), ([[146, 316], [212, 316], [212, 366], [146, 366]], '우움', 0.30607559136257384), ([[33, 661], [287, 661], [287, 703], [33, 703]], '그녀의 단련된 육체는', 0.39922102452944974), ([[30, 696], [290, 696], [290, 744], [30, 744]], '많은 도개비틀 낭울수', 0.14974557893668552), ([[447, 715], [559, 715], [559, 757], [447, 757]], '일반적인', 0.9996984601020813), ([[889, 677], [1001, 677], [1001, 789], [889, 789]], '퍽', 0.9544683176825721), ([[29, 735], [295, 735], [295, 780], [29, 780]], '있을 정도로 튼튼하다', 0.40558519367706275), ([[389, 753], [615, 753], [615, 795], [389, 795]], '인간의 몸이 엿다면', 0.6335840724292127), ([[327, 791], [677, 791], [677, 833], [327, 833]], '자둥이 터저서 죽없올 것이생', 0.3661136386320796), ([[749, 776], [870, 776], [870, 863], [749, 863]], '#욕', 0.04700215662553769), ([[402, 976], [506, 976], [506, 1026], [402, 1026]], "'하00", 0.44081297516822815), ([[68.37004658340298, 1064.2731350918687], [170.3206155424273, 1054.4835975412236], [172.62995341659703, 1102.7268649081313], [70.6793844575727, 1112.5164024587764]], '술아', 0.022326822044352497)]
[([[188, 416], [384, 416], [384, 630], [188, 630]], '0', 0.8890207361583293), ([[790, 537], [944, 537], [944, 612], [790, 612]], '#자의들안', 0.1452005077326699), ([[790, 608], [944, 608], [944, 640], [790, 640]], '서기로 햇어요', 0.8175917139411883), ([[161, 809], [289, 809], [289, 845], [161, 845]], '저지 닮아서', 0.4182040635738822), ([[175, 844], [273, 844], [273, 876], [175, 876]], '강하니까', 0.9987030029296875), ([[163, 875], [289, 875], [289, 911], [163, 911]], '분명 무잔을', 0.6705267209007925), ([[148, 910], [300, 910], [300, 942], [148, 942]], '무찌틀 수 있을', 0.18647994276075783), ([[173, 941], [279, 941], [279, 977], [173, 977]], '것이에요!', 0.6549643860535578), ([[682, 1296], [990, 1296], [990, 1348], [682, 1348]], '이틀 뒤, 무잔이 잡혀서', 0.4249419944111437), ([[684, 1344], [980, 1344], [980, 1392], [684, 1392]], '모진 고문올 당한 뒤에', 0.8579737494642318), ([[682, 1386], [946, 1386], [946, 1434], [682, 1434]], '고통스럽게 죽없다.', 0.78353755969021)]
[]
