2538722
46
[([[495, 362], [744, 362], [744, 667], [495, 667]], '', 0.0), ([[99, 1716], [2035, 1716], [2035, 2053], [99, 2053]], '수인터빼 외예쇠화', 0.002422920521615131), ([[346, 2081], [1536, 2081], [1536, 2407], [346, 2407]], '조화 장.기', 0.05763744864963717), ([[1694, 2360], [1975, 2360], [1975, 2685], [1694, 2685]], '2', 0.999562192208888), ([[85, 2578], [412, 2578], [412, 2776], [85, 2776]], '44익', 0.07180657896754936)]
[([[1001, 188], [1336, 188], [1336, 281], [1001, 281]], '끄으으욕? !', 0.5477171630887097), ([[2418, 463], [2641, 463], [2641, 556], [2418, 556]], '으웃  !', 0.45646067583132405), ([[227, 909], [604, 909], [604, 1020], [227, 1020]], '선도부 진짜', 0.9989397653559177), ([[168, 1021], [650, 1021], [650, 1134], [168, 1134]], '못그만두켓어?', 0.7579046037548823), ([[2091, 1533], [2555, 1533], [2555, 1634], [2091, 1634]], '이렇게 부탁해도', 0.8411569527717907), ([[2103, 1635], [2532, 1635], [2532, 1740], [2103, 1740]], '안되논 거야??', 0.6004441673075751), ([[1760.894886613086, 1246.0244374557435], [1916.64246127267, 1165.0082564931313], [2080.105113386914, 1521.9755625442565], [1923.35753872733, 1603.9917435068687]], '푹', 0.7793731699513309)]
[([[550, 84], [1007, 84], [1007, 185], [550, 185]], '너, 너 이게 무슨', 0.8211183185072767), ([[523, 187], [1029, 187], [1029, 289], [523, 289]], '짓이야아! ! 빨리.', 0.6791970414004936), ([[788, 423], [1361, 423], [1361, 526], [788, 526]], '빨리 손가락 못 뼈? !', 0.6272228053124691), ([[2244, 475], [2728, 475], [2728, 577], [2244, 577]], '거긴 월집어넣논', 0.4048617323296511), ([[2233, 579], [2734, 579], [2734, 680], [2233, 680]], '긋이 아니라구.!!', 0.3581500180452837), ([[1840, 1335], [2430, 1335], [2430, 1447], [1840, 1447]], '선도부 그만두켓다고', 0.3413874850162218), ([[1963, 1443], [2305, 1443], [2305, 1542], [1963, 1542]], '하면 빼줄게', 0.9293750987866111), ([[1493, 1814], [1510, 1814], [1510, 1837], [1493, 1837]], '8', 0.7943560182143052), ([[1488, 1835], [1504, 1835], [1504, 1857], [1488, 1857]], '0', 0.8190748994559591)]
[([[515, 189], [1259, 189], [1259, 303], [515, 303]], '돼지 몸에 힘이안 들어가.', 0.34062196013217255), ([[646, 295], [1124, 295], [1124, 399], [646, 399]], '저항할 수가 없어', 0.7637373862831282), ([[2088, 456], [2223, 456], [2223, 571], [2088, 571]], '%정', 0.010992419211321785), ([[2147, 736], [2831, 736], [2831, 840], [2147, 840]], '민수이 자식 주스에다가', 0.9536500987641395), ([[2241, 837], [2740, 837], [2740, 946], [2241, 946]], '월 섞어 넣은 거야', 0.6085229559333406), ([[1432, 914], [1447, 914], [1447, 955], [1432, 955]], "'", 0.18625443421707022), ([[1493, 1814], [1510, 1814], [1510, 1837], [1493, 1837]], '8', 0.493955537749585), ([[1488, 1835], [1504, 1835], [1504, 1857], [1488, 1857]], '0', 0.9715048708404908)]
[([[190, 399], [694, 399], [694, 527], [190, 527]], '빨리 대답해! !', 0.9170511213247081), ([[2417, 561], [2647, 561], [2647, 768], [2417, 768]], "'옷;", 0.08537461056971261), ([[2287, 1333], [2687, 1333], [2687, 1436], [2287, 1436]], '오줌 마려워서', 0.5835889969751875), ([[2314, 1436], [2656, 1436], [2656, 1538], [2314, 1538]], '괴롭잡아? !', 0.6014895432526393), ([[1412.893741834834, 9.020403723999156], [1818.195810054995, 89.75323000440424], [1757.106258165166, 339.97959627600085], [1351.804189945005, 259.24676999559574]], '옷', 0.8210524863523148)]
[([[525, 163], [905, 163], [905, 266], [525, 266]], '알앞어! ! 옷 .', 0.20331958263313893), ([[707, 394], [1317, 394], [1317, 496], [707, 496]], '선도부 그만둘 테니까', 0.9458171576626162), ([[2147, 711], [2809, 711], [2809, 813], [2147, 813]], '그러니까 이제 그만해! !', 0.7629696087790395), ([[1493, 1814], [1510, 1814], [1510, 1837], [1493, 1837]], '8', 0.2891844921358633), ([[1488, 1835], [1504, 1835], [1504, 1857], [1488, 1857]], '0', 0.9129777568605277)]
[([[304, 752], [444, 752], [444, 849], [304, 849]], '좋아', 0.9970968964694105), ([[2125, 1591], [2546, 1591], [2546, 1693], [2125, 1693]], '이제 마음껏 싸', 0.5997623117135804), ([[1197.772856017844, 321.0471282319747], [1391.4302894277494, 350.08865085302534], [1366.227143982156, 482.9528717680253], [1172.5697105722506, 454.91134914697466]], '움질', 0.6698120127968711), ([[2195.8919247172703, 657.0409836831494], [2372.6788225776268, 692.844529840068], [2342.1080752827297, 821.9590163168506], [2165.3211774223732, 786.155470159932]], '움질', 0.1934376511197606), ([[1131.6422291236001, 1653.0322601798002], [1150.134610472503, 1658.3529847979796], [1135.3577708763999, 1711.9677398201998], [1116.865389527497, 1706.6470152020204]], '(', 0.3798102455112371)]
[([[708, 139], [1172, 139], [1172, 315], [708, 315]], '응으원!', 0.22151270508766174), ([[206, 346], [557, 346], [557, 821], [206, 821]], '푸', 0.10356359881269839), ([[1079, 1875], [1094, 1875], [1094, 1900], [1079, 1900]], '"', 0.5718008732180948), ([[2446, 1387], [2880, 1387], [2880, 1960], [2446, 1960]], '옷', 0.995842138616613), ([[1154.665783539785, 1636.0281228847311], [1173.149260842952, 1642.3631739509474], [1156.334216460215, 1698.9718771152689], [1137.850739157048, 1692.6368260490526]], '(', 0.2810119374189526)]
[([[536, 629], [1006, 629], [1006, 1074], [536, 1074]], '푸수', 0.13516894714014638), ([[923, 966], [1110, 966], [1110, 1151], [923, 1151]], '우', 0.9990274887568376), ([[1101, 1097], [1249, 1097], [1249, 1299], [1101, 1299]], '유', 0.6375675089123121), ([[1135, 1655], [1150, 1655], [1150, 1679], [1135, 1679]], '1', 0.5460879096552027), ([[1063, 1880], [1078, 1880], [1078, 1904], [1063, 1904]], '"', 0.43181568901247047), ([[2048.41345612781, 1313.007480210164], [2614.7078678735197, 1577.3458603421923], [2525.58654387219, 1750.992519789836], [1960.29213212648, 1486.6541396578077]], '4 % 약%', 0.11602744663471017), ([[2039.5146749188007, 1562.0395170046834], [2062.3425720178734, 1549.0196234445007], [2106.4853250811993, 1628.9604829953166], [2083.6574279821266, 1641.9803765554993]], '@', 0.17041455482937895)]
[([[1001, 312], [1296, 312], [1296, 405], [1001, 405]], '하아하 .', 0.41313634292000667), ([[2320, 536], [2620, 536], [2620, 638], [2320, 638]], '하아아아.', 0.6985966923201534), ([[2506, 753], [2682, 753], [2682, 844], [2506, 844]], '하아', 0.9998170875775065), ([[1677, 1575], [1758, 1575], [1758, 1664], [1677, 1664]], '조', 0.9842549599162318), ([[1130, 1657], [1146, 1657], [1146, 1681], [1130, 1681]], '(', 0.36743283633443974), ([[1694, 1664], [1782, 1664], [1782, 1759], [1694, 1759]], '트', 0.39197255459754743), ([[1716, 1750], [1802, 1750], [1802, 1867], [1716, 1867]], '틈', 0.17025829607907017), ([[2051.5149287499275, 1592.0597149997093], [2069.3577708764, 1585.0322601798002], [2090.4850712500725, 1635.9402850002907], [2073.6422291236, 1643.9677398201998]], '8', 0.9001722915973573)]
[([[1688, 1132], [2316, 1132], [2316, 1511], [1688, 1511]], '씨', 0.005761221062723421)]
[([[788, 129], [1056, 129], [1056, 230], [788, 230]], '화장실에', 0.9923199007703337), ([[729, 232], [1114, 232], [1114, 332], [729, 332]], '데려다준다여', 0.7618978270552818), ([[1083, 390], [1463, 390], [1463, 491], [1083, 491]], '여긴 어디야?', 0.8668845234801652), ([[253, 973], [576, 973], [576, 1042], [253, 1042]], '))', 0.01104878214705045), ([[865, 937], [1274, 937], [1274, 1038], [865, 1038]], '체육관 창고야', 0.9836801517983661), ([[838, 1040], [1301, 1040], [1301, 1142], [838, 1142]], '오늘은 부활동이', 0.9967726641819203), ([[761, 1141], [1378, 1141], [1378, 1243], [761, 1243]], '없어서 아무도안 온대', 0.9744771731084823), ([[1918, 1309], [1942, 1309], [1942, 1366], [1918, 1366]], '!', 0.8581189068679329), ([[2212, 1294], [2753, 1294], [2753, 1394], [2212, 1394]], '뭐? 그럼 왜 여기로', 0.7698675390746271), ([[2242, 1398], [2719, 1398], [2719, 1497], [2242, 1497]], '데리고온 거야!!', 0.92252443907688), ([[2264, 1499], [2699, 1499], [2699, 1601], [2264, 1601]], '급해 죽켓는데!', 0.09869765531636375), ([[1934.5149287499273, 1775.0597149997093], [1953.5666922820349, 1773.0819645838822], [1957.4850712500727, 1818.9402850002907], [1939.4333077179651, 1820.9180354161178]], ';', 0.35584898949947785)]
[([[93, 194], [440, 194], [440, 293], [93, 293]], '하아하아 .', 0.7164915731434367), ([[1380, 343], [1875, 343], [1875, 444], [1380, 444]], '주, 죽올 뻔 햇다 .', 0.4377420782959378), ([[2334, 793], [2678, 793], [2678, 892], [2334, 892]], '쓰=이 누나', 0.183049251317678), ([[2228, 894], [2784, 894], [2784, 995], [2228, 995]], '나또부탁이 앞는데', 0.2756697804564381)]
[([[148, 98], [263, 98], [263, 191], [148, 191]], '뭐?', 0.9999924135756967), ([[1517, 167], [2123, 167], [2123, 269], [1517, 269]], '따무기 누나도 선도부', 0.7572129164165471), ([[329, 255], [543, 255], [543, 354], [329, 354]], '또원데', 0.4224352128044238), ([[1580, 267], [2060, 267], [2060, 371], [1580, 371]], '관두게 하고 싶어', 0.7274488123789858), ([[2500, 1195], [2780, 1195], [2780, 1292], [2500, 1292]], '좀 도와쥐', 0.8752887269979535)]
[([[93, 140], [653, 140], [653, 242], [93, 242]], '너이런 식으로네가', 0.8818576581078132), ([[68, 241], [629, 241], [629, 343], [68, 343]], '하눈말 듣게 하느거', 0.3077085783576428), ([[1284, 220], [1546, 220], [1546, 330], [1284, 330]], '[웃기지마', 0.6544445112770672), ([[1533, 363], [2030, 363], [2030, 464], [1533, 464]], '방금 어절 수 없이', 0.4212470703448866), ([[237, 489], [518, 489], [518, 590], [237, 590]], '엄청 나뿐', 0.4231012080744707), ([[1479, 466], [2084, 466], [2084, 568], [1479, 568]], '대답햇지만 나 선도부', 0.23328735292387712), ([[181, 592], [563, 592], [563, 694], [181, 694]], '짓인거 알아?', 0.96592750855067), ([[1549, 568], [2021, 568], [2021, 669], [1549, 669]], '관두는거 아니야', 0.772899281300854), ([[2260, 1474], [2687, 1474], [2687, 1574], [2260, 1574]], '아~ 그렇구나?', 0.7927032455082762)]
[([[1848, 383], [2312, 383], [2312, 701], [1848, 701]], '촬학', 0.1853452320002957), ([[546, 731], [718, 731], [718, 852], [546, 852]], '움질', 0.10613082348108858)]
[([[93, 237], [534, 237], [534, 341], [93, 341]], '뭐, 뭐야 갑자기', 0.5581877551231818), ([[140, 478], [635, 478], [635, 577], [140, 577]], '사진은 왜 찍어? !', 0.6572491206509271), ([[1540, 505], [2082, 505], [2082, 606], [1540, 606]], '어제 선도부 얘기틀', 0.6211220116957967), ([[1505, 601], [2112, 601], [2112, 710], [1505, 710]], '듣고교칙올 찾아~어', 0.25048713633160524), ([[2275, 1299], [2683, 1299], [2683, 1400], [2275, 1400]], '수인 학생들은', 0.9969218957290656), ([[2275, 1398], [2682, 1398], [2682, 1506], [2275, 1506]], '교내에서 렉스', 0.25447779517005026), ([[2320, 1504], [2624, 1504], [2624, 1605], [2320, 1605]], '금지라여?', 0.49341776983950525)]
[([[1204, 91], [1871, 91], [1871, 192], [1204, 192]], '이제부터 따무기 누나름', 0.5209656238248259), ([[1267, 192], [1810, 192], [1810, 293], [1267, 293]], '엄청 따먹올 거거든', 0.6793337857306395), ([[1603, 381], [2064, 381], [2064, 485], [1603, 485]], '그리고 기념촬영', 0.955400382965281), ([[1558, 484], [2114, 484], [2114, 586], [1558, 586]], '할 거야 선도부 그만', 0.9892682022007956), ([[1562, 586], [2109, 586], [2109, 689], [1562, 689]], '두게 협박할 테니까', 0.7405082873471338), ([[593, 688], [682, 688], [682, 799], [593, 799]], '헬', 0.29431396659902376), ([[2248, 1508], [2793, 1508], [2793, 1610], [2248, 1610]], '따무기 누나 선도부', 0.9405094547444741), ([[2289, 1609], [2755, 1609], [2755, 1713], [2289, 1713]], '관두게 하느것도', 0.5083923913209206), ([[2392, 1713], [2656, 1713], [2656, 1812], [2392, 1812]], '도움받고', 0.2753499430089166)]
[([[120, 176], [449, 176], [449, 280], [120, 280]], '뭐라는거야', 0.3383991250317786), ([[84, 413], [649, 413], [649, 518], [84, 518]], '그런 짓 하는데 내가', 0.5635511174420176), ([[81, 512], [640, 512], [640, 621], [81, 621]], '가만있물거 같아? !', 0.7165190249851641), ([[1486, 534], [2039, 534], [2039, 635], [1486, 635]], '민수 너 인간 주제에', 0.9725933841124961), ([[1461, 635], [2064, 635], [2064, 739], [1461, 739]], '수인한테 힘으로 이길', 0.875101985288681), ([[1461, 739], [2057, 739], [2057, 840], [1461, 840]], '수있든 거라 생각해?', 0.42192537858850654), ([[2291, 1477], [2710, 1477], [2710, 1576], [2291, 1576]], '나도힘으로못', 0.8238494122980985), ([[2219, 1580], [2777, 1580], [2777, 1682], [2219, 1682]], '이긴단 건 알고 있어', 0.7796028177979963), ([[880.3150727181162, 257.01380340928165], [1007.8857626084801, 294.8456325868084], [934.6849272818838, 538.9861965907184], [807.1142373915199, 500.1543674131916]], '1', 0.1747657452490472)]
[([[1396, 255], [2001, 255], [2001, 356], [1396, 356]], '교문에서 준당근주스', 0.9127500747583108), ([[1436, 356], [1965, 356], [1965, 460], [1436, 460]], '특별하다고 햇잖아', 0.647240328466279), ([[1657, 574], [2078, 574], [2078, 674], [1657, 674]], '거기 엄청 강한', 0.5808136531414919), ([[1666, 678], [2069, 678], [2069, 777], [1666, 777]], '토끼 발정제틀', 0.3107176988865329), ([[1706, 779], [2033, 779], [2033, 881], [1706, 881]], '넣어고거든', 0.21631533245018705), ([[2149, 1490], [2813, 1490], [2813, 1594], [2149, 1594]], '토끼들은 임신할 때까지', 0.7643115130878907), ([[2111, 1594], [2854, 1594], [2854, 1697], [2111, 1697]], '교미만 생각하게 돌 정도로', 0.4059530787015154), ([[2246, 1695], [2714, 1695], [2714, 1799], [2246, 1799]], '강력한 녀석으로', 0.7245776374819103)]
[([[1447, 169], [1981, 169], [1981, 269], [1447, 269]], '수인한테도 효과가', 0.8220481393565015), ([[305, 301], [529, 301], [529, 391], [305, 391]], '크욕 !', 0.5046875299731634), ([[1377, 266], [2045, 266], [2045, 376], [1377, 376]], '잇율지 확신은 없엎는데', 0.1522918618580133), ([[854, 275], [982, 275], [982, 518], [854, 518]], "'/", 0.39937651052290574), ([[1625, 471], [2109, 471], [2109, 575], [1625, 575]], '몸에 힘이 빠지논', 0.5220731088396131), ([[1598, 574], [2138, 574], [2138, 676], [1598, 676]], '효과도 있없나 보네', 0.39285141001034757), ([[2248, 1310], [2789, 1310], [2789, 1412], [2248, 1412]], '쓰경이 누나는 지금', 0.3117983189920706), ([[2291, 1411], [2744, 1411], [2744, 1513], [2291, 1513]], '보지 안 보이지?', 0.8717276198794114)]
[([[223, 97], [566, 97], [566, 199], [223, 199]], '지금 보지틀', 0.2557354475188808), ([[228, 197], [563, 197], [563, 305], [228, 305]], '촬영한거야', 0.7552332206571395), ([[340, 428], [957, 428], [957, 530], [340, 530]], '본인은 못느끼나 본데', 0.9531837170897174), ([[349, 529], [950, 529], [950, 633], [349, 633]], '엄청 벌렁거리고 있어', 0.8162499507832431), ([[2253, 1166], [2800, 1166], [2800, 1265], [2253, 1265]], '애액도 잔뜩 나오고', 0.7073114670391034), ([[2316, 1270], [2735, 1270], [2735, 1371], [2316, 1371]], '자지 넣올 준비', 0.6169963888013578), ([[2325, 1371], [2721, 1371], [2721, 1470], [2325, 1470]], '곧난 거 간네?', 0.38621277910671437), ([[1669.0025413001692, 569.0355782023697], [1846.3778252543418, 619.8727985917457], [1808.9974586998308, 736.9644217976303], [1631.6221747456582, 686.1272014082543]], '포소', 0.03624072100182936), ([[885.9419896992255, 843.0207373302484], [1268.8357755693548, 930.1569967021601], [1208.0580103007746, 1151.9792626697517], [825.1642244306452, 1064.84300329784]], '배끔', 0.12103607665816556), ([[1792.9623057032675, 1338.0199482849546], [2148.763514500178, 1428.9227900485928], [2083.0376942967323, 1651.9800517150454], [1727.2364854998218, 1561.0772099514072]], '배끔', 0.13831357892026883)]
[([[460, 268], [1094, 268], [1094, 372], [460, 372]], '걱정 마 쌀 곳은 제대로', 0.8466852521517013), ([[546, 370], [1003, 370], [1003, 478], [546, 478]], '생각해넷으니까', 0.1419033896959913), ([[934, 576], [1452, 576], [1452, 678], [934, 678]], '자; 여기 이 바가지', 0.44846727999940694), ([[984, 678], [1400, 678], [1400, 779], [984, 779]], '에다가 싸면 돼', 0.7060851590289734), ([[376, 967], [695, 967], [695, 1048], [376, 1048]], '사험시오스', 0.0004907434194504495), ([[1772, 1286], [1944, 1286], [1944, 1377], [1772, 1377]], '뭐 . ?', 0.8028181501258373), ([[2118, 1310], [2136, 1310], [2136, 1364], [2118, 1364]], '!', 0.8776659427008013), ([[2151, 1534], [2180, 1534], [2180, 1608], [2151, 1608]], '1', 0.14850802796809148), ([[2583.713141855362, 1197.0206788019993], [2601.271437642583, 1195.0185052091442], [2609.286858144638, 1269.9793211980007], [2590.728562357417, 1271.9814947908558]], '0', 0.29287935647701957), ([[2121.644272248102, 1387.0158491787422], [2150.329455314965, 1383.013590688923], [2171.355727751898, 1506.9841508212578], [2142.670544685035, 1511.986409311077]], '{', 0.36961976520888484), ([[2143.506803038084, 1636.0408182285037], [2168.6074733191945, 1640.4670117394512], [2157.493196961916, 1701.9591817714963], [2132.3925266808055, 1697.5329882605488]], '!', 0.9949228997043633), ([[2121.6884493308285, 1691.012151434603], [2151.9845557534272, 1699.5270274315021], [2115.3115506691715, 1826.987848565397], [2084.0154442465728, 1818.4729725684979]], '(', 0.5246407495453695)]
[([[754, 97], [1418, 97], [1418, 199], [754, 199]], '그럼 이제 자지 넣울게 ~', 0.6537161041437796), ([[1393, 189], [1875, 189], [1875, 289], [1393, 289]], '상태 보니까 조금', 0.8631462453295238), ([[1425, 291], [1844, 291], [1844, 395], [1425, 395]], '하면 금방 이성', 0.9491518902628996), ([[1427, 392], [1844, 392], [1844, 494], [1427, 494]], '잃흘 것 같은데', 0.59420806509152), ([[397, 562], [734, 562], [734, 739], [397, 739]], '하아(', 0.20181465754932226), ([[2310, 1217], [2775, 1217], [2775, 1320], [2310, 1320]], '선도부 관두다고', 0.9976025499686683), ([[2264, 1319], [2820, 1319], [2820, 1421], [2264, 1421]], '말할 수 있을 정도의', 0.3924865431064126), ([[2318, 1423], [2762, 1423], [2762, 1524], [2318, 1524]], '정신은 남겨뒤~', 0.681229585441784), ([[1506.8835668880395, 641.0445861004943], [1790.5905476490047, 679.6388968179881], [1768.1164331119605, 793.9554138995057], [1484.4094523509953, 755.3611031820119]], '하@)', 0.26244548395684936)]
[([[236, 151], [544, 151], [544, 255], [236, 255]], '웃기지마..', 0.6147593889049463), ([[1328, 133], [2024, 133], [2024, 235], [1328, 235]], '민수 너 같은 허접 자지로', 0.7907709125171004), ([[1373, 235], [1969, 235], [1969, 338], [1373, 338]], '그게 가능할 거 같아?', 0.9493960925301184), ([[1745.9874603251922, 1211.0394921624597], [1923.4920965058914, 1258.4017330716727], [1891.0125396748078, 1364.9605078375403], [1714.5079034941086, 1318.5982669283273]], '되육', 0.03645736909764076)]
[([[218, 182], [304, 182], [304, 270], [218, 270]], '욕', 0.9232127929898439), ([[1222, 164], [1402, 164], [1402, 250], [1222, 250]], '1오.', 0.48795050382614136), ([[1469, 317], [1732, 317], [1732, 409], [1469, 409]], '으오욕  !', 0.7274446536152592), ([[549, 766], [702, 766], [702, 883], [549, 883]], '부출', 0.06561299580975474), ([[1501, 957], [1612, 957], [1612, 1038], [1501, 1038]], '분들', 0.9657328237023887), ([[714, 1094], [730, 1094], [730, 1130], [714, 1130]], '!', 0.4317647723577558), ([[1662, 1568], [1822, 1568], [1822, 1685], [1662, 1685]], '표리', 0.10230258476446284), ([[1081, 1841], [1231, 1841], [1231, 1861], [1081, 1861]], '~>이', 0.01809554455103377), ([[2047.057527461337, 1067.013461146797], [2635.4864418088177, 1215.2007674126407], [2554.942472538663, 1482.986538853203], [1965.513558191182, 1334.7992325873593]], '꾸우움', 0.2928784160145875), ([[898.4275212228624, 1497.4565127337173], [1046.8356850718283, 1477.020770622678], [1050.5724787771376, 1506.5434872662827], [902.1643149281717, 1526.979229377322]], '스스>', 0.38219311833381653)]
[([[205, 120], [505, 120], [505, 217], [205, 217]], '끄으웃  ! !', 0.1753460351309113), ([[1357, 212], [1434, 212], [1434, 305], [1357, 305]], '옷', 0.49477644568833057), ([[716, 1094], [730, 1094], [730, 1130], [716, 1130]], '!', 0.9403521504364711), ([[1080, 1840], [1232, 1840], [1232, 1865], [1080, 1865]], '수5 >', 0.1370480326886253), ([[1520.9764230569124, 1459.0477267089623], [1687.5135690959414, 1494.7650556627873], [1664.0235769430876, 1587.9522732910377], [1497.4864309040586, 1553.2349443372127]], '푸수 ', 0.2463157027059653), ([[898.4275212228624, 1497.4565127337173], [1046.837837837838, 1477.027027027027], [1050.5724787771376, 1506.5434872662827], [901.1621621621622, 1526.972972972973]], '스스>', 0.1295233978701398)]
[([[223, 147], [419, 147], [419, 246], [223, 246]], '흐, 흥!', 0.17141545696753957), ([[847, 273], [993, 273], [993, 529], [847, 529]], '나', 0.6892665085333114), ([[1622, 322], [2094, 322], [2094, 432], [1622, 432]], '꼬멩이 자지라서', 0.6153006722637159), ([[1580, 430], [2138, 430], [2138, 527], [1580, 527]], '아무 느낌도 안 드네', 0.8189142038130187)]
[([[263, 831], [616, 831], [616, 951], [263, 951]], '흐양아아!!', 0.5314535704328277), ([[1523, 850], [2092, 850], [2092, 1375], [1523, 1375]], '푸', 0.3626512668199702), ([[1988.022850212302, 1116.0501491823525], [2250.231171235253, 1000.1082399772004], [2388.9771497876977, 1390.9498508176475], [2126.768828764747, 1506.8917600227996]], '유', 0.26221910352299815)]
[([[196, 115], [500, 115], [500, 217], [196, 217]], '자; 잠깐만', 0.8654512142872427), ([[1382, 167], [1922, 167], [1922, 269], [1382, 269]], '아까 먹은약.. 원가', 0.7547613790270321), ([[109, 217], [588, 217], [588, 318], [109, 318]], '이거 진짜 이상해', 0.9806433522741446), ([[1441, 273], [1864, 273], [1864, 374], [1441, 374]], '잘못된 거 같아', 0.44468466411892604), ([[1758, 455], [2224, 455], [2224, 559], [1758, 559]], '움직이지 말아쥐', 0.5911833944508322), ([[714, 1094], [730, 1094], [730, 1130], [714, 1130]], '8', 0.3103685764362041), ([[1078, 1840], [1232, 1840], [1232, 1865], [1078, 1865]], '수- >', 0.2814829183934638)]
[([[1527, 111], [2095, 111], [2095, 219], [1527, 219]], '선도부 관두는거야?', 0.774376120700254), ([[854, 291], [1017, 291], [1017, 532], [854, 532]], '내', 0.13721323503388394), ([[714, 1094], [730, 1094], [730, 1130], [714, 1130]], '8', 0.3859294607167705), ([[1259, 1055], [1637, 1055], [1637, 1155], [1259, 1155]], '으, 응관물게', 0.31441795852257165), ([[1185, 1156], [1715, 1156], [1715, 1261], [1185, 1261]], '그러니까 그만하자', 0.998763178738201), ([[1078, 1840], [1232, 1840], [1232, 1865], [1078, 1865]], '수5 >', 0.24028539878406263)]
[([[306, 142], [543, 142], [543, 270], [306, 270]], '안빗', 0.16206091238703618), ([[1551, 176], [2136, 176], [2136, 300], [1551, 300]], '거짓말 치지 마! !', 0.9737424529927136), ([[1225, 469], [1240, 469], [1240, 518], [1225, 518]], '1', 0.5318714802088529), ([[1884, 401], [2413, 401], [2413, 503], [1884, 503]], '어린애 취급하면서', 0.9806106647961824), ([[1879, 505], [2415, 505], [2415, 604], [1879, 604]], '속일 생각만 하고! !', 0.8107155648661634), ([[107, 496], [495, 496], [495, 896], [107, 896]], '땅', 0.43630637830449714), ([[426, 917], [822, 917], [822, 1078], [426, 1078]], '하하의', 0.2840801466984916), ([[2231, 777], [2880, 777], [2880, 1151], [2231, 1151]], '[양', 0.8165643615774593), ([[575, 1639], [1000, 1639], [1000, 1976], [575, 1976]], '땅', 0.6023037936522293), ([[2398, 1583], [2687, 1583], [2687, 1861], [2398, 1861]], '땅', 0.4387063367370416), ([[99.14813717536167, 1014.0106732969305], [594.8526420934861, 1218.8379400242347], [476.8518628246383, 1480.9893267030695], [-18.852642093486054, 1276.1620599757653]], '피@', 0.6503501358703697)]
[([[1564, 158], [2091, 158], [2091, 262], [1564, 262]], '주인남이라고 불러', 0.9479105249081101), ([[419, 473], [586, 473], [586, 577], [419, 577]], '움텔', 0.04155345772874377), ([[1265, 696], [1571, 696], [1571, 793], [1265, 793]], '주 주인남', 0.5870814601740734), ([[714, 1094], [730, 1094], [730, 1130], [714, 1130]], '!', 0.6643770532833173), ([[1760, 1177], [2294, 1177], [2294, 1279], [1760, 1279]], '내말대로할 거야?', 0.9205660650908334), ([[946, 1245], [1106, 1245], [1106, 1346], [946, 1346]], '움빛', 0.0955334387133527), ([[1153, 1740], [1466, 1740], [1466, 1839], [1153, 1839]], '네.네에.!', 0.7584792138992589), ([[898.01488842937, 1500.701488842937], [1046.8229210378474, 1474.9845607777527], [1050.98511157063, 1502.298511157063], [902.1770789621526, 1527.0154392222473]], '스스스', 0.37965971389998177)]
[([[230, 97], [568, 97], [568, 197], [230, 197]], '이게 뭐야! !', 0.5732436601318696), ([[466, 264], [867, 264], [867, 368], [466, 368]], '그냥 플라스티', 0.5484814827758558), ([[334, 367], [1002, 367], [1002, 471], [334, 471]], '바구니잡아 여기 위에는', 0.8528276667541816), ([[2080, 408], [2701, 408], [2701, 511], [2080, 511]], '그럼 서서 사면 되켓네', 0.3767838412359313), ([[394, 471], [937, 471], [937, 570], [394, 570]], '않울 수도 없다구! !', 0.6076439276320295), ([[2158, 1195], [2624, 1195], [2624, 1297], [2158, 1297]], '오래 참앞으니까', 0.4105874500025675), ([[2089, 1297], [2685, 1297], [2685, 1400], [2089, 1400]], '오출발도 실 거 아냐?', 0.5283351775125487), ([[2273, 1472], [2748, 1472], [2748, 1574], [2273, 1574]], '조준만 제대로해', 0.9309261722798655), ([[2302, 1575], [2722, 1575], [2722, 1677], [2302, 1677]], '바닥에 싸는 거', 0.6251695443214921), ([[2345, 1677], [2690, 1677], [2690, 1778], [2345, 1778]], '보단 낫잡아', 0.6072235753011068)]
[([[1150, 111], [1537, 111], [1537, 210], [1150, 210]], '아아아아아! !', 0.33877822886591297), ([[62, 39], [478, 39], [478, 383], [62, 383]], '땅', 0.5422632014388142), ([[1939, 211], [2614, 211], [2614, 321], [1939, 321]], '허접 로리 보지 주제에', 0.933256542898147), ([[1872, 321], [2677, 321], [2677, 434], [1872, 434]], '어린애 취급하지 말라고!!', 0.6150726268438846), ([[533, 394], [554, 394], [554, 485], [533, 485]], '(', 0.6123303615797937), ([[1225, 469], [1240, 469], [1240, 518], [1225, 518]], '1', 0.26289932895409507), ([[70, 594], [442, 594], [442, 969], [70, 969]], '땅', 0.6288310116394911), ([[2414, 574], [2690, 574], [2690, 847], [2414, 847]], '평', 0.790939282514401), ([[264, 1123], [525, 1123], [525, 1225], [264, 1225]], '아아아! !', 0.7839549652537063), ([[203, 1224], [588, 1224], [588, 1326], [203, 1326]], '죄송해아입! !', 0.3041735668472721), ([[2233.9927628109663, 1231.012683595357], [2894.0570031753286, 1386.3657366867596], [2802.0072371890337, 1707.987316404643], [2141.9429968246714, 1552.6342633132404]], '폐@ ', 0.3100599612931667), ([[178.091215594933, 1348.0118004049207], [673.6272966869006, 1530.9058539324672], [562.908784405067, 1802.9881995950793], [67.37270331309938, 1620.0941460675328]], '때@-', 0.15748671418840218)]
[([[43, 19], [361, 19], [361, 469], [43, 469]], '#', 0.09417326578912455), ([[305, 303], [581, 303], [581, 628], [305, 628]], '빛', 0.45492884664055566), ([[1356, 619], [1485, 619], [1485, 699], [1356, 699]], '오쌀', 0.13889922043382869), ([[315, 825], [641, 825], [641, 1048], [315, 1048]], '용옷', 0.2660408906792678), ([[590, 1261], [724, 1261], [724, 1339], [590, 1339]], '오쪽', 0.05828684991448106), ([[1943.214722167604, 70.01713763813036], [2208.997500520713, 199.70004165798812], [2138.785277832396, 334.98286236186965], [1873.0024994792873, 205.29995834201188]], '끊숙', 0.025670716386222675), ([[2169.899166534154, 1552.0379147452322], [2397.1181998151396, 1595.761676379842], [2365.100833465846, 1728.9620852547678], [2138.8818001848604, 1685.238323620158]], '피양', 0.15784302269527736)]
[([[1516, 0], [1942, 0], [1942, 246], [1516, 246]], '행웃', 0.005736893536960382), ([[1993, 67], [2207, 67], [2207, 243], [1993, 243]], '뜻9', 0.05954873520183374), ([[1248, 195], [1341, 195], [1341, 279], [1248, 279]], '{옷', 0.36498988867232707), ([[249, 299], [340, 299], [340, 387], [249, 387]], "'쓸", 0.06174953209944886), ([[333, 382], [526, 382], [526, 475], [333, 475]], '@으욕}', 0.23838934302330017), ([[532, 512], [547, 512], [547, 541], [532, 541]], '{', 0.9895717215686659), ([[2312, 490], [2605, 490], [2605, 698], [2312, 698]], "'부륙", 0.02890216074563671), ([[1245, 1848], [1279, 1848], [1279, 1864], [1245, 1864]], '', 0.0), ([[1301, 1850], [1342, 1850], [1342, 1866], [1301, 1866]], '(이', 0.22723092810316137), ([[483.9951383866067, 845.0421468006198], [737.7827518508781, 889.7269494460904], [715.0048616133932, 987.9578531993802], [460.2172481491219, 943.2730505539096]], '프흐흙어', 0.03413734957575798), ([[1553.9076744813115, 943.0598377799342], [1689.1631304449056, 964.9953726203746], [1671.0923255186885, 1053.9401622200658], [1535.8368695550944, 1032.0046273796254]], '부들', 0.9799383816114897), ([[818.2720052199187, 1450.1504297535369], [954.0246234094614, 1439.0329723365544], [956.7279947800813, 1526.8495702464631], [820.9753765905386, 1537.9670276634456]], '부름', 0.1917646710212323)]
[([[1693, 88], [2028, 88], [2028, 190], [1693, 190]], '보지가 엄청', 0.9840934884349799), ([[1697, 192], [2026, 192], [2026, 293], [1697, 293]], '꿈들거려서', 0.33914713683066083), ([[1659, 291], [2062, 291], [2062, 394], [1659, 394]], '금방 싸버로네', 0.5191458354029432), ([[2059, 347], [2566, 347], [2566, 449], [2059, 449]], '발정제 효과인가?', 0.998084514551527), ([[1399, 493], [1568, 493], [1568, 577], [1399, 577]], '한하', 0.7831775488443959), ([[245, 522], [455, 522], [455, 630], [245, 630]], '한요', 0.11638830119516556), ([[2449, 887], [2793, 887], [2793, 989], [2449, 989]], '기분 종앉어', 0.39237190676765543), ([[714, 1094], [730, 1094], [730, 1130], [714, 1130]], '!', 0.3573242406762489), ([[534, 1236], [739, 1236], [739, 1335], [534, 1335]], '움질?', 0.019113874198483986), ([[1861, 1119], [2381, 1119], [2381, 1432], [1861, 1432]], '퍽 용', 0.13815778493881226), ([[1638, 1741], [1782, 1741], [1782, 1826], [1638, 1826]], "꿀럽'", 0.20395105217567952), ([[1162, 1846], [1231, 1846], [1231, 1864], [1162, 1864]], '9 (-', 0.1632257427167304), ([[1580.9076744813115, 794.0598377799342], [1741.5616581323045, 822.0717421969817], [1724.0923255186885, 904.9401622200658], [1562.4383418676955, 876.9282578030183]], '움질0', 0.3558764455774907), ([[899.1265211443365, 1498.1379563433009], [1045.8157356601887, 1474.9648030661072], [1050.8734788556635, 1502.8620436566991], [904.1842643398112, 1527.0351969338928]], '스>', 0.30654996633529663)]
[([[1443, 223], [1916, 223], [1916, 541], [1443, 541]], '촬락', 0.1433914353443879), ([[714, 1094], [730, 1094], [730, 1130], [714, 1130]], '8', 0.5352198767951997), ([[594, 1111], [722, 1111], [722, 1203], [594, 1203]], '(률', 0.09178877758674811), ([[1070, 1837], [1233, 1837], [1233, 1864], [1070, 1864]], '수5 =', 0.001751223761618359), ([[470.7689982836509, 498.0133852393975], [487.2208630521497, 496.01223253065274], [498.2310017163491, 587.9866147606025], [482.7791369478503, 589.9877674693472]], '!', 0.4991408937000905), ([[1763.0353897209563, 1103.0388325398578], [1910.6791005062512, 1155.243442116537], [1873.9646102790437, 1250.9611674601422], [1726.3208994937488, 1198.756557883463]], '부물', 0.12606183976499194), ([[1774.871958021887, 1659.057992812303], [1924.0603755318148, 1681.5515346287893], [1906.128041978113, 1777.942007187697], [1756.9396244681852, 1755.4484653712107]], '주름', 0.8479290580747124)]
[([[1599, 115], [2001, 115], [2001, 219], [1599, 219]], '나중에 따무기', 0.9676308153525598), ([[1641, 219], [1963, 219], [1963, 320], [1641, 320]], '누나한테도', 0.46473554925648225), ([[1576, 320], [2019, 320], [2019, 422], [1576, 422]], '발정제 씨불까?', 0.49365419306051744), ([[2022, 391], [2642, 391], [2642, 496], [2022, 496]], '이때까지 삶년 것 중에 ', 0.35694398825377954), ([[2030, 496], [2638, 496], [2638, 597], [2030, 597]], '가장 기분 좋앞올지도', 0.23529157440985748), ([[714, 1094], [730, 1094], [730, 1130], [714, 1130]], '8', 0.35380036494876776), ([[1070, 1837], [1233, 1837], [1233, 1866], [1070, 1866]], '수5 >', 0.11615721701089117), ([[469.7689982836509, 498.0133852393975], [486.2208630521497, 496.01223253065274], [499.2310017163491, 587.9866147606025], [481.7791369478503, 589.9877674693472]], '!', 0.1282333453837623)]
[([[211, 132], [458, 132], [458, 285], [211, 285]], '후기', 0.9999596235578764), ([[220, 373], [1818, 373], [1818, 461], [220, 461]], '안녕하세요 아자입니다 요네소타 시즌 2틀 읽어주서서 감사합니다!', 0.3965883470002066), ([[220, 458], [2027, 458], [2027, 549], [220, 549]], '확인해보니 시즌] 1화로부터 1년이나 지낫더라구요 시간이 참 빠르네요 드', 0.2519426704364457), ([[220, 546], [2218, 546], [2218, 637], [220, 637]], '원래 더 빨리 그림 생각이엎논데 작년 하반기부터 손목이 작살나는바람에 치료하느라', 0.2621161270323264), ([[220, 632], [1190, 632], [1190, 722], [220, 722]], '야잇과 만화 업로드 모두 듬해점엎습니다', 0.1017460133807932), ([[1204, 655], [1311, 655], [1311, 708], [1204, 708]], '까기', 0.17278821250462376), ([[219, 843], [1712, 843], [1712, 933], [219, 933]], '다행히도 치료하면서 잘 진행되어서 지금은오히려 다치기 전 보다', 0.7521540950130765), ([[222, 929], [886, 929], [886, 1017], [222, 1017]], '몸상태가 훨씬 좋아져습니다', 0.6699091073201386), ([[222, 1223], [1926, 1223], [1926, 1309], [222, 1309]], '아무튼! 앞으로도 야한 그림과 만화루 잔뜩 그림 예정이니 잘 부탁드럽니다!', 0.3819930080263302), ([[224, 1389], [1552, 1389], [1552, 1477], [224, 1477]], "신캐릭터 '무우'논 다음화에 세스씬이 등장할 예정입니다!", 0.1490412704764322), ([[224, 1473], [2140, 1473], [2140, 1561], [224, 1561]], '오네소타 외에 고불린 소녀와 인간 고추 만화도 계속 연재할 예정이니 기대해주세요!', 0.4989524250325737), ([[2388, 1860], [2795, 1860], [2795, 1953], [2388, 1953]], '@;트김아*145', 0.0009095467361831215)]
[([[822, 223], [1081, 223], [1081, 323], [822, 323]], '극 . 민수', 0.8654488348551913), ([[806, 327], [1101, 327], [1101, 424], [806, 424]], '너 두고화', 0.8557513480751502), ([[2354, 637], [2636, 637], [2636, 737], [2354, 737]], '진짜 가만', 0.99006841377594), ([[2296, 741], [2692, 741], [2692, 840], [2296, 840]], '안 둘테니까.', 0.5537776008908483), ([[1261, 1236], [1276, 1236], [1276, 1274], [1261, 1274]], '>', 0.5544172628076218), ([[608, 1261], [986, 1261], [986, 1375], [608, 1375]], '(고사#', 0.0037980307824909687), ([[1259, 1337], [1272, 1337], [1272, 1366], [1259, 1366]], '8', 0.36052128098242875), ([[1727, 1832], [1744, 1832], [1744, 1857], [1727, 1857]], '{', 0.4105650575198183)]
[([[1216, 284], [1364, 284], [1364, 381], [1216, 381]], '으웃', 0.26421291802216035), ([[221, 990], [318, 990], [318, 1070], [221, 1070]], '오', 0.9898000129506421), ([[573, 1135], [1109, 1135], [1109, 1291], [573, 1291]], '(오_#세', 0.0005110643808380965), ([[938.8624167334118, 524.0124447169173], [1320.5610219933562, 458.2376259531761], [1405.1375832665883, 1084.9875552830827], [1022.4389780066437, 1150.7623740468239]], '표', 0.10568838533714953), ([[2281.1123917719683, 1121.0103678402445], [2550.9055923907754, 1056.0582834160434], [2667.8876082280317, 1624.9896321597555], [2398.0944076092246, 1689.9417165839566]], '숫', 0.30309878745672236)]
[([[2289, 466], [2622, 466], [2622, 566], [2289, 566]], '조용히 해! !', 0.8450666296755248), ([[240, 558], [804, 558], [804, 666], [240, 666]], '오중힘 장난 아니다', 0.6842082691242528), ([[2289, 570], [2626, 570], [2626, 669], [2289, 669]], '누구 때문에', 0.8309262587692358), ([[239, 664], [795, 664], [795, 766], [239, 766]], '꼭 자지 달린 것처럼', 0.8039781596950795), ([[2235, 671], [2678, 671], [2678, 770], [2235, 770]], '이렇게 된건데..', 0.7814401159055263), ([[345, 766], [689, 766], [689, 865], [345, 865]], '세게 나가네', 0.8385589521839352), ([[589, 1255], [1005, 1255], [1005, 1381], [589, 1381]], '("사#!', 0.0046835682301985026), ([[1644, 1601], [1710, 1601], [1710, 1681], [1644, 1681]], '푸', 0.8613643912510192), ([[1650.4340456828731, 1669.02004412851], [1713.0335049561995, 1661.2627616300704], [1731.5659543171269, 1825.97995587149], [1667.9664950438005, 1832.7372383699296]], '움', 0.2059344605136495)]
[([[160, 493], [642, 493], [642, 595], [160, 595]], '근데 4렇이 누나', 0.29917764368496735), ([[2256, 538], [2437, 538], [2437, 640], [2256, 640]], '어어?', 0.9998208493334828), ([[352, 649], [932, 649], [932, 752], [352, 752]], '선도부 계속할 거야?', 0.8077175279884677), ([[464, 754], [824, 754], [824, 856], [464, 856]], '나그거별로', 0.9995641630654585), ([[403, 853], [883, 853], [883, 955], [403, 955]], '마음에 안 드는데', 0.8805870977294791), ([[608, 1265], [984, 1265], [984, 1375], [608, 1375]], '(오_#', 0.0017794993473216891), ([[1841, 1384], [2645, 1384], [2645, 1486], [1841, 1486]], '선도부 그만뒤 여으면 좋며어', 0.060870969589568655), ([[1832, 1487], [2652, 1487], [2652, 1591], [1832, 1591]], '다른 남자애 딸맞이 처주는 거', 0.33594873993517804), ([[2105, 1731], [2785, 1731], [2785, 1839], [2105, 1839]], '난아무리 생각해도 싫어', 0.9429777083955467)]
[([[390, 129], [775, 129], [775, 230], [390, 230]], '그건 곤란해~', 0.9908838957721612), ([[667, 275], [1207, 275], [1207, 379], [667, 379]], '선도부 활동 잘하면', 0.9654407450018294), ([[663, 379], [1211, 379], [1211, 488], [663, 488]], '대학 진학 학비까지', 0.9936499752305554), ([[770, 479], [1103, 479], [1103, 587], [770, 587]], '지원되다고', 0.34439463593174957), ([[2131, 473], [2611, 473], [2611, 575], [2131, 575]], '성적에도꽤 많이', 0.9727705258949468), ([[2208, 577], [2537, 577], [2537, 678], [2208, 678]], '반영되거튼', 0.5864499489809076), ([[2199, 803], [2740, 803], [2740, 907], [2199, 907]], '우리 선도부 힘들게', 0.9503740783343614), ([[2174, 905], [2762, 905], [2762, 1009], [2174, 1009]], '가입한거야 경쟁물도', 0.7465632790247331), ([[2297, 1004], [2643, 1004], [2643, 1112], [2297, 1112]], '엄청 높앞고', 0.7590079175601484), ([[610, 1271], [1025, 1271], [1025, 1372], [610, 1372]], '(`사달', 0.0007362032192759216), ([[102, 1720], [525, 1720], [525, 1821], [102, 1821]], '아 그렇구나?', 0.9037259872231621), ([[966.0675452416649, 1583.048434319983], [1072.8524590163934, 1627.377049180328], [1041.932454758335, 1696.951565680017], [935.1475409836065, 1652.622950819672]], '손유', 0.32965376189275886)]
