2538358
16
[([[99, 37], [283, 37], [283, 313], [99, 313]], '나', 0.9880545202302962), ([[43, 277], [289, 277], [289, 913], [43, 913]], '%', 0.010374379274449064), ([[59, 875], [215, 875], [215, 1037], [59, 1037]], '@', 0.9968215489771524), ([[106, 1032], [232, 1032], [232, 1152], [106, 1152]], '빵', 0.5948958101696213), ([[829, 1191], [967, 1191], [967, 1233], [829, 1233]], '편어시', 0.0003718209079355941), ([[37, 1107], [355, 1107], [355, 1363], [37, 1363]], '10', 0.9998148117703837), ([[457, 1257], [763, 1257], [763, 1321], [457, 1321]], '다댁  0 #료', 0.011971019601592778), ([[834, 1230], [962, 1230], [962, 1304], [834, 1304]], '허18', 0.19433806288988095), ([[829, 1303], [967, 1303], [967, 1339], [829, 1339]], '묘 시미 (', 0.2144363382854842), ([[840, 1344], [952, 1344], [952, 1370], [840, 1370]], '18품초#0', 0.07024722635865505), ([[819, 1361], [975, 1361], [975, 1399], [819, 1399]], '(어; [깎늦빵', 0.0021771242502501105)]
[([[1190.8853729282278, 568.0893121550115], [1238.6225235658214, 543.0277360627988], [1287.1146270717722, 643.9106878449885], [1239.3774764341786, 668.9722639372012]], '{', 0.03652561791814635)]
[]
[]
[]
[]
[]
[]
[([[247, 57], [355, 57], [355, 173], [247, 173]], '0', 0.09416022456335682), ([[567, 89], [675, 89], [675, 211], [567, 211]], '상', 0.4231869292635224), ([[833, 187], [883, 187], [883, 223], [833, 223]], '역시', 0.9971315960890169), ([[1221, 191], [1313, 191], [1313, 231], [1221, 231]], '주인남의', 0.9605744481086731), ([[1845, 173], [1895, 173], [1895, 209], [1845, 209]], '후우', 0.9969705658908585), ([[807, 217], [909, 217], [909, 257], [807, 257]], '이리야빵', 0.45973625779151917), ([[1207, 223], [1327, 223], [1327, 263], [1207, 263]], '굵은 자지9', 0.551230884177946), ([[1829, 203], [1911, 203], [1911, 243], [1829, 243]], '우우~0', 0.5840941667556763), ([[759, 293], [831, 293], [831, 333], [759, 333]], '엄청난', 0.9497110896075436), ([[759, 327], [835, 327], [835, 363], [759, 363]], '명기야!', 0.47148397564888), ([[1759, 315], [1865, 315], [1865, 357], [1759, 357]], '엄청씻다!', 0.19838038894984286), ([[1140, 396], [1242, 396], [1242, 428], [1140, 428]], '최고~00', 0.12443532193768604), ([[139, 511], [247, 511], [247, 621], [139, 621]], ':', 0.022343820503639478), ([[1132, 570], [1286, 570], [1286, 690], [1132, 690]], '팬', 0.8807510121721549), ([[375, 749], [445, 749], [445, 785], [375, 785]], '에혜햇', 0.34212203094358434), ([[142, 892], [266, 892], [266, 1039], [142, 1039]], '@않', 0.017923786840102682), ([[817, 975], [869, 975], [869, 1015], [817, 1015]], '정말', 0.9999891261304003), ([[1442, 466], [1827, 466], [1827, 1314], [1442, 1314]], '@', 0.4183555364220979), ([[799, 1007], [889, 1007], [889, 1047], [799, 1047]], '아침부터', 0.8885851502418518), ([[149, 1025], [259, 1025], [259, 1063], [149, 1063]], '어떠석나요', 0.8646700959733548), ([[820, 1042], [872, 1042], [872, 1074], [820, 1074]], '배가', 0.9993596808446734), ([[172, 1060], [238, 1060], [238, 1090], [172, 1090]], '0애애', 0.008276145224815531), ([[787, 1069], [901, 1069], [901, 1109], [787, 1109]], '출렁출렇0', 0.17125703542037224), ([[69, 1105], [139, 1105], [139, 1143], [69, 1143]], '주인남', 0.5218631007993539), ([[74, 1140], [140, 1140], [140, 1170], [74, 1170]], '000', 0.006311675045499076), ([[718, 1160], [792, 1160], [792, 1234], [718, 1234]], '평매', 0.21136741871908515), ([[1127, 959], [1411, 959], [1411, 1352], [1127, 1352]], '8', 0.10269565682860105), ([[785, 1249], [931, 1249], [931, 1363], [785, 1363]], '위모', 0.08004836962995095), ([[1286.6296082830172, 611.0627302848873], [1375.6431847254394, 549.0137958972607], [1497.3703917169828, 749.9372697151127], [1408.3568152745606, 811.9862041027393]], '%', 0.5207016511474336), ([[365.31075448320445, 1053.0118800129283], [697.8943924130851, 1235.9474039573802], [612.6892455167956, 1382.9881199870717], [280.1056075869148, 1201.0525960426198]], '서 스고', 0.3181114196777344)]
[([[845, 183], [897, 183], [897, 223], [845, 223]], '정말', 0.999992329282188), ([[1452, 0], [1732, 0], [1732, 324], [1452, 324]], '대', 0.04816614308314393), ([[1836, 154], [1916, 154], [1916, 232], [1836, 232]], '81협', 0.008342452907718775), ([[827, 217], [919, 217], [919, 255], [827, 255]], '안돼에9', 0.4096824824810028), ([[1833, 215], [1917, 215], [1917, 299], [1833, 299]], '혈핵협', 0.01679445299192182), ([[1849, 287], [1905, 287], [1905, 323], [1849, 323]], '교배', 0.9899375812487237), ([[399, 301], [491, 301], [491, 341], [399, 341]], '데에앗어', 0.2306743711233139), ([[767, 306], [851, 306], [851, 418], [767, 418]], '뼈?', 0.052274320016375005), ([[1761, 337], [1821, 337], [1821, 409], [1761, 409]], '찢액', 0.0476417483405834), ([[1753, 401], [1831, 401], [1831, 439], [1753, 439]], '임신해!', 0.7480887770652771), ([[1623, 885], [1677, 885], [1677, 921], [1623, 921]], '하아', 0.9998418686866092), ([[1709, 541], [1961, 541], [1961, 977], [1709, 977]], "'장", 0.13278677082265453), ([[1601, 915], [1655, 915], [1655, 953], [1601, 953]], '아아~', 0.8910506138386481), ([[1279, 969], [1371, 969], [1371, 1007], [1279, 1007]], '추가장전', 0.9881308078765869), ([[197, 993], [307, 993], [307, 1031], [197, 1031]], '극대자지로', 0.999694410018226), ([[1277, 999], [1373, 999], [1373, 1037], [1277, 1037]], '스템바이!', 0.3082885032532319), ([[207, 1025], [299, 1025], [299, 1061], [207, 1061]], '안쪽까지', 0.8719924092292786), ([[207, 1055], [299, 1055], [299, 1093], [207, 1093]], '비버저서', 0.3828677935871203), ([[385, 896], [521, 896], [521, 1258], [385, 1258]], '8', 0.5489795922079601), ([[670, 1040], [754, 1040], [754, 1114], [670, 1114]], '돼웨', 0.008029545623153816), ([[803, 979], [961, 979], [961, 1161], [803, 1161]], ':', 0.03369705226366393), ([[1538, 1038], [1638, 1038], [1638, 1112], [1538, 1112]], '씻안 ', 0.08889896422624588), ([[128, 1120], [200, 1120], [200, 1152], [128, 1152]], '바보가', 0.7913362383842468), ([[95, 1147], [229, 1147], [229, 1189], [95, 1189]], '돼버려요옷9', 0.26030321343109836), ([[573, 1153], [667, 1153], [667, 1191], [573, 1191]], '가버려서', 0.8092122017020843), ([[585, 1185], [655, 1185], [655, 1221], [585, 1221]], '바보가', 0.9997686743736267), ([[1105, 1175], [1177, 1175], [1177, 1213], [1105, 1213]], '주인남', 0.880539693019541), ([[585, 1213], [659, 1213], [659, 1251], [585, 1251]], '되라고', 0.9946542444600751), ([[1095, 1207], [1187, 1207], [1187, 1245], [1095, 1245]], '안돼앗어', 0.1365731954574585), ([[714, 1148], [908, 1148], [908, 1350], [714, 1350]], ']', 0.030129475229646374), ([[845, 1315], [907, 1315], [907, 1377], [845, 1377]], '7)', 0.3862503439711808), ([[1060.016368548122, 200.0156092658436], [1401.9701440975812, 330.0759566652992], [1301.983631451878, 576.9843907341564], [960.0298559024187, 446.9240433347008]], '내', 0.021784254192852792)]
[([[171, 121], [343, 121], [343, 259], [171, 259]], ':', 0.026528885860134466), ([[411, 675], [525, 675], [525, 717], [411, 717]], '이리야장의', 0.9316862295101603), ([[421, 707], [515, 707], [515, 747], [421, 747]], '짐승처럼', 0.9603159427642822), ([[409, 741], [527, 741], [527, 777], [409, 777]], '가버린 소리', 0.9951984516285692), ([[405, 771], [535, 771], [535, 811], [405, 811]], '못 참켓어~0', 0.20220355603800275), ([[364, 828], [414, 828], [414, 860], [364, 860]], '안에', 0.9989325872608898), ([[341, 857], [437, 857], [437, 895], [341, 895]], '잔뜩 싸서', 0.990719919189842), ([[341, 885], [435, 885], [435, 925], [341, 925]], '계속가게', 0.9981652498245239), ([[336, 921], [440, 921], [440, 959], [336, 959]], '하고 싶네', 0.521516945030931), ([[1271, 971], [1341, 971], [1341, 1009], [1271, 1009]], '오릇0', 0.1102547593921153), ([[103, 1051], [177, 1051], [177, 1091], [103, 1091]], '발기가', 0.9999639355170521), ([[1221, 1055], [1293, 1055], [1293, 1095], [1221, 1095]], '엄청난', 0.9864215089626114), ([[115, 1085], [165, 1085], [165, 1121], [115, 1121]], '전혀', 0.9999018835465441), ([[1231, 1089], [1283, 1089], [1283, 1125], [1231, 1125]], '시오', 0.9999053394905493), ([[91, 1113], [183, 1113], [183, 1153], [91, 1153]], '가라앉질', 0.9515229342360394), ([[1223, 1121], [1293, 1121], [1293, 1157], [1223, 1157]], '후키0', 0.2840718924999237), ([[105, 1147], [175, 1147], [175, 1187], [105, 1187]], '않의니', 0.7673020575544239), ([[86, 1176], [190, 1176], [190, 1252], [86, 1252]], '몰잘퓨', 0.008812827194314797), ([[1559, 1022], [1787, 1022], [1787, 1354], [1559, 1354]], '유', 0.018857882449588637), ([[829, 1224], [945, 1224], [945, 1386], [829, 1386]], '3', 0.04233593979872641), ([[1587.0561030476115, 185.1498098665933], [1838.171190789088, -55.09935982663123], [1976.9438969523885, 144.8501901334067], [1725.828809210912, 385.09935982663126]], '60:', 0.024971102154975108), ([[299.23882777273803, 131.0125987366896], [589.9699871798177, 312.8253983828502], [481.76117222726197, 478.9874012633104], [192.03001282018232, 297.1746016171498]], '" 깥', 0.0523388195322856), ([[24.62578652555181, 378.05912369640095], [129.0786217278772, 325.03639842741774], [216.3742134744482, 525.940876303599], [111.92137827212282, 578.9636015725823]], '1', 0.02113912850667532), ([[605.9524641571189, 404.0211110965484], [789.2469237672781, 346.53492998281035], [887.0475358428811, 703.9788889034515], [703.7530762327219, 761.4650700171896]], '남', 0.2956895891871092)]
[([[1463, 77], [1537, 77], [1537, 120], [1463, 120]], '무똑둑', 0.41117728533436065), ([[1463, 109], [1535, 109], [1535, 149], [1463, 149]], '하지만', 0.9996007538643127), ([[1473, 141], [1525, 141], [1525, 183], [1473, 183]], '엄청', 0.9893766315967576), ([[1463, 173], [1537, 173], [1537, 213], [1463, 213]], '변대인', 0.1819455361882658), ([[1803, 169], [1855, 169], [1855, 207], [1803, 207]], '미유', 0.996215291088336), ([[1785, 201], [1871, 201], [1871, 239], [1785, 239]], '이이런', 0.97009815163963), ([[1450, 202], [1550, 202], [1550, 280], [1450, 280]], '메넥관기', 0.006889670621603727), ([[387, 257], [459, 257], [459, 297], [387, 297]], '평소엔', 0.9278444412745809), ([[345, 287], [503, 287], [503, 327], [345, 327]], '어른스러운 애의', 0.9607261987895434), ([[365, 319], [483, 319], [483, 359], [365, 359]], '천박한 절정', 0.9405624704363692), ([[1385, 331], [1459, 331], [1459, 373], [1385, 373]], '흔나야', 0.5275507846406724), ([[1729, 321], [1781, 321], [1781, 357], [1729, 357]], '야한', 0.999331869256114), ([[0, 48], [284, 48], [284, 706], [0, 706]], '%', 0.6182782875663548), ([[375, 351], [473, 351], [473, 393], [375, 393]], '소리 중네', 0.795313300300219), ([[1395, 365], [1443, 365], [1443, 401], [1395, 401]], '해어', 0.4839556709423777), ([[1716, 350], [1794, 350], [1794, 456], [1716, 456]], '', 0.0), ([[291, 439], [383, 439], [383, 477], [291, 477]], '가버리는', 0.49676141142845154), ([[1705, 443], [1801, 443], [1801, 485], [1705, 485]], '오다니9', 0.4253188371658325), ([[306, 472], [372, 472], [372, 504], [306, 504]], '소리로', 0.999996283423093), ([[301, 497], [373, 497], [373, 539], [301, 539]], '사정올', 0.21829501895327336), ([[301, 531], [377, 531], [377, 567], [301, 567]], '부르네', 0.9503402236442529), ([[463, 565], [553, 565], [553, 717], [463, 717]], '개', 0.04406249810560681), ([[721, 743], [779, 743], [779, 779], [721, 779]], '자아', 0.7629358291048056), ([[1645, 647], [1825, 647], [1825, 859], [1645, 859]], '유', 0.2512933607258141), ([[24, 702], [200, 702], [200, 924], [24, 924]], '9', 0.9601885955811582), ([[643, 847], [715, 847], [715, 883], [643, 883]], '보르마', 0.8541425351354432), ([[1762, 786], [1837, 786], [1837, 903], [1762, 903]], '올', 0.994158479173862), ([[623, 879], [735, 879], [735, 917], [623, 917]], '질싸당해서', 0.900532915162458), ([[178, 900], [278, 900], [278, 1008], [178, 1008]], '뛰종월', 0.008770800527205903), ([[389, 691], [600, 691], [600, 1194], [389, 1194]], '부', 0.496186165841209), ([[624, 904], [730, 904], [730, 984], [624, 984]], '어어등래', 0.001822297926992178), ([[1692, 874], [1796, 874], [1796, 1028], [1692, 1028]], '8', 0.9951145858688051), ([[204, 998], [246, 998], [246, 1030], [204, 1030]], '보지', 0.8895011649905662), ([[201, 1025], [251, 1025], [251, 1067], [201, 1067]], '엄청', 0.9917314798941125), ([[187, 1061], [265, 1061], [265, 1097], [187, 1097]], '싸게 돼', 0.860993509925155), ([[1812, 986], [1886, 986], [1886, 1166], [1812, 1166]], '쟁', 0.007391888740785113), ([[100, 1146], [196, 1146], [196, 1220], [100, 1220]], '@로', 0.017337534758778573), ([[694, 945], [991, 945], [991, 1406], [694, 1406]], '3', 0.12873189673627028), ([[1688, 1094], [1801, 1094], [1801, 1279], [1688, 1279]], '행', 0.7875072719572564), ([[572.4326396116937, -43.99233436732993], [728.6870221136448, -13.447450074872702], [651.5673603883063, 367.99233436732993], [494.3129778863551, 336.4474500748727]], '"', 0.07215381406180033), ([[567.7652241369927, 310.0331689480648], [784.4888094083558, 345.7858153016756], [745.2347758630073, 541.9668310519352], [528.5111905916442, 506.2141846983244]], '7관', 0.009127281091128816), ([[1051.3375962791652, 1070.016887071637], [1141.4920713563356, 1036.0093161927375], [1228.6624037208348, 1291.983112928363], [1138.5079286436644, 1325.9906838072625]], '못', 0.0867242252988456), ([[1716.4350784462906, 1253.0177472960202], [1787.2674114601061, 1267.702440372978], [1752.5649215537094, 1429.9822527039798], [1680.7325885398939, 1415.297559627022]], ' ', 0.34705068214836743)]
[([[771, 165], [843, 165], [843, 201], [771, 201]], '오빠이', 0.20327921211719513), ([[277, 209], [375, 209], [375, 249], [277, 249]], '이 무똑둑', 0.24210714818901546), ([[289, 241], [361, 241], [361, 279], [289, 279]], '하지만', 0.9997359211693657), ([[289, 271], [361, 271], [361, 311], [289, 311]], '얼마나', 0.9995081890726313), ([[289, 301], [361, 301], [361, 341], [289, 341]], '변태인', 0.3360518600645771), ([[685, 309], [755, 309], [755, 345], [685, 345]], '안에도', 0.9603644471828272), ([[283, 333], [359, 333], [359, 373], [283, 373]], '거나고', 0.9921098960818819), ([[685, 341], [757, 341], [757, 377], [685, 377]], '밖에도', 0.9836149801079002), ([[194, 368], [269, 368], [269, 408], [194, 408]], '자지에', 0.9935759821897553), ([[695, 371], [745, 371], [745, 407], [695, 407]], '잔뜩', 0.9986878837034326), ([[1855, 361], [1905, 361], [1905, 399], [1855, 399]], '우오', 0.9986954672277025), ([[189, 401], [279, 401], [279, 439], [189, 439]], '솔직하게', 0.9855007529258728), ([[673, 403], [767, 403], [767, 441], [673, 441]], '싸쥐엇0', 0.1492571383714676), ([[1841, 393], [1919, 393], [1919, 431], [1841, 431]], '오오옷', 0.43692899448945915), ([[205, 429], [257, 429], [257, 469], [205, 469]], "'되니", 0.9191304755233695), ([[197, 463], [267, 463], [267, 501], [197, 501]], '정말로', 0.9999606319090059), ([[205, 493], [257, 493], [257, 533], [205, 533]], '중네', 0.5187297054025745), ([[299, 337], [629, 337], [629, 859], [299, 859]], '1', 0.03993542775898029), ([[1750, 670], [1830, 670], [1830, 780], [1750, 780]], '미', 0.11479520278856459), ([[1757, 771], [1825, 771], [1825, 809], [1757, 809]], '뿌린다', 0.8222658852937803), ([[1751, 803], [1803, 803], [1803, 839], [1751, 839]], '아앗', 0.6704899582881483), ([[326, 854], [430, 854], [430, 960], [326, 960]], '9', 0.2041201329647615), ([[1551, 1011], [1601, 1011], [1601, 1049], [1551, 1049]], '시러', 0.996142037763353), ([[789, 943], [949, 943], [949, 1155], [789, 1155]], '빛', 0.028872790342632237), ([[1193, 1051], [1251, 1051], [1251, 1087], [1193, 1087]], '오월', 0.22688745102759242), ([[1541, 1041], [1611, 1041], [1611, 1079], [1541, 1079]], '러엇9', 0.25168494331993085), ([[127, 975], [433, 975], [433, 1315], [127, 1315]], '52', 0.013803164363068074), ([[1108, 1142], [1192, 1142], [1192, 1218], [1108, 1218]], '점젖다', 0.15351292379745685), ([[1466, 1156], [1562, 1156], [1562, 1230], [1466, 1230]], '뜨건-적', 0.10444962978363037), ([[1724, 1088], [1840, 1088], [1840, 1186], [1724, 1186]], '5', 0.8744344516308047), ([[605.7175531002176, 1073.0457434030468], [729.4133186259612, 1027.3265946700228], [801.2824468997824, 1248.9542565969532], [677.5866813740388, 1295.6734053299772]], '예', 0.009891655466162996), ([[250.3572387043235, 1248.0795586545319], [340.62457803908285, 1163.0114773369462], [522.6427612956766, 1384.9204413454681], [432.37542196091715, 1468.9885226630538]], '3', 0.9997892490812319)]
[([[594, 78], [670, 78], [670, 170], [594, 170]], '제', 0.9999243035336782), ([[791, 133], [849, 133], [849, 169], [791, 169]], '자아', 0.9967859632372162), ([[1847, 211], [1925, 211], [1925, 249], [1847, 249]], '이음관', 0.371305015072547), ([[1823, 239], [1945, 239], [1945, 279], [1823, 279]], '마법소녀가]', 0.4806423110687453), ([[587, 182], [679, 182], [679, 371], [587, 371]], '점', 0.16635032328878996), ([[676, 274], [784, 274], [784, 348], [676, 348]], '반하', 0.1793753513350968), ([[1751, 413], [1845, 413], [1845, 455], [1751, 455]], '매일같이', 0.9970521330833435), ([[1761, 449], [1833, 449], [1833, 485], [1761, 485]], '유록해', 0.5135100782526861), ([[1755, 477], [1837, 477], [1837, 517], [1755, 517]], '오다니', 0.9376078983279952), ([[673, 545], [717, 545], [717, 609], [673, 609]], '옷', 0.9283561847551027), ([[1662, 685], [1748, 685], [1748, 896], [1662, 896]], '예', 0.46947866841762576), ([[20, 834], [121, 834], [121, 1044], [20, 1044]], '옛', 0.6951074725044606), ([[184, 918], [282, 918], [282, 996], [184, 996]], '주칙등액', 0.017021846026182175), ([[1537, 957], [1609, 957], [1609, 997], [1537, 997]], '오늘도', 0.6623446345329285), ([[197, 985], [271, 985], [271, 1021], [197, 1021]], '마시고', 0.9998672367615528), ([[1533, 981], [1617, 981], [1617, 1097], [1533, 1097]], '#', 0.18831514336342536), ([[1582, 1024], [1608, 1024], [1608, 1056], [1582, 1056]], '할', 0.994650741830899), ([[106, 1111], [189, 1111], [189, 1190], [106, 1190]], '얘', 0.06613635866168366), ([[1293, 941], [1398, 941], [1398, 1216], [1293, 1216]], '병', 0.04392384062659094), ([[1425, 1193], [1505, 1193], [1505, 1231], [1425, 1231]], '각오해]', 0.436922162771225), ([[120, 1346], [168, 1346], [168, 1414], [120, 1414]], '옷', 0.9985069845014358), ([[588.3762171384482, 380.0194742151711], [664.512991860092, 362.1151198473985], [707.6237828615518, 559.9805257848288], [631.487008139908, 577.8848801526015]], '핸', 0.2517582586244238), ([[1199.6275087773677, 1042.00578263124], [1286.234789813026, 1029.0636984740813], [1334.3724912226323, 1387.99421736876], [1247.765210186974, 1400.9363015259187]], '공', 0.008272688079742574), ([[15.567264374782733, 1130.0085151194814], [95.70540443587225, 1120.133004292349], [129.43273562521728, 1405.9914848805186], [49.294595564127754, 1415.866995707651]], '불', 0.0023711719943314696)]
[([[90, 60], [258, 60], [258, 210], [90, 210]], '9', 0.5113532486752916), ([[1207, 55], [1321, 55], [1321, 205], [1207, 205]], '5', 0.029204987382060787), ([[1799, 163], [1901, 163], [1901, 199], [1799, 199]], '후~~~으0', 0.5273851526424846), ([[1371, 179], [1441, 179], [1441, 217], [1371, 217]], '무심코', 0.6015881896018982), ([[1800, 196], [1880, 196], [1880, 228], [1800, 228]], '후~~~으', 0.9501275819394264), ([[1359, 209], [1451, 209], [1451, 247], [1359, 247]], '진심교배', 0.9893566370010376), ([[1190, 202], [1270, 202], [1270, 344], [1190, 344]], '7', 0.9394004307860229), ([[1345, 239], [1465, 239], [1465, 279], [1345, 279]], '해 버(네어', 0.09200620852797169), ([[1279, 361], [1357, 361], [1357, 401], [1279, 401]], '쿠로~?', 0.8922551870346069), ([[1701, 357], [1797, 357], [1797, 397], [1701, 397]], '정말이지', 0.9950244426727295), ([[1711, 389], [1787, 389], [1787, 427], [1711, 427]], '야룻한', 0.5841654469804396), ([[1705, 419], [1793, 419], [1793, 459], [1705, 459]], '행동의로', 0.8564555644989014), ([[1715, 451], [1785, 451], [1785, 489], [1715, 489]], '유혹해', 0.7199335753659067), ([[1701, 481], [1795, 481], [1795, 521], [1701, 521]], '오다니)', 0.2487993985414505), ([[823, 787], [903, 787], [903, 825], [823, 825]], "'아이건", 0.6895339488983154), ([[837, 819], [891, 819], [891, 855], [837, 855]], '너무', 0.9999733632956482), ([[191, 853], [305, 853], [305, 895], [191, 895]], '"갈색피부랑', 0.4044234511309587), ([[815, 845], [911, 845], [911, 887], [815, 887]], '가버려서', 0.9884237051010132), ([[213, 887], [285, 887], [285, 925], [213, 925]], '정액의', 0.9922070440185409), ([[823, 879], [903, 879], [903, 921], [823, 921]], '못들나', 0.421043804287703), ([[183, 919], [317, 919], [317, 955], [183, 955]], '굳트라스트가', 0.25721472494383524), ([[827, 911], [899, 911], [899, 949], [827, 949]], '보네어', 0.4554523742786034), ([[189, 949], [291, 949], [291, 987], [189, 987]], '너무 야해:', 0.6180062257185324), ([[117, 1067], [197, 1067], [197, 1105], [117, 1105]], '한번더', 0.9808437100106515), ([[107, 1097], [207, 1097], [207, 1137], [107, 1137]], '범해불까', 0.7077573537826538), ([[283, 1283], [335, 1283], [335, 1303], [283, 1303]], '3구타', 0.004934248957278979), ([[347, 1283], [439, 1283], [439, 1303], [347, 1303]], '2022/12/31', 0.9888711762190324), ([[454, 1280], [628, 1280], [628, 1306], [454, 1306]], '그: " \'7-4" 1101', 0.14676586497191754), ([[285, 1303], [319, 1303], [319, 1319], [285, 1319]], '옷리', 0.010782647300835982), ([[331, 1301], [487, 1301], [487, 1321], [331, 1321]], '어|닿라`리@8악리;| <어<', 2.006089038865201e-06), ([[285, 1315], [319, 1315], [319, 1333], [285, 1333]], '티팅]', 0.001961459938226974), ([[333, 1315], [429, 1315], [429, 1335], [333, 1335]], '4 7 7 ^ " ?', 0.10659223576958184), ([[419.5224623459049, 616.0081467350133], [513.382370965231, 579.0052226725486], [642.4775376540952, 936.9918532649867], [548.617629034769, 972.9947773274514]], '5', 0.012961560676158834), ([[1583.5064810012016, 758.0045107657256], [1775.7478829995819, 732.4207297500047], [1851.4935189987984, 1358.9954892342744], [1659.2521170004181, 1384.5792702499953]], '몸', 0.10499512027439906), ([[1021.6538081229459, 1085.0377845884368], [1163.636380939484, 986.008438581454], [1361.346191877054, 1310.9622154115632], [1219.363619060516, 1410.9915614185459]], '$', 0.36371501762209846)]
[]
