2539402
124
[([[26, 832], [634, 832], [634, 910], [26, 910]], '후타나리 메이드 벌주기', 0.7618870771040107), ([[517, 1013], [641, 1013], [641, 1073], [517, 1073]], '웬식', 0.00716370548785414), ([[504, 1066], [646, 1066], [646, 1114], [504, 1114]], '[물-', 0.005203533425627518)]
[]
[]
[]
[([[141, 505], [463, 505], [463, 619], [141, 619]], '30분 뒤', 0.7238167655252242), ([[149, 621], [817, 621], [817, 735], [149, 735]], '교육 담당 메이드', 0.7096093863916273), ([[856, 625], [1524, 625], [1524, 723], [856, 723]], '까하하하하하하', 0.9954390902281838), ([[1644, 620], [1942, 620], [1942, 740], [1644, 740]], '이방송', 0.8262797594070435), ([[147, 723], [1189, 723], [1189, 835], [147, 835]], '재7네~, 어 시간 다 뒷다', 0.19398002329713127), ([[154, 910], [712, 910], [712, 1010], [154, 1010]], '일하러 돌아간다', 0.9598478879844481), ([[150, 1006], [564, 1006], [564, 1104], [150, 1104]], '조금 더 신다', 0.7035639291417743)]
[([[145, 513], [489, 513], [489, 625], [145, 625]], '4시간 후', 0.9035559163956268), ([[147, 701], [815, 701], [815, 813], [147, 813]], '교육 담당 메이드', 0.9235583251870054), ([[848, 694], [1764, 694], [1764, 822], [848, 822]], '잇 시간 가능 줄 몰탕네.', 0.15755305956095644)]
[([[189, 949], [251, 949], [251, 980], [189, 980]], '7 ', 0.23699911135392315), ([[395, 2052], [575, 2052], [575, 2095], [395, 2095]], '[-이<^ 0.1.근', 0.011567047066893035), ([[1029, 2014], [1454, 2014], [1454, 2209], [1029, 2209]], '003', 0.37808119035609555), ([[1058, 2185], [1486, 2185], [1486, 2382], [1058, 2382]], '(90', 0.21095173803614833), ([[88, 2352], [523, 2352], [523, 2433], [88, 2433]], '교육 담당 메이드', 0.9799042672110515), ([[647, 2348], [1287, 2348], [1287, 2437], [647, 2437]], '응 아직 살아있는 것 같군.', 0.4095105058485506), ([[589.1375990184697, 2516.871517349868], [1321.6044252250897, 2454.695516031974], [1322.8624009815303, 2570.128482650132], [590.3955747749102, 2632.304483968026]], '어어', 0.0013154947114033747)]
[([[191, 949], [251, 949], [251, 980], [191, 980]], '7', 0.7610724793967307)]
[([[191, 949], [251, 949], [251, 980], [191, 980]], '7', 0.3672865778350207)]
[]
[]
[]
[]
[]
[([[396, 2052], [575, 2052], [575, 2095], [396, 2095]], '이-이^ 0.1.2', 0.014981036037435523), ([[1025, 2015], [1456, 2015], [1456, 2209], [1025, 2209]], '00)', 0.46092858951196136), ([[582, 2269], [646, 2269], [646, 2351], [582, 2351]], '1', 0.9416335429739462), ([[1053, 2187], [1485, 2187], [1485, 2380], [1053, 2380]], '~00', 0.33379274192076247), ([[87, 2349], [1368, 2349], [1368, 2438], [87, 2438]], '교육 담당 메이드 : 네~, 풀어드겨어요 잔뜩 싸주세요', 0.38667430841013406), ([[585, 2500], [908, 2500], [908, 2637], [585, 2637]], '9', 0.2785087544339717), ([[1044, 2459], [1325, 2459], [1325, 2585], [1044, 2585]], "'", 0.6807320851481222)]
[]
[]
[]
[]
[]
[]
[([[1042, 2038], [1340, 2038], [1340, 2203], [1042, 2203]], '0)', 0.2694783527264456), ([[88, 2352], [710, 2352], [710, 2433], [88, 2433]], '교육 담당 메이드 : 어라?', 0.890992966565793), ([[773, 2218], [1156, 2218], [1156, 2411], [773, 2411]], '새애"', 0.0019975069057262536), ([[588.2067587797834, 2515.2548693155236], [1331.5831148889365, 2446.6089839407705], [1334.7932412202165, 2562.7451306844764], [591.4168851110635, 2631.3910160592295]], '다', 0.0022253130993071246)]
[([[87, 2350], [1188, 2350], [1188, 2434], [87, 2434]], '교육 담당 메이드 : 왜 정액이안 나오는 거죄', 0.6776380342637689), ([[182.92786474780124, 831.8835753824347], [277.1233719708709, 914.9472419242143], [110.07213525219878, 1091.1164246175654], [16.876628029129083, 1008.0527580757857]], '@', 0.18720848435408755)]
[([[21, 1572], [228, 1572], [228, 1761], [21, 1761]], '{', 0.10299216528188992)]
[]
[]
[]
[]
[([[194, 1072], [871, 1072], [871, 1193], [194, 1193]], '교육 담당 메이드', 0.9540421495672692), ([[919, 1072], [2107, 1072], [2107, 1195], [919, 1195]], '문가 고장낫나 어절 수 없군요', 0.3728087920928721), ([[2087, 1155], [2107, 1155], [2107, 1182], [2087, 1182]], '9', 0.9999799729396273), ([[2119, 1077], [2621, 1077], [2621, 1192], [2119, 1192]], '그 녀석에게', 0.691159624755201), ([[197, 1184], [1740, 1184], [1740, 1308], [197, 1308]], '도와달라고 해야계어요 십고 하지만요', 0.3719861487621123), ([[1352, 1487], [1568, 1487], [1568, 1595], [1352, 1595]], '7이', 0.05543256859942663), ([[1607, 1490], [1814, 1490], [1814, 1591], [1607, 1591]], '-6', 0.25788831738598356), ([[1854, 1480], [2706, 1480], [2706, 1595], [1854, 1595]], '여어군+좁니6디]', 8.036312916312921e-05)]
[([[187, 1575], [373, 1575], [373, 1736], [187, 1736]], '((^', 0.15809413144345721), ([[97, 2365], [1392, 2365], [1392, 2440], [97, 2440]], '멋대로 정액올 사년 것올 데이드장에계 들키면 벌반계 된다.', 0.28361402774809497), ([[104, 2509], [273, 2509], [273, 2582], [104, 2582]], '참는다', 0.15634845197200775), ([[98, 2589], [273, 2589], [273, 2666], [98, 2666]], '딸친다', 0.8986417188978888)]
[([[187, 1575], [373, 1575], [373, 1736], [187, 1736]], '((^', 0.15809413144345721), ([[97, 2365], [1392, 2365], [1392, 2440], [97, 2440]], '멋대로 정액올 사년 것올 데이드장에계 들키면 벌반계 된다.', 0.28361402774809497), ([[102, 2505], [277, 2505], [277, 2586], [102, 2586]], '참는다', 0.3320561270586512), ([[97, 2592], [271, 2592], [271, 2665], [97, 2665]], '딸친다', 0.9327030777931213)]
[]
[([[90, 1835], [397, 1835], [397, 1892], [90, 1892]], '\'문이 열리논 소리"', 0.5155067156143669)]
[([[661.4404474631158, 1031.011186577895], [770.1076923076923, 1045.9384615384615], [732.5595525368842, 1308.988813422105], [623.8923076923077, 1294.0615384615385]], '기1', 0.18821984068183698)]
[([[19, 1552], [388, 1552], [388, 1761], [19, 1761]], '&', 0.011317078658042101)]
[]
[]
[]
[]
[]
[]
[([[146, 530], [1513, 530], [1513, 623], [146, 623]], '메이드장은 일부 메이드의 감각을 공유하고 있다,', 0.4267711864469016), ([[145, 618], [1469, 618], [1469, 711], [145, 711]], '그렇기에 메이드의 모든 행동올 감시활 수 있다', 0.5996960337642221)]
[]
[]
[([[826, 151], [901, 151], [901, 226], [826, 226]], "'", 0.7622076196164507), ([[69, 2345], [1197, 2345], [1197, 2434], [69, 2434]], '마음대로 사정하면 이런 구속구들 달계 되고', 0.5867861136344968), ([[69, 2418], [1033, 2418], [1033, 2504], [69, 2504]], '당분간 발기와 사정올 제한당합니다.', 0.755026033556482)]
[([[720, 393], [1038, 393], [1038, 466], [720, 466]], '[4-이^ 0.1.근', 0.011545667426881597), ([[1847, 336], [2579, 336], [2579, 656], [1847, 656]], '0)', 0.2095566134436159), ([[798, 652], [1242, 652], [1242, 1037], [798, 1037]], '', 0.0), ([[1100, 1242], [1232, 1242], [1232, 1392], [1100, 1392]], '1', 0.9992277921468293), ([[1911.8020786319778, 711.0863986261179], [2609.8520425297247, 656.2449129691437], [2607.1979213680224, 893.9136013738821], [1909.147957470275, 947.7550870308563]], ')', 0.8503667661504047), ([[1252.956815314876, 1200.358165763305], [2347.266404651025, 1109.2374290532077], [2346.0431846851243, 1301.641834236695], [1251.733595348975, 1392.7625709467923]], '9,23:56', 0.25316559964519825)]
[]
[]
[]
[]
[]
[([[79, 2343], [483, 2343], [483, 2420], [79, 2420]], '교육 담당 메이드', 0.9550896932112153), ([[502, 2343], [1342, 2343], [1342, 2420], [502, 2420]], '축아해요 마도카 씨, 오늘은 사정 금지', 0.5999608496197651), ([[77, 2419], [964, 2419], [964, 2494], [77, 2494]], '20일째예요 푸슨 날이 머지않안네요', 0.39168049795722915), ([[79, 2491], [1061, 2491], [1061, 2568], [79, 2568]], '조금 이르기 한데 발기 제한올 먼저 풀계요', 0.3870521052626784)]
[([[395, 2052], [575, 2052], [575, 2095], [395, 2095]], '[4-이<4 0.1.근', 0.020120494983985993), ([[1028, 2011], [1455, 2011], [1455, 2209], [1028, 2209]], '00', 0.2126544163119443), ([[444, 2150], [925, 2150], [925, 2410], [444, 2410]], ')사스', 0.011721807980965313), ([[1051, 2187], [1486, 2187], [1486, 2385], [1051, 2385]], '0)', 0.3823052869205389), ([[1038, 2448], [1326, 2448], [1326, 2593], [1038, 2593]], ':02', 0.9007359425620957), ([[591.5389310612288, 2516.218013942881], [1039.2208405030556, 2479.3946361280823], [1039.4610689387712, 2599.781986057119], [590.7791594969443, 2635.6053638719177]], '00:01', 0.31257711238084923)]
[([[395, 2051], [576, 2051], [576, 2095], [395, 2095]], '[-^ 0.1.근', 0.07352303322901443), ([[1028, 2012], [1455, 2012], [1455, 2209], [1028, 2209]], '0)', 0.29109189757653053), ([[1051, 2185], [1486, 2185], [1486, 2384], [1051, 2384]], '0)', 0.29224018922201134), ([[781, 2446], [1329, 2446], [1329, 2616], [781, 2616]], '101 :02', 0.11204958839173644)]
[]
[([[399.3941368172834, 1856.2188925422204], [494.81405314750856, 1845.4188141219754], [498.6058631827166, 1903.7811074577796], [403.18594685249144, 1913.5811858780246]], ')교', 0.03511063555316569)]
[([[400, 1845], [500, 1845], [500, 1912], [400, 1912]], '1이', 0.0019413325307109596), ([[79, 2343], [1308, 2343], [1308, 2420], [79, 2420]], '교육 담당 메이드 : 마도카 씨의 자지가 기운이 없네요', 0.6972782091889901), ([[85, 2422], [425, 2422], [425, 2491], [85, 2491]], '도와드랗까요?', 0.2570931549110365)]
[]
[]
[]
[]
[]
[]
[]
[]
[([[84, 2343], [1493, 2343], [1493, 2420], [84, 2420]], '교육 담당 메이드 : 우앗 . 더러워라   자지가 발기되지않아도', 0.4516609446245625), ([[84, 2419], [809, 2419], [809, 2496], [84, 2496]], '껍질 벗겨서 제대로 씻으라고요', 0.44539557176758676)]
[]
[]
[]
[]
[]
[]
[]
[]
[]
[]
[]
[]
[([[393, 2052], [575, 2052], [575, 2095], [393, 2095]], '[-이^ 0.1.근', 0.010051005298754091), ([[1027, 2012], [1456, 2012], [1456, 2210], [1027, 2210]], '0))', 0.7975383627662117), ([[1053, 2189], [1483, 2189], [1483, 2376], [1053, 2376]], '0))', 0.5109167098999023), ([[84, 2340], [514, 2340], [514, 2420], [84, 2420]], '교육 담당 메이드:', 0.9792906721239973), ([[590, 2338], [1407, 2338], [1407, 2415], [590, 2415]], "'30분 남앉나 배고파라. 저논 이제", 0.4144658103037692), ([[90, 2415], [1266, 2415], [1266, 2492], [90, 2492]], '밥 먹으러 갈게요 돌아오면 풀어드컵계요 그럼 이만', 0.5091613846774108), ([[590.4108634548995, 2524.262813255289], [1315.6421865038656, 2459.9709538792745], [1318.5891365451005, 2568.737186744711], [593.3578134961346, 2633.0290461207255]], '0어:어어.9', 0.011319649207109995)]
[([[141, 505], [463, 505], [463, 619], [141, 619]], '30분 뒤', 0.754491677045642), ([[149, 621], [817, 621], [817, 735], [149, 735]], '교육 담당 메이드', 0.7110815886348494), ([[856, 625], [1524, 625], [1524, 723], [856, 723]], '까하하하하하하', 0.9944885540205937), ([[1644, 620], [1942, 620], [1942, 740], [1644, 740]], '이방송', 0.8262797594070435), ([[147, 723], [1189, 723], [1189, 835], [147, 835]], '재7네~, 어 시간 다 뒷다', 0.21885105518890738), ([[154, 910], [712, 910], [712, 1010], [154, 1010]], '일하러 돌아간다', 0.9605954752633958), ([[152, 1006], [564, 1006], [564, 1106], [152, 1106]], '조금 더 쉽다', 0.35615367505649687)]
[]
[([[141, 505], [463, 505], [463, 619], [141, 619]], '30분 뒤', 0.7630547681402193), ([[149, 621], [817, 621], [817, 735], [149, 735]], '교육 담당 메이드', 0.7756925538130319), ([[858, 627], [1524, 627], [1524, 723], [858, 723]], '까하하하하하하', 0.9456976407830798), ([[1644, 620], [1942, 620], [1942, 740], [1644, 740]], '이방송', 0.9664870500564575), ([[149, 723], [1189, 723], [1189, 835], [149, 835]], '재7네~ 어 시간 다 뒷다', 0.19516208266161592), ([[154, 910], [714, 910], [714, 1010], [154, 1010]], '일하러 돌아간다', 0.9313557235038672), ([[152, 1006], [562, 1006], [562, 1106], [152, 1106]], '조금 더 신다', 0.49857679540143773)]
[([[393, 2051], [575, 2051], [575, 2095], [393, 2095]], '4-이^ 0,1.2', 0.041448436414909196), ([[1027, 2010], [1456, 2010], [1456, 2211], [1027, 2211]], '0))', 0.7713398519924893), ([[447, 2200], [659, 2200], [659, 2398], [447, 2398]], '))', 0.5290543653171267), ([[1063.967625615203, 2223.115105413785], [1474.3999426110904, 2191.580978342602], [1474.032374384797, 2346.884894586215], [1063.6000573889096, 2377.419021657398]], '0))', 0.9849565678060267), ([[526.7390096630006, 2524.4780193260012], [1318.624074339088, 2453.777485701661], [1321.2609903369994, 2569.5219806739988], [530.3759256609118, 2640.222514298339]], "-0어'어어.08", 0.03499705770587695)]
[([[395, 2051], [576, 2051], [576, 2095], [395, 2095]], '[4-<^ 0.1.', 0.011566248752983227), ([[1023, 2006], [1458, 2006], [1458, 2213], [1023, 2213]], '0)', 0.9896736081716371), ([[490, 2232], [660, 2232], [660, 2366], [490, 2366]], '1)1', 0.3778833931944127), ([[103, 2348], [1334, 2348], [1334, 2434], [103, 2434]], '교육 담당 메이드 : 자 풀어드쩐어요 잔뜩 싸주세요', 0.430485861630804), ([[541, 2548], [605, 2548], [605, 2617], [541, 2617]], '무', 0.03899960126899438), ([[586, 2497], [915, 2497], [915, 2637], [586, 2637]], '무리', 0.004375397033494795), ([[1046, 2456], [1323, 2456], [1323, 2588], [1046, 2588]], "'", 0.5521943138139704), ([[1064.8968575437868, 2226.1232891221885], [1475.471823166636, 2195.741967100717], [1474.1031424562132, 2346.8767108778115], [1063.528176833364, 2377.258032899283]], '0))', 0.9945442035021634)]
[]
[]
[]
[]
[]
[]
[]
[]
[]
[]
[]
[]
[]
[]
[]
[]
[]
[]
[]
[]
[]
[]
[([[188, 1585], [381, 1585], [381, 1735], [188, 1735]], '((', 0.243794185081883), ([[97, 2365], [1398, 2365], [1398, 2440], [97, 2440]], '멋대로 정액올 사년 것올 데이드장에계 걸리면 벌반계 된다', 0.20049530638541305), ([[100, 2505], [277, 2505], [277, 2585], [100, 2585]], '참는다', 0.10845488416281036), ([[97, 2592], [271, 2592], [271, 2665], [97, 2665]], '딸친다', 0.9344728589057922)]
[]
[]
[([[1, 1558], [230, 1558], [230, 1763], [1, 1763]], '&', 0.13952207860853694)]
[([[1, 1557], [379, 1557], [379, 1769], [1, 1769]], '((', 0.02912534297317889)]
[]
[]
[]
[]
[]
[]
[]
[]
[]
[]
[]
[]
[]
