2540130
8
[([[369, 61], [475, 61], [475, 81], [369, 81]], '신 주구 나초메', 0.3546536936041036), ([[268, 318], [292, 318], [292, 344], [268, 344]], '쇠', 0.11060848516764565), ([[104, 328], [509, 328], [509, 504], [104, 504]], '돼대6도', 0.0024012846406549215), ([[403, 447], [513, 447], [513, 489], [403, 489]], '로스낳', 0.007150656461189029), ([[471, 509], [521, 509], [521, 527], [471, 527]], "'카미우", 0.8462388515472412), ([[473, 525], [513, 525], [513, 543], [473, 543]], '마 가', 0.993130087852478), ([[473, 541], [521, 541], [521, 557], [473, 557]], '주세요', 0.9755553124637809), ([[462.8905996075495, 351.3358994113243], [502.6274669424135, 346.8375236125618], [504.1094003924505, 369.6641005886757], [464.3725330575865, 374.1624763874382]], '2000', 0.9371513229238425)]
[([[451, 64], [471, 64], [471, 111], [451, 111]], '꼴', 0.04365536290606897), ([[465, 77], [503, 77], [503, 115], [465, 115]], '틈', 0.03678588464174326), ([[62, 204], [110, 204], [110, 230], [62, 230]], '룻판', 0.0036458991861823132), ([[43, 259], [93, 259], [93, 279], [43, 279]], '카춧미', 0.40948177908962013), ([[252, 234], [282, 234], [282, 312], [252, 312]], '육', 0.19525974087759668), ([[43, 291], [109, 291], [109, 307], [43, 307]], '1213-34', 0.9999639542892009), ([[381, 295], [413, 295], [413, 313], [381, 313]], '냄새', 0.9910286532801044), ([[365, 295], [381, 295], [381, 341], [365, 341]], '꼴', 0.020134485954131698), ([[382, 306], [418, 306], [418, 330], [382, 330]], '쫓은', 0.11265672573369147), ([[431, 409], [449, 409], [449, 471], [431, 471]], '', 0.0), ([[447, 425], [463, 425], [463, 457], [447, 457]], '장', 0.5272003032282591), ([[75, 599], [105, 599], [105, 617], [75, 617]], '이것', 0.9418254160352674), ([[79.25670585375283, 237.33103526837755], [111.86269797009766, 233.49428050028757], [113.74329414624717, 247.66896473162245], [81.13730202990234, 251.50571949971243]], '12-0', 0.8197281960833883)]
[([[385, 261], [421, 261], [421, 299], [385, 299]], '후기', 0.13899706922080102), ([[109, 307], [127, 307], [127, 341], [109, 341]], '불', 0.5375787638336682), ([[127, 323], [157, 323], [157, 339], [127, 339]], '에서', 0.9953998264099186), ([[97, 339], [127, 339], [127, 355], [97, 355]], '직 진', 0.6407192945480347)]
[([[379, 85], [415, 85], [415, 123], [379, 123]], '(숲님', 0.18141033085010977), ([[56, 228], [125, 228], [125, 257], [56, 257]], '7시*"', 0.040197789669036865), ([[200, 442], [234, 442], [234, 470], [200, 470]], '엿로', 0.01897717191298986), ([[203, 533], [269, 533], [269, 553], [203, 553]], '그렇 군요', 0.7316116356587447), ([[201, 561], [257, 561], [257, 601], [201, 601]], '@살현', 0.04192676012081363)]
[([[323, 67], [355, 67], [355, 83], [323, 83]], '하아', 0.9997484768738726), ([[483, 77], [515, 77], [515, 93], [483, 93]], '하아', 0.9998902513704756), ([[322, 80], [358, 80], [358, 112], [322, 112]], '몇생', 0.0331699964361258), ([[417, 251], [445, 251], [445, 267], [417, 267]], '부터', 0.9994414313720219), ([[374, 246], [430, 246], [430, 296], [374, 296]], "'여#부", 0.039544083178043365), ([[425, 261], [455, 261], [455, 281], [425, 281]], '있엇', 0.21623980125861855), ([[147, 417], [271, 417], [271, 505], [147, 505]], '1', 0.4315361544232843), ([[404, 470], [436, 470], [436, 498], [404, 498]], '(확와', 0.03420555603164305), ([[70, 544], [158, 544], [158, 596], [70, 596]], '\'콤횟"출', 0.013489682170544467), ([[69, 571], [121, 571], [121, 609], [69, 609]], '틈목교', 0.028747089024133133)]
[([[181, 63], [209, 63], [209, 79], [181, 79]], '정말', 0.9999162130932887), ([[181, 85], [225, 85], [225, 105], [181, 105]], '권찮아', 0.38999443636317477), ([[181, 101], [205, 101], [205, 117], [181, 117]], '요?', 0.9997658401402745), ([[461, 359], [489, 359], [489, 377], [461, 377]], '넣어', 0.5942618247213037), ([[461, 373], [483, 373], [483, 389], [461, 389]], '요', 0.9999378929244962), ([[429, 513], [459, 513], [459, 533], [429, 533]], '오옷', 0.3495400715376391)]
[([[477, 57], [521, 57], [521, 73], [477, 73]], '이화요', 0.544684896086289), ([[475, 79], [515, 79], [515, 117], [475, 117]], '표', 0.0946244836478094), ([[79, 443], [109, 443], [109, 459], [79, 459]], '같아', 0.9945184084437645), ([[86.31215814362656, 156.04753863411125], [126.54672563809082, 151.24525081623935], [136.68784185637344, 237.95246136588875], [96.45327436190918, 243.75474918376065]], '주', 0.6571092455944303)]
[([[131, 65], [161, 65], [161, 81], [131, 81]], '이렇', 0.6034432401799552), ([[253, 101], [283, 101], [283, 117], [253, 117]], '퍽? !', 0.5716302990913391), ([[473, 265], [515, 265], [515, 281], [473, 281]], '뒷어요', 0.8106446558416042), ([[472, 290], [514, 290], [514, 320], [472, 320]], '불어뒤', 0.031102873884250648), ([[377, 387], [391, 387], [391, 417], [377, 417]], '푹', 0.013592988510682746), ([[459, 471], [507, 471], [507, 485], [459, 485]], '혜혜혜', 0.49502375296940776), ([[185, 477], [227, 477], [227, 513], [185, 513]], '[ [@', 0.5637544180836321), ([[337, 481], [353, 481], [353, 517], [337, 517]], '움', 0.07190533447925773), ([[457, 481], [497, 481], [497, 519], [457, 519]], '이룩', 0.04441341162135609), ([[497, 485], [513, 485], [513, 517], [497, 517]], '톤', 0.9511117598490024), ([[125, 507], [171, 507], [171, 523], [125, 523]], '표니판어}', 0.000286308810046603), ([[133, 517], [161, 517], [161, 535], [133, 535]], '("8', 0.015154477021364549), ([[200, 514], [232, 514], [232, 546], [200, 546]], '[%', 0.09095569864325369), ([[457, 513], [493, 513], [493, 533], [457, 533]], '말야', 0.9867746244129894), ([[106.73567255981797, 623.0175441986347], [122.23923376515698, 619.0143597491971], [141.26432744018203, 701.9824558013653], [124.76076623484302, 705.9856402508029]], '8', 0.8965333914500349)]
