2541888
45
[([[151, 39], [257, 39], [257, 125], [151, 125]], '이', 0.979022935962437), ([[257, 33], [585, 33], [585, 191], [257, 191]], '슬비와', 0.8182561921451518), ([[620, 36], [914, 36], [914, 162], [620, 162]], '위어~', 0.026616859665869273), ([[26, 1198], [518, 1198], [518, 1295], [26, 1295]], '미경경제 그맙물간', 0.005651190588785058), ([[27, 1295], [197, 1295], [197, 1363], [27, 1363]], '[8', 0.015509258027450885), ([[845, 1325], [1017, 1325], [1017, 1389], [845, 1389]], '46039채', 0.0030668781638893542)]
[([[116, 50], [460, 50], [460, 104], [116, 104]], '침에 범먹이 도 허위 틀', 0.10823827212171881), ([[472, 54], [660, 54], [660, 86], [472, 86]], '미끄러지드이', 0.9335710957405987), ([[670, 54], [712, 54], [712, 82], [670, 82]], '자', 0.9965433003658433), ([[706, 52], [836, 52], [836, 100], [706, 100]], '극하논 ..', 0.35892529220283037), ([[212.56053135686122, 1090.7771158494086], [396.8524211096287, 1055.8715226855031], [406.4394686431388, 1126.2228841505914], [222.14757889037128, 1161.1284773144969]], '%8688', 0.022792183080863684)]
[([[62, 52], [672, 52], [672, 106], [62, 106]], '정신올 차려올때는 아까보다 부풀어 오른', 0.5442272925008526), ([[685, 55], [783, 55], [783, 99], [685, 99]], '그것이', 0.9993518294457899), ([[795, 55], [865, 55], [865, 91], [795, 91]], '크게', 0.9836468469405355), ([[871, 49], [1001, 49], [1001, 105], [871, 105]], '요동치다', 0.1431550234556198), ([[62, 98], [592, 98], [592, 154], [62, 154]], '편가들 목구멍으로 밀어넘고 있없다.', 0.3732569914661035), ([[185.56239843019816, 739.3435976452972], [296.3189853266388, 702.0243498182206], [315.4376015698018, 767.6564023547028], [204.68101467336115, 804.9756501817794]], '완6', 0.03416656478347876), ([[246.8101911086844, 765.6634395499741], [357.5906989330456, 735.2777552097064], [373.1898088913156, 803.3365604500259], [261.4093010669544, 833.7222447902936]], "'완령6", 0.06695906072854996), ([[87.59120522592515, 1098.3283388133304], [202.3994140234833, 1074.6716905767776], [214.40879477407486, 1151.6716611866696], [99.6005859765167, 1176.3283094232224]], '움직?', 0.007138453102930609), ([[171.31552506177647, 1143.4096801976848], [287.328704436722, 1115.6009766250922], [300.6844749382235, 1192.5903198023152], [184.67129556327805, 1219.3990233749078]], '졸직0', 0.0006122565487734947)]
[([[208.46050308407604, 754.3657104858586], [400.70534118763817, 724.3494390465142], [408.53949691592396, 805.6342895141414], [216.2946588123618, 835.6505609534858]], '4우소0', 0.009708055295050144)]
[([[166, 120], [204, 120], [204, 148], [166, 148]], '이', 0.9990684772276381), ([[202, 116], [356, 116], [356, 164], [202, 164]], '것이 정액', 0.8226847573954614)]
[([[838.9640536057628, 1086.2634037018988], [936.5099956953176, 1067.2000045312448], [947.0359463942372, 1139.7365962981012], [849.4900043046824, 1158.7999954687552]], '팔팩', 0.004060175920926782)]
[([[190, 42], [394, 42], [394, 92], [190, 92]], '맛은 . 없없다', 0.7235763224955716), ([[186, 88], [412, 88], [412, 141], [186, 141]], '편가 부족해다', 0.2394712814673242), ([[427, 80], [836, 80], [836, 146], [427, 146]], '이런계  몸안에   들어온다면', 0.34424307529006093), ([[185, 139], [528, 139], [528, 188], [185, 188]], '아랫배가 저리거려다', 0.3011072915987335)]
[([[13, 495], [252, 495], [252, 559], [13, 559]], '용돈돈 필오행기', 0.152719691747243), ([[260, 500], [388, 500], [388, 548], [260, 548]], '그 맛간', 0.17060284617648855), ([[16, 546], [439, 546], [439, 607], [16, 607]], '두관거리올 엿0숙가 없없다.', 0.011083082966483557), ([[18, 598], [408, 598], [408, 654], [18, 654]], '결국 딴 바보깥이 어기에', 0.2504581397157895), ([[18, 646], [306, 646], [306, 696], [18, 696]], '다시 오게 되없다.', 0.4869660290098176)]
[([[5, 89], [165, 89], [165, 271], [5, 271]], ')', 0.016708318021429136), ([[71, 249], [211, 249], [211, 389], [71, 389]], '@', 0.9983933470013859), ([[136, 390], [250, 390], [250, 494], [136, 494]], '@', 0.8976780716750454), ([[21, 675], [233, 675], [233, 807], [21, 807]], '떼익', 0.010737746471694596), ([[70, 972], [222, 972], [222, 1142], [70, 1142]], '행@', 0.009289180055494393)]
[([[14, 508], [366, 508], [366, 564], [14, 564]], '몇일새 그런 일대 다시', 0.11917134967546626), ([[9, 553], [286, 553], [286, 609], [9, 609]], '일어나지 양앞두_', 0.19274926737145867), ([[271, 581], [309, 581], [309, 601], [271, 601]], '갑', 0.0031563217748632605), ([[8, 603], [322, 603], [322, 664], [8, 664]], '하고 자주 있은법안', 0.033564239645760385), ([[7, 651], [205, 651], [205, 712], [7, 712]], '일은 아니지.', 0.40340381922977053), ([[193, 683], [227, 683], [227, 699], [193, 699]], '7', 0.06004397331180744)]
[([[906, 102], [956, 102], [956, 126], [906, 126]], '나도', 0.9999842371150446), ([[803, 134], [987, 134], [987, 170], [803, 170]], '제정신이 아니지', 0.9962943982494841)]
[([[0, 433], [313, 433], [313, 494], [0, 494]], '처음에눈 별기 야민', 0.043116374873031146), ([[4, 486], [210, 486], [210, 538], [4, 538]], '호기심이없다 ', 0.2619290336026782), ([[4, 535], [360, 535], [360, 590], [4, 590]], '우연히 가계5 확장실', 0.11657461112179542), ([[7, 589], [79, 589], [79, 627], [7, 627]], '그래', 0.9997729203325075), ([[88, 586], [278, 586], [278, 636], [88, 636]], '그저 평범:', 0.32944212713275445), ([[4, 634], [316, 634], [316, 690], [4, 690]], '남여공용화-장실동서', 0.32291284595771685), ([[4, 682], [221, 682], [221, 736], [4, 736]], '보계된 그것', 0.3858976643301597)]
[([[824, 88], [852, 88], [852, 114], [824, 114]], '뭐', 0.9971195965522952), ([[857, 85], [984, 85], [984, 125], [857, 125]], '솔직히 빠는', 0.8095445853257354), ([[797, 117], [993, 117], [993, 159], [797, 159]], '정도로 *만원이면', 0.6807825067958934), ([[776, 156], [820, 156], [820, 182], [776, 182]], '서로', 0.9999747119845447), ([[829, 155], [1035, 155], [1035, 195], [829, 195]], '얼굴도 알수 없으니', 0.6201883767622591), ([[829, 191], [961, 191], [961, 227], [829, 227]], '뒷달도 없고.', 0.3316282594220685), ([[876, 328], [900, 328], [900, 358], [876, 358]], '위', 0.26859596285789067), ([[777, 337], [827, 337], [827, 377], [777, 377]], '@년', 0.22869537703986648), ([[788, 360], [924, 360], [924, 414], [788, 414]], '영소 아니?', 0.021636831646785683), ([[21, 673], [281, 673], [281, 809], [21, 809]], '떼앗(', 0.02814619444432964), ([[820.263428220882, 334.31125619638146], [879.7581284453521, 327.70205054795633], [883.736571779118, 370.68874380361854], [823.2418715546479, 377.29794945204367]], '정도', 0.8408029845786484)]
[([[820, 94], [844, 94], [844, 128], [820, 128]], '음', 0.9737957970074262), ([[857, 90], [983, 90], [983, 130], [857, 130]], '생각해보니', 0.9984080068989954), ([[779, 127], [1001, 127], [1001, 165], [779, 165]], '이것도 매춘.. 이려나', 0.26476766352823033), ([[805, 163], [999, 163], [999, 201], [805, 201]], '뭐 입만 사용하는', 0.7169292452998819), ([[863, 201], [909, 201], [909, 219], [863, 219]], '거니', 0.9995037990707506), ([[46, 583], [263, 583], [263, 708], [46, 708]], '@또시', 0.004784381459344535)]
[([[413, 235], [686, 235], [686, 326], [413, 326]], '얇다?!?', 0.45245187941075193)]
[([[64, 24], [433, 24], [433, 72], [64, 72]], '같은 사람일까? 아니면', 0.7159457114680835), ([[445, 27], [513, 27], [513, 71], [445, 71]], '다른', 0.9986160938426143), ([[525, 27], [627, 27], [627, 67], [525, 67]], '사람?', 0.998657128577565), ([[61, 72], [226, 72], [226, 116], [61, 116]], '"여~ 전에', 0.9892095449257677), ([[235, 75], [409, 75], [409, 111], [235, 111]], '그 여자지?', 0.9532720264331782), ([[418, 76], [458, 76], [458, 104], [418, 104]], '이', 0.9997518216591885), ([[462, 71], [645, 71], [645, 126], [462, 126]], '슬 비 양~?"', 0.9233476998133969), ([[61, 123], [135, 123], [135, 165], [61, 165]], '"앗!', 0.45442353944183456), ([[143, 123], [345, 123], [345, 167], [143, 167]], "어  어떤계?!'", 0.37425915050600156), ([[59, 166], [363, 166], [363, 223], [59, 223]], '"역시 맞근~ 사실은', 0.85987147192627), ([[372, 174], [480, 174], [480, 204], [372, 204]], '여기에', 0.9905650508670067), ([[490, 170], [866, 170], [866, 224], [490, 224]], '들어가 눈겉 슬쩍 밖 거듭~', 0.5927682384943173), ([[77, 223], [183, 223], [183, 261], [77, 261]], '아 무리', 0.9409361481666565), ([[192, 217], [514, 217], [514, 269], [192, 269]], '기다려도 (안나오 길래', 0.35319553154474925), ([[527, 221], [753, 221], [753, 265], [527, 265]], '긴가민가얘지~', 0.42054720539037405), ([[78, 272], [170, 272], [170, 300], [78, 300]], '이야 ~', 0.5499365844736932), ([[179, 260], [468, 260], [468, 324], [179, 324]], '정말 놀랍다니까 ~', 0.3818035370058971), ([[66, 320], [200, 320], [200, 350], [66, 350]], '거기까지', 0.9999704360961914), ([[208, 302], [1002, 302], [1002, 374], [208, 374]], '생각못해다 . 들어오는겉 지켜보고 이없다니 큰일이다 .', 0.1920864329544812), ([[61, 364], [384, 364], [384, 415], [61, 415]], '"아아~ 걱정하지마 ~', 0.7165149696776036), ([[395, 365], [790, 365], [790, 416], [395, 416]], '누구예계도 말 안할테니~', 0.5049693847211811), ([[63, 467], [221, 467], [221, 503], [63, 503]], '"그나저나', 0.532178593135512), ([[230, 468], [302, 468], [302, 498], [230, 498]], '다시', 0.9999562518515352), ([[306, 466], [456, 466], [456, 516], [306, 516]], '와다눈건', 0.24066761136054993), ([[464, 470], [502, 470], [502, 498], [464, 498]], '더', 0.9975013542880915), ([[512, 468], [552, 468], [552, 496], [512, 496]], '해', 0.9979269530670685), ([[550, 462], [906, 462], [906, 516], [550, 516]], '볼 생각이 있다 논 거지?', 0.8005203566408113), ([[75, 513], [258, 513], [258, 564], [75, 564]], '어때? 다음', 0.9988903657084849), ([[270, 511], [608, 511], [608, 567], [270, 567]], '진도까지 나가보는건?', 0.7710782279675789), ([[616, 518], [658, 518], [658, 548], [616, 548]], '야', 0.6522191423330383), ([[668, 516], [986, 516], [986, 570], [668, 570]], '물론 용돈은 지난번과', 0.7465969255254762), ([[78, 562], [410, 562], [410, 610], [78, 610]], '비교도 안되게 넉넉히', 0.7991890762131619), ([[415, 556], [580, 556], [580, 618], [415, 618]], '줄테니까 ~', 0.5765877344681262), ([[590, 568], [680, 568], [680, 600], [590, 600]], '그리고', 0.9904681994347205), ([[688, 562], [954, 562], [954, 616], [688, 616]], '비밀은 지켜출께 ~', 0.23627027656405286), ([[58, 609], [516, 609], [516, 663], [58, 663]], '젠장!  거절하면 목로하계다 논', 0.26630032065756937), ([[529, 610], [654, 610], [654, 660], [529, 660]], '거장아!', 0.4884829521179199), ([[60, 662], [242, 662], [242, 710], [60, 710]], '어떤계하지_', 0.6159683830632783), ([[263, 659], [474, 659], [474, 710], [263, 710]], '죽여야되나?!', 0.9896585420263726), ([[482, 664], [556, 664], [556, 694], [482, 694]], '아니', 0.99999452091409), ([[567, 665], [637, 665], [637, 701], [567, 701]], '그게', 0.999755135591809), ([[648, 666], [684, 666], [684, 692], [648, 692]], '더', 0.9997042636208597), ([[692, 660], [988, 660], [988, 710], [692, 710]], '알려지면 위험한 거', 0.42454301290169977), ([[60, 714], [476, 714], [476, 768], [60, 768]], '야보가?   죽일수나 있을까?', 0.059693179542028456), ([[485, 717], [587, 717], [587, 753], [485, 753]], '내가?', 0.8005326390266418), ([[638.263428220882, 1063.3112561963815], [748.3602520847012, 1051.552919748382], [750.736571779118, 1099.6887438036185], [641.6397479152988, 1111.447080251618]], '하입6', 0.25064301986922566), ([[664.263428220882, 1109.3112561963815], [774.3707863806077, 1097.5717853441067], [776.736571779118, 1145.6887438036185], [666.6292136193923, 1157.4282146558933]], '하입6', 0.4743832044391362)]
[([[57, 20], [338, 20], [338, 73], [57, 73]], '"어떻계말꺼야 ~?', 0.17872431012963483), ([[346, 28], [386, 28], [386, 56], [346, 56]], '이', 0.9995264375712374), ([[386, 24], [532, 24], [532, 76], [386, 76]], '슬 비 양~', 0.6513363358849259), ([[540, 26], [582, 26], [582, 56], [540, 56]], '아', 0.9979612500324642), ([[593, 17], [949, 17], [949, 77], [593, 77]], '그리고 쓸데없는 생각은', 0.5515249385417498), ([[56, 64], [173, 64], [173, 124], [56, 124]], '안하는', 0.6300280570137702), ([[168, 78], [206, 78], [206, 102], [168, 102]], '게', 0.9985976370810477), ([[214, 68], [313, 68], [313, 128], [214, 128]], '좋아~', 0.8601832666973629), ([[318, 76], [432, 76], [432, 102], [318, 102]], '나에게', 0.5556134029165541), ([[444, 71], [928, 71], [928, 124], [444, 124]], '무슨 일이 생기면 예약발송되게', 0.9270837134724894), ([[60, 122], [136, 122], [136, 172], [60, 172]], '해든', 0.9839561547519534), ([[142, 122], [390, 122], [390, 170], [142, 170]], '어떠 한 메일이', 0.9721278546843158), ([[400, 119], [890, 119], [890, 172], [400, 172]], '그대로 신문사로 날아갈테니까 ~', 0.931306810631135), ([[61, 173], [189, 173], [189, 217], [61, 217]], '젠~장!!', 0.13699200041849563), ([[58, 215], [183, 215], [183, 270], [58, 270]], '"원하는', 0.8202322721481323), ([[182, 224], [216, 224], [216, 250], [182, 250]], '게', 0.9998818670831078), ([[226, 219], [341, 219], [341, 261], [226, 261]], '뛰어?', 0.5923210885652318), ([[73, 267], [335, 267], [335, 321], [73, 321]], "'말해장아~ 다음", 0.44665787720474404), ([[418, 266], [545, 266], [545, 306], [418, 306]], '막이야 ~', 0.719606476990166), ([[106, 315], [393, 315], [393, 369], [106, 369]], '난 해본적 없다 고!', 0.7218208328972158), ([[65, 371], [153, 371], [153, 415], [65, 415]], '"걱정', 0.9976175035875434), ([[162, 372], [220, 372], [220, 398], [162, 398]], '마 ~', 0.7899478673934937), ([[230, 360], [959, 360], [959, 421], [230, 421]], '내가 잘 가르쳐출테니~ 다른 선택지논 없다고~', 0.42106023132711107), ([[76, 413], [579, 413], [579, 474], [76, 474]], '처너니까 더욱 값을 처출테니까 ~', 0.2623293466535952), ([[60, 464], [258, 464], [258, 516], [60, 516]], '"비열한   놈내', 0.3575246100974711), ([[59, 513], [468, 513], [468, 566], [59, 566]], '"뭐라고 욕해 도 상관없어~', 0.8934337702541051), ([[476, 518], [514, 518], [514, 546], [476, 546]], '이', 0.9996691023900439), ([[535, 517], [657, 517], [657, 553], [535, 553]], '비라 고 ~', 0.5524948950457843), ([[515, 543], [537, 543], [537, 563], [515, 563]], '군', 0.12471257212042985), ([[82, 568], [114, 568], [114, 600], [82, 600]], '그', 0.9999860525617557), ([[118, 562], [722, 562], [722, 617], [118, 617]], '이슬비량 활수 있다니~ 경말해 도   좋아~', 0.19824787033716668), ([[76, 612], [182, 612], [182, 662], [76, 662]], '크옥"', 0.16837847742054377), ([[80, 666], [110, 666], [110, 698], [80, 698]], '요', 0.9755494952204948), ([[118, 656], [497, 656], [497, 716], [118, 716]], '앞에 {사*호텔이 있거든', 0.014391085356682433), ([[519, 657], [709, 657], [709, 719], [519, 719]], '방울 준비해', 0.8570195553660953), ([[728, 666], [800, 666], [800, 696], [728, 696]], '테니', 0.9998754161889402), ([[806, 662], [1014, 662], [1014, 712], [806, 712]], '30분 있다가', 0.7722431118196658), ([[61, 709], [534, 709], [534, 766], [61, 766]], '오도록해 ~ 음료도 준비할테니 꼭', 0.3947125874411664), ([[545, 717], [703, 717], [703, 753], [545, 753]], '마시라 고 ~', 0.7453408654979378), ([[321.25995562830275, 886.2578535733992], [401.6036906078835, 877.1521391934108], [405.74004437169725, 930.7421464266008], [325.3963093921165, 940.8478608065892]], '숨', 0.0014906276913487226)]
[([[82, 366], [468, 366], [468, 422], [82, 422]], '장그러운 웃음소리와 함께', 0.7180730285297662), ([[480, 372], [510, 372], [510, 404], [480, 404]], '그', 0.9999073765268953), ([[518, 364], [1000, 364], [1000, 420], [518, 420]], '남자논 그곳을 서둘러 벗어낫다.', 0.5612016594481359), ([[82, 413], [434, 413], [434, 466], [82, 466]], '바로 뒤따라 나가지만', 0.5088445541216186), ([[442, 420], [510, 420], [510, 450], [442, 450]], '이미', 0.9999107341418431), ([[518, 416], [904, 416], [904, 468], [518, 468]], '인파 속에 사라진 후엿다.', 0.41336163688350464), ([[189, 467], [257, 467], [257, 505], [189, 505]], '이후', 0.999888649842092), ([[264, 466], [564, 466], [564, 522], [264, 522]], '있을 일이   무서워다.', 0.3374316500037497), ([[78, 512], [197, 512], [197, 561], [78, 561]], '하지만', 0.9996024744103456), ([[204, 511], [719, 511], [719, 565], [204, 565]], '그 남자 말대로 선택지가 없없다', 0.5526830636744824), ([[83, 565], [151, 565], [151, 609], [83, 609]], '주변', 0.9998431330337337), ([[164, 566], [308, 566], [308, 598], [164, 598]], '가게에서', 0.9793176334749937), ([[316, 564], [488, 564], [488, 618], [316, 618]], '선글라 스와', 0.49745325161376996), ([[499, 567], [571, 567], [571, 603], [499, 603]], '모자', 0.9999662826876826), ([[611, 567], [701, 567], [701, 603], [611, 603]], '그리고', 0.9977474745786499), ([[708, 558], [931, 558], [931, 620], [708, 620]], '마스크트 삼다', 0.4106989681954152), ([[82, 612], [574, 612], [574, 668], [82, 668]], '찾아간 호텔로비에서 방울 알려', 0.8578746313193066), ([[586, 614], [694, 614], [694, 662], [586, 662]], '주없다.', 0.997461199760437), ([[713, 614], [873, 614], [873, 657], [713, 657]], '그 남자에', 0.9818203130196286), ([[884, 616], [962, 616], [962, 646], [884, 646]], '대해', 0.9999415006754448), ([[81, 652], [581, 652], [581, 717], [81, 717]], '물어보려해으나  수상해 보이계지 .', 0.5098036790573737), ([[597, 665], [689, 665], [689, 701], [597, 701]], '그리 고', 0.6341491937637329), ([[700, 662], [982, 662], [982, 718], [700, 718]], '말을 많이하 논 것도', 0.4397498884620999), ([[82, 710], [720, 710], [720, 762], [82, 762]], '날 알아보기라도 하면 큰일이니 위험하다', 0.8407708183690602), ([[83, 755], [316, 755], [316, 815], [83, 815]], '들어간 방안에', 0.9898850195494607), ([[458, 762], [526, 762], [526, 812], [458, 812]], '음료 .', 0.957514762878418), ([[79, 807], [705, 807], [705, 867], [79, 867]], '그결 마신 난 슬음올 참울수 없계 되없다.', 0.2659053479673075), ([[80.25995562830278, 465.25785357339913], [183.18473865091278, 457.9803170494684], [183.74004437169722, 509.74214642660087], [81.81526134908724, 517.0196829505317]], '분하고', 0.8995239926680556), ([[352.0557630317494, 753.0899677650967], [453.79303198107107, 767.5763271343353], [444.9442369682506, 814.9100322349033], [343.20696801892893, 800.4236728656647]], '여어는', 0.3838962678794518)]
[([[78, 38], [456, 38], [456, 92], [78, 92]], '얼마나 시간이 지나올까', 0.5542808549526964), ([[80, 90], [208, 90], [208, 120], [80, 120]], '"어라스"', 0.3580791421423626)]
[([[14, 30], [394, 30], [394, 86], [14, 86]], '팔이 [뒤로 표운연선 움집임', 0.02216391831931034), ([[18, 80], [216, 80], [216, 132], [18, 132]], '순간 없없다:', 0.214746219007726), ([[15, 127], [356, 127], [356, 177], [15, 177]], '그리고 에어권 바람이', 0.48383602847780377), ([[14, 178], [326, 178], [326, 230], [14, 230]], '냉기가 직접 피부에', 0.2292484155996064), ([[14, 228], [306, 228], [306, 282], [14, 282]], '오당앉다 ; 알몸3', 0.1100578853719534), ([[18, 278], [358, 278], [358, 334], [18, 334]], '분명 진금 알몸이없다.', 0.2623898696905759), ([[14, 324], [300, 324], [300, 372], [14, 372]], '뚜어떡계 |히이3', 0.002309601390655091), ([[24, 354], [58, 354], [58, 382], [24, 382]], '9)', 0.07325238992900521), ([[33, 377], [163, 377], [163, 421], [33, 421]], '@ [씩', 0.048562875987786996), ([[172, 382], [240, 382], [240, 412], [172, 412]], '거피', 0.09280730502356312), ([[244, 376], [356, 376], [356, 424], [244, 424]], "입'3", 0.07112970369961433), ([[33, 429], [81, 429], [81, 465], [33, 465]], '엔', 0.4028133721215319), ([[86, 426], [152, 426], [152, 482], [86, 482]], '짝월', 0.007896284295659107), ([[161, 427], [265, 427], [265, 465], [161, 465]], '간리고', 0.2668663706598849), ([[33, 473], [254, 473], [254, 530], [33, 530]], '흉에문 히우3"', 0.0036371711871759074)]
[([[13, 23], [119, 23], [119, 67], [13, 67]], '잠신후', 0.3571685828155349), ([[129, 25], [391, 25], [391, 65], [129, 65]], '탁자와 유리잔이', 0.3664374493799392), ([[9, 66], [373, 66], [373, 130], [9, 130]], '부딪히늄 소리가} {특렇다.', 0.03225233824558798), ([[31, 125], [87, 125], [87, 161], [31, 161]], '0', 0.26316204018998235), ([[96, 120], [370, 120], [370, 170], [96, 170]], '르티어 일어최이3', 0.0468066400851096), ([[25, 169], [365, 169], [365, 229], [25, 229]], '엘플굴면 [끄리움로때', 0.0042117600966501976), ([[27, 217], [268, 217], [268, 273], [27, 273]], '콤려움것문이이', 0.0029849287321066704), ([[27, 263], [303, 263], [303, 323], [27, 323]], "'유교워때 노점", 0.014908201900519572), ([[25, 310], [327, 310], [327, 377], [25, 377]], '일굴 모1교 @려늄', 0.01024780163774801), ([[31, 365], [176, 365], [176, 419], [31, 419]], '허찮-', 0.02228666785997314), ([[14, 413], [386, 413], [386, 470], [14, 470]], '뚜정탑기용신량도 마중준', 0.000102644012162102), ([[30, 466], [394, 466], [394, 518], [30, 518]], '문제 생진면 안되나있5', 0.09003984157915836), ([[27, 510], [161, 510], [161, 558], [27, 558]], '물빛생 ]', 0.0014800853074805043), ([[77, 565], [195, 565], [195, 607], [77, 607]], '새-"', 0.12793929645284033), ([[14.8713347040338, 559.1625379937149], [73.75337246726843, 568.6171785646906], [68.1286652959662, 600.8374620062851], [9.246627532731559, 592.3828214353094]], '@@', 0.07910315285278245)]
[([[189, 0], [239, 0], [239, 33], [189, 33]], ':', 0.1247265702192033), ([[7, 31], [340, 31], [340, 80], [7, 80]], '"근나전나 @외없어9', 0.3293333769481226), ([[26, 82], [407, 82], [407, 138], [26, 138]], '옷 입의면 실물트다 잠안', 0.3133230219553711), ([[28, 132], [334, 132], [334, 184], [28, 184]], '보이늄 만입인관박)', 0.017193270043737226), ([[22, 177], [350, 177], [350, 238], [22, 238]], '맛페보 약걀되관 ]', 0.0062430471167362585), ([[8, 228], [148, 228], [148, 276], [8, 276]], '따닥-"', 0.019726356491446495), ([[5, 276], [389, 276], [389, 337], [5, 337]], '따입외 엄학표? 금셈 슬음', 0.008050645447381334), ([[28, 326], [331, 326], [331, 383], [28, 383]], '외교야민걀 8 장늄', 0.011625208016071854), ([[28, 380], [288, 380], [288, 412], [28, 412]], '사이에 여기저기', 0.7032661692696173), ([[293, 375], [363, 375], [363, 435], [293, 435]], '물질', 0.12378011986868004), ([[22, 424], [378, 424], [378, 480], [22, 480]], '또] @쨌집롭? @달이', 0.0031427424552879562), ([[28, 473], [394, 473], [394, 527], [28, 527]], '[낌임 이상학 않대3', 0.027784249868340945), ([[24, 523], [372, 523], [372, 578], [24, 578]], '진감다 딸팎 선입진문?', 0.01217663415550066), ([[25, 571], [246, 571], [246, 626], [25, 626]], '된턱런권다"3', 0.00022200972280263687), ([[26, 622], [208, 622], [208, 670], [26, 670]], '또이액생', 0.002416536444798112), ([[10, 672], [348, 672], [348, 728], [10, 728]], '정말 위드간 전횟적릿', 0.014302784196000966), ([[8, 719], [358, 719], [358, 775], [8, 775]], '해다; @내 요드문만이', 0.03414094778538799), ([[10, 774], [125, 774], [125, 806], [10, 806]], '아니라', 0.9981422177453899), ([[130, 772], [302, 772], [302, 826], [130, 826]], '끈적곤적안', 0.22834787920530739), ([[12, 818], [313, 818], [313, 872], [12, 872]], '[껴이 입몸엇 남야', 0.012997919724350436), ([[6, 868], [334, 868], [334, 922], [6, 922]], '입없다 자눈 사이데', 0.15317761071966557), ([[9, 921], [233, 921], [233, 963], [9, 963]], '이 남자간 내', 0.6561919050664825), ([[237, 917], [305, 917], [305, 977], [237, 977]], '몸울', 0.017765571775132372), ([[8, 965], [354, 965], [354, 1018], [8, 1018]], '값아댁다 생각하내', 0.12757406618815906), ([[12, 1016], [228, 1016], [228, 1068], [12, 1068]], '쇠름이 피묻다', 0.21354631083954517)]
[([[88, 138], [446, 138], [446, 194], [88, 194]], '용도록 일수 없는 구멍.', 0.22884180965119297), ([[87, 185], [410, 185], [410, 236], [87, 236]], '실수로 넷 구멍이라 고', 0.47458177984053734), ([[420, 186], [958, 186], [958, 234], [420, 234]], '보기에 눈 부자연스럽고 엿보기하려고', 0.7029436329329649), ([[88, 236], [262, 236], [262, 290], [88, 290]], '만 들없기엔', 0.7451542231274694), ([[273, 239], [337, 239], [337, 277], [273, 277]], '너무', 0.9999716774352768), ([[350, 234], [718, 234], [718, 288], [350, 288]], '크고 눈에 띄는 위치엿다_', 0.5294636353805822), ([[88, 283], [526, 283], [526, 340], [88, 340]], '지금 생각해보니 어려올때에', 0.9455976450229179), ([[559, 284], [746, 284], [746, 334], [559, 334]], '어디선가 본', 0.813662169107756), ([[756, 286], [946, 286], [946, 334], [756, 334]], '기억이 있다', 0.569756747808819)]
[([[6, 43], [374, 43], [374, 98], [6, 98]], '따@제 만족없자80 @선', 0.0486495747085398), ([[25, 90], [227, 90], [227, 151], [25, 151]], '면 물연적교"', 0.004635958194833861), ([[23, 141], [163, 141], [163, 201], [23, 201]], "'83 말습", 0.05663535755374409), ([[171, 147], [273, 147], [273, 185], [171, 185]], '소리야', 0.13418351780048254), ([[285, 141], [364, 141], [364, 197], [285, 197]], '담음', 0.6486158930182269), ([[24, 187], [344, 187], [344, 244], [24, 244]], '센문관화 말얘잡안 ', 0.0002740503356003681), ([[29, 243], [101, 243], [101, 281], [29, 281]], '내도', 0.05034649429071389), ([[103, 238], [250, 238], [250, 295], [103, 295]], '쩐증운', 0.003778956683239627), ([[26, 294], [72, 294], [72, 326], [26, 326]], '예', 0.21306614614537978), ([[63, 287], [406, 287], [406, 347], [63, 347]], '개점인 업어세 입마최', 0.030136638346380147), ([[31, 343], [167, 343], [167, 379], [31, 379]], '기대야켓', 0.15217341482639313), ([[172, 340], [318, 340], [318, 396], [172, 396]], '있남동 ', 0.0013435190776363015), ([[5, 386], [275, 386], [275, 437], [5, 437]], '때떼 오 젯하]', 0.013251476285113868), ([[285, 393], [355, 393], [355, 431], [285, 431]], '무산', 0.34521756916084584), ([[24, 437], [324, 437], [324, 490], [24, 490]], '책계 같연3 내간', 0.005566010037266401), ([[21, 487], [353, 487], [353, 547], [21, 547]], '어떤 능력올 파전멸지', 0.004842084326907307), ([[23, 534], [289, 534], [289, 594], [23, 594]], ':] 안쇄립드3', 0.0024474456372671704), ([[26, 586], [278, 586], [278, 638], [26, 638]], '음? 그림 애반@', 0.07057273611926732), ([[11, 637], [109, 637], [109, 679], [11, 679]], '따멋3"', 0.02118719555437565), ([[1, 679], [329, 679], [329, 741], [1, 741]], '따잡 능렬의 뺨 중영', 0.009007607288192127), ([[26, 731], [321, 731], [321, 791], [26, 791]], '[라고? @운히야3', 0.001746373107184022), ([[25, 781], [306, 781], [306, 837], [25, 837]], '지상예정 @떼야', 0.0427203177533861), ([[25, 829], [376, 829], [376, 891], [25, 891]], '문론 장분 싸이안 압몸', 0.0005976793207978532), ([[24, 878], [336, 878], [336, 935], [24, 935]], '어진문 셈부애탕자', 0.0012346775226144832), ([[24, 929], [354, 929], [354, 982], [24, 982]], '임신 양원의내 짓금5', 0.0030067373701906912), ([[25, 976], [422, 976], [422, 1032], [25, 1032]], '지로만 떼조표경 @내간3', 0.013541540731154609), ([[26, 1026], [378, 1026], [378, 1077], [26, 1077]], '@끼 애반덧 근린 @색', 0.014374633903593632), ([[22, 1072], [313, 1072], [313, 1135], [22, 1135]], '@외늄 끝플 @@움', 0.02143660090483607), ([[25, 1121], [314, 1121], [314, 1182], [25, 1182]], '고냥 지상해병리뷰', 0.0014833238509730556), ([[23, 1171], [214, 1171], [214, 1233], [23, 1233]], '싶율 정도연', 0.061361206445726055)]
[([[13, 83], [135, 83], [135, 127], [13, 127]], '낭파다', 0.09305932879666191), ([[14, 134], [54, 134], [54, 164], [14, 164]], '이', 0.9839195830271628), ([[56, 125], [351, 125], [351, 188], [56, 188]], "'남자클 중인다해묵", 0.11620006060868793), ([[12, 170], [401, 170], [401, 238], [12, 238]], '순청스로운 @월 당행다분', 0.02789996241664254), ([[15, 224], [375, 224], [375, 287], [15, 287]], '것중 살인올 왜다 눈컷도', 0.02075846795279206), ([[14, 275], [302, 275], [302, 331], [14, 331]], '미문 알려집껏이다.', 0.06304466490546225), ([[28, 342], [66, 342], [66, 372], [28, 372]], '8', 0.1432629152606104), ([[54, 325], [346, 325], [346, 376], [54, 376]], '제법 그속되주세요', 0.029253613505693422), ([[25, 369], [380, 369], [380, 430], [25, 430]], '입으로 @뇨권 앞의로다', 0.02526009043791745), ([[30, 426], [360, 426], [360, 476], [30, 476]], '매;없인 @드림탕내', 0.011171810954555826), ([[25, 465], [321, 465], [321, 532], [25, 532]], '혜발  컴교지다', 0.00034194088847572723), ([[27, 521], [343, 521], [343, 581], [27, 581]], "'@3 깜장기 킬문진문", 0.0035448196017200855), ([[29, 575], [405, 575], [405, 617], [29, 617]], '애쇄넷3 이제야 잔신의', 0.037675098140588885), ([[23, 618], [351, 618], [351, 679], [23, 679]], '입금올 이양안되양3', 0.003046072899706106), ([[32, 670], [350, 670], [350, 718], [32, 718]], '그런데 그것이 마짓3', 0.012061424416843642), ([[30, 722], [144, 722], [144, 754], [30, 754]], '자세히', 0.7272297505604878), ([[148, 720], [268, 720], [268, 770], [148, 770]], '말해반', 0.2684410407027092), ([[7, 761], [302, 761], [302, 822], [7, 822]], '따라-@*말입맛}', 0.0028179342667248855), ([[90, 812], [362, 812], [362, 866], [90, 866]], "'만33 딴 영예", 0.02563991627394835), ([[31, 862], [372, 862], [372, 923], [31, 923]], '물량 $ 잡 입명해반 밟', 0.00015921143149759254), ([[28, 916], [288, 916], [288, 968], [28, 968]], "'되망그런반교 그쪽", 0.0030801261836325027), ([[26, 966], [310, 966], [310, 1022], [26, 1022]], '또생문의 생소피롭', 0.013357855563499919), ([[32, 1020], [102, 1020], [102, 1052], [32, 1052]], '저의', 0.14874818577626928), ([[105, 1012], [258, 1012], [258, 1064], [105, 1064]], '생심피@', 0.007324841804802418), ([[31, 1067], [101, 1067], [101, 1105], [31, 1105]], '보지', 0.49541059436863877), ([[114, 1068], [192, 1068], [192, 1100], [114, 1100]], '자지', 0.6205758505012181), ([[200, 1063], [332, 1063], [332, 1119], [200, 1119]], '{어모적', 0.03966816887259483), ([[27, 1111], [166, 1111], [166, 1162], [27, 1162]], '없어애3"', 0.009182191927977616), ([[31, 1189], [63, 1189], [63, 1205], [31, 1205]], '%-', 0.0005491620165089826), ([[60, 1168], [104, 1168], [104, 1196], [60, 1196]], '제', 0.9985152038166802), ([[114, 1161], [334, 1161], [334, 1209], [114, 1209]], '보진에 당신의', 0.38763461770788676), ([[26, 1209], [332, 1209], [332, 1266], [26, 1266]], '최지름 명빠골하일인의', 0.0017183757295204675), ([[19.216162278996457, 802.0618223576777], [111.99363527326717, 835.7477961983199], [96.78383772100354, 874.9381776423223], [3.006364726732831, 841.2522038016801]], '아파다', 0.0426308798701412)]
[([[4, 16], [318, 16], [318, 66], [4, 66]], '따당연므 @되진', 0.12350288901825189), ([[3, 63], [176, 63], [176, 118], [3, 118]], '따표있미손', 0.0014765847315362601), ([[4, 113], [354, 113], [354, 164], [4, 164]], '앞이 안보이고 자세간', 0.25361431214059005), ([[6, 165], [330, 165], [330, 222], [6, 222]], '안 주꽂 낫머지 밥께', 0.030651384691691805), ([[4, 209], [353, 209], [353, 274], [4, 274]], '다리풀 멀리고 말앉다', 0.12818017758588127)]
[([[25, 19], [201, 19], [201, 63], [25, 63]], '외오 야참', 0.20792568707397224), ([[200, 13], [497, 13], [497, 76], [200, 76]], "'딸러눈집 임없습다", 0.00268122522296462), ([[22, 65], [414, 65], [414, 122], [22, 122]], '또 @짓되음 밀어맙언', 0.000853705527542124), ([[24, 116], [496, 116], [496, 164], [24, 164]], '떼 얼만 언젠 얘진만? 망권지?', 0.012775620688041231), ([[26, 163], [509, 163], [509, 218], [26, 218]], '고사정과 잔9도 안해밥전야오"', 0.001487576102057124), ([[20, 213], [216, 213], [216, 266], [20, 266]], '어샌 @껏', 0.03933257285597725), ([[227, 217], [331, 217], [331, 255], [227, 255]], '보진간', 0.7330203672967147), ([[19, 260], [307, 260], [307, 320], [19, 320]], '팩 대물3 입직 3', 0.0030909421418277125), ([[72, 311], [348, 311], [348, 368], [72, 368]], '몰렉터렉스 맛원만', 0.014240180941842278), ([[6, 362], [354, 362], [354, 412], [6, 412]], '"외쇄3 그렇면 말이저', 0.008819505923679746), ([[23, 413], [179, 413], [179, 457], [23, 457]], '이; 필렌', 0.02560610099547855), ([[184, 410], [294, 410], [294, 466], [184, 466]], '빠음유', 0.015350724296297), ([[25, 461], [127, 461], [127, 505], [25, 505]], '3낌인', 0.09200299111475803), ([[147, 460], [361, 460], [361, 512], [147, 512]], '괴대미문깔 3', 0.051522427980801706), ([[3, 505], [371, 505], [371, 565], [3, 565]], '모전텔 체임음 중앞하눈', 0.007271401527991562), ([[24, 556], [350, 556], [350, 604], [24, 604]], "사람관 @무 '|입득", 0.008386233773382079), ([[26, 608], [308, 608], [308, 660], [26, 660]], '길 @엔 당신만 깜', 0.07543659889342631), ([[21, 651], [348, 651], [348, 712], [21, 712]], '@교없} 정말이@의', 0.00955811968349044), ([[19, 703], [236, 703], [236, 758], [19, 758]], '@습하교오템', 0.015326581281894156), ([[9.037927696394943, 305.0934312516142], [87.7841021996332, 321.5466018634026], [77.96207230360505, 365.9065687483858], [-0.7841021996331907, 348.4533981365974]], '맣델:', 0.0011661192600265268)]
[([[4, 10], [476, 10], [476, 67], [4, 67]], '잠신 점말이 희르고 넷 남자간', 0.0755291044480092), ([[8, 66], [292, 66], [292, 116], [8, 116]], '내 귀에 속삭없다', 0.6030230923022458), ([[0, 109], [417, 109], [417, 171], [0, 171]], '"@미습 소리이 3 조금움 나안', 0.03017649486550272), ([[581, 113], [667, 113], [667, 197], [581, 197]], '0', 0.45795612077951375), ([[24, 164], [284, 164], [284, 218], [24, 218]], '중앙하분 사이', 0.03346550635472937), ([[10, 214], [386, 214], [386, 270], [10, 270]], '그약3 국신에 임부에 당늄', 0.027292329679208572), ([[8, 264], [274, 264], [274, 314], [8, 314]], '원가가3 석망3', 0.17354324604939714), ([[3, 309], [122, 309], [122, 359], [3, 359]], '\'옛월"', 0.019631387665867805)]
[([[548, 796], [600, 796], [600, 852], [548, 852]], '나', 0.012150061328797257), ([[-11.638603999635642, 786.0145724079795], [72.40798990928538, 724.0059461115114], [280.6386039996356, 1032.9854275920206], [195.5920100907146, 1094.9940538884885]], '물', 0.2526922796389499), ([[620.7110423122634, 947.1461300356547], [839.6549844678453, 903.1995559405702], [859.2889576877366, 1060.8538699643452], [640.3450155321547, 1104.8004440594298]], '똑똑', 0.00802102125692246), ([[229.86757481053462, 1049.0922063442613], [273.52483437528383, 1013.0197028087251], [358.1324251894654, 1123.9077936557387], [315.47516562471617, 1159.980297191275]], '흙', 0.39011018560267985)]
[([[4, 15], [261, 15], [261, 70], [4, 70]], '0내짓말요정.로', 0.0059674955788846795), ([[255, 45], [287, 45], [287, 61], [255, 61]], '90', 0.016884824932084), ([[279, 17], [428, 17], [428, 66], [279, 66]], '햇렇에', 0.008425828156028024), ([[419, 45], [453, 45], [453, 61], [419, 61]], '9', 0.02754695024322107), ([[8, 65], [540, 65], [540, 120], [8, 120]], '몸안의 처나막이 그것에 정향하다', 0.4714903284983394), ([[6, 116], [85, 116], [85, 153], [6, 153]], '이내', 0.9771056407954904), ([[90, 111], [653, 111], [653, 171], [90, 171]], '떠려버리늄 느껴이 고스관히 고껴젊다 ', 0.11826505199827884), ([[9, 163], [451, 163], [451, 223], [9, 223]], '통장도 앗고 엄청난 상실#이', 0.06233293701309333), ([[8, 214], [168, 214], [168, 268], [8, 268]], '밀려앉다;', 0.3464549007420728), ([[21, 261], [172, 261], [172, 309], [21, 309]], "'2왜 @", 0.15924290068825242), ([[181, 265], [381, 265], [381, 305], [181, 305]], '@끼 모예]', 0.03936510865963064), ([[22, 309], [360, 309], [360, 358], [22, 358]], '@ 전나의  낌이랜', 0.03809887656469977), ([[23, 359], [176, 359], [176, 416], [23, 416]], '겪안-3', 0.10540449619293213), ([[184, 366], [298, 366], [298, 396], [184, 396]], '자지가', 0.8365123776435217), ([[23, 410], [332, 410], [332, 464], [23, 464]], '짚여마진늄켓 끝옥', 0.0006168945833120147), ([[20, 457], [306, 457], [306, 510], [20, 510]], '임청반 압)깜', 0.01951705114993485), ([[3, 505], [366, 505], [366, 567], [3, 567]], '남자늄 그것올 넣운채로', 0.023165507595980604), ([[5, 555], [353, 555], [353, 619], [5, 619]], '관탈름 센둘환늄 의열올', 0.0008572178993687272), ([[8, 604], [226, 604], [226, 658], [8, 658]], '느껴권 있없다;', 0.0458332069264663), ([[269, 607], [315, 607], [315, 645], [269, 645]], '93', 0.24429513627836522), ([[7, 655], [65, 655], [65, 691], [7, 691]], '4이', 0.05808336842555713), ([[90, 660], [198, 660], [198, 692], [90, 692]], '패새끼', 0.3412822208594004), ([[223, 661], [267, 661], [267, 707], [223, 707]], '흙', 0.31557531147063855)]
[([[583, 47], [879, 47], [879, 209], [583, 209]], '씨)내', 0.0029592414027272943), ([[782, 318], [900, 318], [900, 420], [782, 420]], '회0', 0.008519719276851802), ([[769, 459], [953, 459], [953, 561], [769, 561]], '탓0', 0.07161066744456557), ([[697, 963], [829, 963], [829, 1103], [697, 1103]], '행고', 0.12006062125850177), ([[650, 1092], [704, 1092], [704, 1168], [650, 1168]], '(', 0.8799744288197964), ([[699, 1116], [846, 1116], [846, 1251], [699, 1251]], '판', 0.019017604532846955), ([[444, 1245], [696, 1245], [696, 1381], [444, 1381]], "'폐컨쎄", 0.009522683918476105), ([[286.94608040864426, 107.39510555284824], [357.8549645998549, 56.03049560203118], [427.05391959135574, 168.60489444715176], [356.1450354001451, 219.96950439796882]], '|', 0.02916265904635318), ([[191.9459448540332, 268.34053933943653], [324.9178082191781, 219.21917808219177], [350.0540551459668, 292.65946066056347], [217.08219178082192, 342.7808219178082]], '태손당', 0.0010296252348606903), ([[116.83772233983161, 516.5131670194949], [257.00590079998204, 478.8643602963146], [275.1622776601684, 565.4868329805051], [134.99409920001798, 603.1356397036853]], '실느', 0.03380065679495585), ([[163.92997829527994, 895.1658654307356], [315.4575656679997, 872.0806697765206], [325.0700217047201, 982.8341345692644], [173.54243433200028, 1005.9193302234794]], '4기', 0.018635661577210787), ([[263.82759300860204, 946.182798750752], [416.23045138332463, 919.8458333388517], [428.17240699139796, 1030.817201249248], [276.76954861667537, 1058.1541666611483]], '택', 0.036463321896988754), ([[192.05253006743607, 1232.146698445078], [424.15215890968784, 1209.3194796869502], [426.94746993256393, 1323.853301554922], [194.84784109031216, 1346.6805203130498]], '오520', 0.01205468736588955)]
[([[4, 15], [629, 15], [629, 79], [4, 79]], '{절문 꾸꾸 |글음꿈 |분로록부무 뉴-왜요설~', 0.001281022735156121), ([[10, 72], [78, 72], [78, 98], [10, 98]], '이미', 0.9998272022941872), ([[87, 66], [230, 66], [230, 115], [87, 115]], '제정신대', 0.19903559982776642), ([[236, 72], [278, 72], [278, 98], [236, 98]], '아', 0.9975154354518203), ([[368, 67], [563, 67], [563, 105], [368, 105]], '남자의 (귀에', 0.6062460038538552), ([[574, 72], [758, 72], [758, 102], [574, 102]], '다지아아다', 0.6440212155218521), ([[14, 122], [74, 122], [74, 146], [14, 146]], '그저', 0.9995499013321045), ([[86, 118], [229, 118], [229, 162], [86, 162]], '자신만의', 0.9953612089157104), ([[241, 117], [355, 117], [355, 153], [241, 153]], '쾌7에', 0.3688004966484632), ([[361, 116], [466, 116], [466, 173], [361, 173]], '헌리하', 0.15063759853554384), ([[577, 79], [885, 79], [885, 215], [577, 215]], '헤볶', 0.006889049536105882), ([[11, 169], [141, 169], [141, 205], [11, 205]], '미친드이', 0.3865490070691952), ([[148, 166], [244, 166], [244, 220], [148, 220]], '힘들업', 0.31315148102274726), ([[256, 168], [428, 168], [428, 216], [256, 216]], '탤분이없다', 0.3577812237871547), ([[361, 189], [385, 189], [385, 209], [361, 209]], '4', 0.029272805122332324), ([[28, 218], [76, 218], [76, 250], [28, 250]], '약', 0.3065465626986139), ([[72, 213], [311, 213], [311, 264], [72, 264]], '요옷기 권외명현', 0.04302003537646522), ([[318, 218], [356, 218], [356, 244], [318, 244]], '이)', 0.47067985050239347), ([[352, 218], [452, 218], [452, 268], [352, 268]], '슬비와', 0.07860348294936184), ([[25, 267], [165, 267], [165, 303], [25, 303]], '한단내스', 0.14722216129302979), ([[22, 312], [264, 312], [264, 364], [22, 364]], '체@ 전음유로', 0.14399937583526046), ([[26, 362], [199, 362], [199, 401], [26, 401]], '크러야해', 0.09785058349370956), ([[208, 366], [248, 366], [248, 394], [208, 394]], '나', 0.3358731223039655), ([[242, 362], [316, 362], [316, 416], [242, 416]], '중9', 0.21023737942937268), ([[784, 316], [900, 316], [900, 418], [784, 418]], '회', 0.003104639685296784), ([[27, 415], [103, 415], [103, 457], [27, 457]], '너량', 0.9965785498478047), ([[118, 412], [218, 412], [218, 462], [118, 462]], '결혼말', 0.13944310833139542), ([[227, 413], [331, 413], [331, 451], [227, 451]], '녀석이', 0.6912961006164551), ([[24, 462], [134, 462], [134, 510], [24, 510]], '생질면', 0.5055893395126096), ([[190, 464], [258, 464], [258, 492], [190, 492]], '녀서', 0.49225810516231855), ([[265, 459], [365, 459], [365, 519], [265, 519]], '얼굴음', 0.2814190089702606), ([[28, 512], [204, 512], [204, 560], [28, 560]], '브레갈꺼야', 0.012820254874170193), ([[244, 512], [338, 512], [338, 562], [244, 562]], '녀석움', 0.17067981943110178), ([[769, 459], [951, 459], [951, 561], [769, 561]], '탓0', 0.07644381764770596), ([[26, 555], [364, 555], [364, 611], [26, 611]], '민면 엄청춘 {유월깜_', 0.013707862257891605), ([[26, 604], [375, 604], [375, 658], [26, 658]], '매사 끊이 밀 오예지3', 0.011385735859998613), ([[33, 659], [399, 659], [399, 701], [33, 701]], '기택되다내 칸대하하]"', 0.0036230373670608123), ([[0, 708], [118, 708], [118, 756], [0, 756]], '미처다', 0.15194520480925233), ([[137, 701], [435, 701], [435, 761], [137, 761]], '정말로 미친높이다.', 0.19066595064699587), ([[0, 755], [82, 755], [82, 800], [0, 800]], '이런', 0.8300971320069683), ([[118, 758], [158, 758], [158, 790], [118, 790]], '이', 0.9988741469064202), ([[158, 753], [380, 753], [380, 810], [158, 810]], '약속울 지텔퀴', 0.056800435286226546), ([[0, 789], [29, 789], [29, 809], [0, 809]], '대', 0.09415298186027954), ([[0, 804], [87, 804], [87, 855], [0, 855]], '없다', 0.8164926317384056), ([[105, 801], [433, 801], [433, 861], [105, 861]], '두깊중고 @점올 잡9', 0.007069679295876467), ([[6, 851], [394, 851], [394, 908], [6, 908]], '대몸올 범월레 분명하다', 0.04685053087383332), ([[8, 897], [255, 897], [255, 961], [8, 961]], '주여야한다} 날', 0.042289711368688816), ([[262, 906], [406, 906], [406, 938], [262, 938]], '지키려데', 0.276807576417923), ([[0, 947], [437, 947], [437, 1010], [0, 1010]], '한직만 [름-때리년 광렬:', 0.015004498909780402), ([[6, 1000], [424, 1000], [424, 1056], [6, 1056]], '거극액 능력로 전양합 임도', 0.04307974156274055), ([[697, 963], [829, 963], [829, 1103], [697, 1103]], '행고', 0.07836719481057594), ([[10, 1050], [202, 1050], [202, 1102], [10, 1102]], '냄수 없없다', 0.219152192715859), ([[6, 1091], [396, 1091], [396, 1152], [6, 1152]], "'하양교 미음진 넷 희일닮", 0.00036740469829667953), ([[649, 1083], [713, 1083], [713, 1171], [649, 1171]], '(', 0.2904499766408577), ([[22, 1143], [459, 1143], [459, 1204], [22, 1204]], '야람금표글세 의극매 죽입교하', 0.0003728406170240172), ([[706, 1120], [840, 1120], [840, 1242], [706, 1242]], '옛', 0.6187163891181093), ([[22, 1192], [274, 1192], [274, 1246], [22, 1246]], '계약] 만르시', 0.05052077183566532), ([[185, 1179], [440, 1179], [440, 1338], [185, 1338]], '커대', 0.0018545999474053395), ([[171.78640563788213, 260.3592169136464], [358.3966808403418, 241.15703073762586], [361.2135943621179, 303.6407830863536], [174.6033191596582, 322.84296926237414]], '커스듯다|', 0.014198151684142622), ([[246.1210468075817, 911.0778621224576], [319.9522238025971, 938.3104498502713], [303.8789531924183, 976.9221378775424], [231.04777619740292, 950.6895501497287]], "'5", 0.4541436451454101), ([[451.09993650191905, 1265.1295364640089], [689.1729496514251, 1248.0848501980167], [688.900063498081, 1365.8704635359911], [451.8270503485749, 1382.9151498019833]], '오실', 0.07170832597262992)]
[([[8, 18], [243, 18], [243, 56], [8, 56]], '@닭아아아야안', 0.014026941310661983), ([[254, 20], [443, 20], [443, 61], [254, 61]], '액문관]', 0.003094803774729371), ([[24, 68], [265, 68], [265, 106], [24, 106]], '이스만 보지에', 0.05448450538615416), ([[272, 72], [314, 72], [314, 98], [272, 98]], '자', 0.9950413338892758), ([[335, 68], [559, 68], [559, 111], [335, 111]], '엔무 반자엔생', 0.00221134128663287), ([[29, 121], [124, 121], [124, 157], [29, 157]], '그래', 0.8392521431932906), ([[134, 120], [176, 120], [176, 150], [134, 150]], '내', 0.30738311635013815), ([[180, 114], [469, 114], [469, 171], [180, 171]], '(@인증당 눈하야때', 0.0005078738823325465), ([[587, 53], [716, 53], [716, 208], [587, 208]], '0', 0.012270526494864209), ([[24, 167], [135, 167], [135, 215], [24, 215]], '딸이면', 0.8944130592765346), ([[144, 170], [252, 170], [252, 198], [144, 198]], '버해서', 0.4275670509035125), ([[264, 170], [336, 170], [336, 196], [264, 196]], '다시', 0.951165370500996), ([[346, 170], [422, 170], [422, 198], [346, 198]], '이', 0.9725329026736098), ([[418, 172], [446, 172], [446, 218], [418, 218]], '틀', 0.34713769934298), ([[30, 218], [104, 218], [104, 248], [30, 248]], '가지', 0.6344620087671295), ([[164, 218], [208, 218], [208, 248], [164, 248]], '@', 0.19782712050506746), ([[202, 216], [336, 216], [336, 268], [202, 268]], '눈짓', 0.17039628754966205), ([[26, 268], [70, 268], [70, 296], [26, 296]], "아'", 0.5295240021999104), ([[66, 266], [380, 266], [380, 318], [66, 318]], '들이면엄마외슬위름', 0.005654166269901081), ([[26, 314], [220, 314], [220, 366], [26, 366]], '범안- 아른', 0.0015858453176930208), ([[249, 317], [349, 317], [349, 353], [249, 353]], '걸야]', 0.042387049675252836), ([[30, 366], [98, 366], [98, 398], [30, 398]], '그래', 0.9999911491732849), ([[104, 360], [181, 360], [181, 411], [104, 411]], '무럼', 0.22683171622389214), ([[180, 368], [208, 368], [208, 392], [180, 392]], '게', 0.9991641599825449), ([[221, 365], [381, 365], [381, 401], [221, 401]], '5안 나의', 0.13458756272198782), ([[24, 410], [352, 410], [352, 466], [24, 466]], '양복안 [가주일 만더날', 0.012024850979176108), ([[30, 464], [102, 464], [102, 496], [30, 496]], '건야', 0.7082479088502016), ([[114, 456], [369, 456], [369, 506], [114, 506]], '`불하 안하하해', 0.0035059279235935136), ([[22, 507], [354, 507], [354, 563], [22, 563]], '따안어 안엔터 철대', 0.018048138663916555), ([[22, 557], [370, 557], [370, 606], [22, 606]], '안돼 멈쳐 다 뺨에다', 0.003256167438769079), ([[25, 609], [145, 609], [145, 651], [25, 651]], '움 @', 0.05200614780187607), ([[245, 611], [315, 611], [315, 653], [245, 653]], '안입늘', 0.014813449128758588), ([[782, 584], [834, 584], [834, 642], [782, 642]], '83', 0.7126982388099636), ([[27, 657], [273, 657], [273, 701], [27, 701]], '끼이야아악써 ', 0.0027995184535163464), ([[506, 936], [554, 936], [554, 1004], [506, 1004]], '사', 0.08709439006882835), ([[153.90746443890615, 598.1003079700932], [254.6920997883031, 612.102633403899], [245.09253556109385, 663.8996920299068], [144.3079002116969, 648.897366596101]], '미"듬', 0.02644658198204511), ([[609.4005198440519, 896.2625472358548], [783.2259980117616, 855.8413450394191], [801.5994801559481, 970.7374527641452], [627.7740019882384, 1010.1586549605809]], '움례', 0.1519855776405063), ([[269.400519844052, 940.2625472358548], [440.26073019776163, 901.8764658051682], [458.599480155948, 1014.7374527641452], [286.73926980223837, 1053.1235341948318]], '움질@', 0.009125525151049778), ([[441.164411712992, 1191.1891762223615], [548.6933855795124, 1177.9834736363932], [553.835588287008, 1256.8108237776385], [446.3066144204875, 1270.0165263636068]], '8려8', 0.14893281674911452), ([[511.23495478375634, 1236.1747739187817], [616.7351224530532, 1225.0302323711574], [621.7650452162436, 1303.8252260812183], [515.2648775469468, 1314.9697676288426]], '8주', 0.006912910789131097)]
[([[97, 63], [685, 63], [685, 124], [97, 124]], '누근가가 옆칸에서 똑똑 노크룹 하여다', 0.45847215773804745), ([[95, 112], [528, 112], [528, 172], [95, 172]], '휴지가 없어서 곤란한건가?', 0.792199123079103), ([[97, 171], [167, 171], [167, 207], [97, 207]], '나도', 0.9999586963383006), ([[178, 168], [692, 168], [692, 220], [178, 220]], '노크로 사람이 있다 눈 겉 알려쥐다', 0.2599847572420936), ([[91, 215], [440, 215], [440, 266], [91, 266]], '예상과 논 달리 잠시후', 0.690526326928235), ([[448, 213], [787, 213], [787, 267], [448, 267]], '그 구멍으로 부터 나오는', 0.48816542133157803), ([[796, 220], [872, 220], [872, 250], [796, 250]], '지혜', 0.7440474749641924), ([[553.323561362139, 636.3648209037005], [616.7669649888473, 589.0294551449842], [682.676438637861, 691.6351790962995], [619.2330350111527, 738.9705448550158]], '틀', 0.9754793217099156), ([[428.71282955629516, 623.2901674869371], [451.63368671874315, 643.5634436079583], [393.28717044370484, 708.7098325130629], [369.36631328125685, 688.4365563920417]], '틀', 0.01834768897248651)]
[([[24, 16], [414, 16], [414, 72], [24, 72]], '움악3 @고없어; 이살양', 0.011734835682397964), ([[4, 62], [549, 62], [549, 125], [4, 125]], '균멍어세 칸도히 주입되없면 정액울', 0.025579239883719948), ([[8, 114], [736, 114], [736, 169], [8, 169]], '어어내권 외없진만 이슬배늄 @무 대교도 없없다', 0.005007882784838805), ([[115, 161], [546, 161], [546, 218], [115, 218]], '계음인없밤다 더뭐 과해다3', 0.00098683518060238), ([[19, 203], [345, 203], [345, 271], [19, 271]], '@주 ? @슬하양  3', 0.036645423665861966), ([[26.01941932430908, 158.0970966215454], [132.91330826874236, 177.07296070401088], [123.98058067569092, 217.9029033784546], [17.086691731257645, 198.92703929598912]], '@런', 0.26349030914124855), ([[618.2527887210263, 1127.3847605235917], [762.1339179957795, 1091.9923460395441], [778.7472112789737, 1181.6152394764083], [634.8660820042205, 1217.0076539604559]], '내', 0.25687596101500176), ([[281.75650320476797, 1215.2312153828864], [425.18666512064124, 1190.6529928404502], [436.24349679523203, 1284.7687846171136], [291.81333487935876, 1310.3470071595498]], '입', 0.1026827640571506)]
[([[26, 22], [78, 22], [78, 52], [26, 52]], '@', 0.8975739385903267), ([[83, 13], [553, 13], [553, 73], [83, 73]], '@슬승양다 피문 중앙나-죄자 3', 0.004335189983887185), ([[22, 66], [506, 66], [506, 120], [22, 120]], '멋진 표정의로 과접대빠렉눈7이', 0.0028712285769345153), ([[1, 112], [375, 112], [375, 173], [1, 173]], '@슬골늄 기절해 외없다;', 0.052904902577129986), ([[5, 161], [431, 161], [431, 221], [5, 221]], '정신절인 충격오없다진 거친', 0.056813289285387154), ([[3, 211], [419, 211], [419, 273], [3, 273]], '도@*어 절정올 맞이하권지', 0.00948484259987323), ([[5, 261], [347, 261], [347, 321], [5, 321]], '앞수늄 언없지만 그냥', 0.05740500499307392), ([[2, 306], [353, 306], [353, 369], [2, 369]], '보세늄 정말 만족하면', 0.1518141938763606), ([[8, 361], [362, 361], [362, 416], [8, 416]], '가버런듯안 표정어없다', 0.505856196335948), ([[7, 409], [350, 409], [350, 458], [7, 458]], '따맛안하지만 이멘일로', 0.060069277486021026), ([[22, 459], [356, 459], [356, 510], [22, 510]], '사진묵 전-팀 건짓말', 0.032796394838784486), ([[24, 508], [232, 508], [232, 564], [24, 564]], '곱로렉올 접음', 0.061017817734411034), ([[242, 510], [430, 510], [430, 560], [242, 560]], '것9 마전문', 0.02118610206527536), ([[23, 557], [344, 557], [344, 612], [23, 612]], '민. 협못안전락과 [', 0.0027977171307383133), ([[22, 606], [394, 606], [394, 655], [22, 655]], '@ 참어 진물 이멘일}', 0.019908368944551988), ([[19, 651], [405, 651], [405, 713], [19, 713]], '사진올 중야애터@`처?', 0.0003519489967914027), ([[24, 703], [320, 703], [320, 755], [24, 755]], '마침멋진 따정왕', 0.01855503454585545), ([[24, 750], [163, 750], [163, 805], [24, 805]], '많이우3', 0.047200318425893784), ([[171, 757], [255, 757], [255, 793], [171, 793]], '위학후', 0.009938478684066991)]
[([[7, 13], [450, 13], [450, 74], [7, 74]], '따책집 연장운 @문고 꿈로다', 0.00382973656247475), ([[23, 63], [479, 63], [479, 123], [23, 123]], '갑 동안 순소리] 돌안-증과?', 0.013859554360799359), ([[25, 112], [307, 112], [307, 173], [25, 173]], '며으면 오랜전원예', 0.013316429197305612), ([[296, 122], [338, 122], [338, 148], [296, 148]], '게', 0.9910385817169107), ([[348, 114], [539, 114], [539, 165], [348, 165]], '범해집진로?', 0.05191662562101274), ([[24, 163], [299, 163], [299, 218], [24, 218]], '근럼 대입 넘세 ', 0.04179924111556388), ([[6, 210], [402, 210], [402, 267], [6, 267]], '남자눈 똑지에 내일 다시 ', 0.661503241267421), ([[7, 258], [343, 258], [343, 321], [7, 321]], '그곳으로 오라눈 똑치름', 0.07870612272645054), ([[7, 310], [353, 310], [353, 371], [7, 371]], '남고 객실올 떠남다.', 0.13264581797192226), ([[959, 789], [977, 789], [977, 817], [959, 817]], '3', 0.9005955715966962)]
[([[8, 20], [144, 20], [144, 52], [8, 52]], '이스비가', 0.9969086647033691), ([[145, 12], [479, 12], [479, 74], [145, 74]], '깨어나올때눈 정액이', 0.2966657648868354), ([[7, 62], [601, 62], [601, 123], [7, 123]], '말라붙없올 정도로 시간이 지난 후연다', 0.34050324321665143), ([[12, 116], [510, 116], [510, 168], [12, 168]], '눈가리개도 손목에 채위,던 끈도', 0.12429323461986863), ([[9, 162], [182, 162], [182, 218], [9, 218]], '풀려있없다.', 0.9483492809337368), ([[194, 159], [514, 159], [514, 215], [194, 215]], '잠시 명하니 있다가', 0.9789279041999269), ([[10, 212], [363, 212], [363, 268], [10, 268]], '남자가 업눈결 확인한', 0.43782030206715916), ([[8, 263], [352, 263], [352, 320], [8, 320]], '그녀논 욕실에서 온몸올', 0.40795061980643527), ([[11, 308], [262, 308], [262, 371], [11, 371]], '결렉증환자마냥', 0.2918560408944984), ([[6, 362], [156, 362], [156, 412], [6, 412]], '씻어벗다', 0.49364805221557617), ([[173, 363], [267, 363], [267, 401], [173, 401]], '그리고', 0.9998033680926643), ([[7, 407], [315, 407], [315, 467], [7, 467]], '몸올 말리면 발견한', 0.42237830170931023), ([[11, 461], [198, 461], [198, 505], [11, 505]], '남자의 쪽지', 0.7264488624139199), ([[975, 819], [1019, 819], [1019, 873], [975, 873]], '3', 0.07179967716750557), ([[964, 876], [994, 876], [994, 924], [964, 924]], '3', 0.4993088449955998)]
[([[188, 0], [238, 0], [238, 26], [188, 26]], '9', 0.5440764879256541), ([[4, 10], [345, 10], [345, 73], [4, 73]], '분노가 치밀어 올라다.', 0.5650491896567642), ([[21, 57], [375, 57], [375, 122], [21, 122]], "'중입거우 중입건-", 0.019423611767604248), ([[10, 114], [184, 114], [184, 170], [10, 170]], '분노에 치름', 0.6906036340713), ([[194, 122], [232, 122], [232, 152], [194, 152]], '떠', 0.998088320662248), ([[270, 120], [308, 120], [308, 152], [270, 152]], '이', 0.9993178815969692), ([[332, 120], [364, 120], [364, 146], [332, 146]], '비', 0.9965221179309083), ([[8, 164], [188, 164], [188, 216], [8, 216]], '그런 분노와', 0.9615511429666466), ([[196, 168], [274, 168], [274, 200], [196, 200]], '학께', 0.895549675493917), ([[972, 818], [1020, 818], [1020, 874], [972, 874]], '8', 0.5937549460323375), ([[959, 871], [1045, 871], [1045, 955], [959, 955]], '[;', 0.2779475302825768), ([[975, 939], [1019, 939], [1019, 985], [975, 985]], '83', 0.5564657227959017)]
[([[10, 18], [278, 18], [278, 68], [10, 68]], '기절 전에 느껴다', 0.38858501825948627), ([[291, 19], [471, 19], [471, 63], [291, 63]], '거친 -.*의', 0.055454301704303786), ([[10, 68], [274, 68], [274, 120], [10, 120]], '쾌 감이 떠올라다', 0.8243948839432853), ([[8, 116], [248, 116], [248, 168], [8, 168]], '심장이 요동치고', 0.9117130068332036), ([[257, 119], [521, 119], [521, 157], [257, 157]], '유 두가 바짝 서고', 0.536694426106488), ([[9, 169], [161, 169], [161, 211], [9, 211]], '아랫배가', 0.5502727627754211), ([[173, 167], [271, 167], [271, 203], [173, 203]], '저리고', 0.997267164285809), ([[284, 170], [384, 170], [384, 202], [284, 202]], '크리가', 0.696510374546051), ([[6, 208], [327, 208], [327, 269], [6, 269]], '곤드서고 자궁이 움질', 0.2807015441939005), ([[13, 267], [119, 267], [119, 311], [13, 311]], '거려다', 0.6444087850044448), ([[141, 267], [235, 267], [235, 303], [141, 303]], '그리고', 0.9985006491721224), ([[238, 262], [336, 262], [336, 315], [238, 315]], '모르는', 0.9931156761039965), ([[11, 315], [163, 315], [163, 357], [11, 357]], '남자에게', 0.8405908942222595), ([[167, 311], [308, 311], [308, 366], [167, 366]], '처녀막올', 0.7604074393831434), ([[6, 361], [299, 361], [299, 411], [6, 411]], '잃없다 논 배덕감 ..', 0.26951595113754195), ([[8, 412], [154, 412], [154, 464], [8, 464]], '흥분되다!', 0.960437408014695), ([[10, 464], [78, 464], [78, 494], [10, 494]], '이미', 0.9999423435980759), ([[89, 464], [197, 464], [197, 494], [89, 494]], '처녀가', 0.9972825755659198), ([[206, 464], [318, 464], [318, 494], [206, 494]], '아니게', 0.9895700812339783), ([[6, 509], [129, 509], [129, 557], [6, 557]], '되없다!', 0.9595679640769958), ([[140, 514], [214, 514], [214, 544], [140, 544]], '이제', 0.9981500020817059), ([[222, 509], [325, 509], [325, 564], [222, 564]], '처녀들', 0.6100486498160586), ([[5, 548], [359, 548], [359, 612], [5, 612]], '지켜야한다 논 마음속의', 0.6353035157585083), ([[10, 608], [282, 608], [282, 660], [10, 660]], '즉소 논 사라져다!', 0.3191958266267274), ([[10, 656], [230, 656], [230, 704], [10, 704]], '더 하고 싶다!', 0.9780734397740533), ([[230, 652], [341, 652], [341, 709], [230, 709]], '이제논', 0.5124896024691881), ([[12, 710], [90, 710], [90, 740], [12, 740]], '내가', 0.9993054905952341), ([[102, 712], [132, 712], [132, 742], [102, 742]], '그', 0.9292331762087233), ([[139, 701], [253, 701], [253, 762], [139, 762]], '남자 름', 0.2946051359176636), ([[6, 753], [365, 753], [365, 806], [6, 806]], '괴롭히고 싶다]! 정액이', 0.27552421800868665), ([[12, 808], [48, 808], [48, 838], [12, 838]], '더', 0.9990772946248541), ([[54, 804], [358, 804], [358, 858], [54, 858]], '이상 안나올때까지', 0.987403139768942), ([[12, 858], [90, 858], [90, 886], [12, 886]], '내가', 0.9974605862667298), ([[98, 852], [304, 852], [304, 908], [98, 908]], '범해 줄테다]!', 0.4600250288145166), ([[10, 904], [158, 904], [158, 954], [10, 954]], '나도 기분', 0.9973698907408847), ([[162, 892], [327, 892], [327, 958], [162, 958]], '중으면서도', 0.7140350218342751), ([[964, 882], [994, 882], [994, 926], [964, 926]], "'", 0.6695326731083959), ([[10, 952], [416, 952], [416, 1004], [10, 1004]], '복수 활수 있다]! 여러가지', 0.6003441704068488), ([[5, 994], [345, 994], [345, 1057], [5, 1057]], '방법으로 즐기고 싶다!', 0.7168990226119567), ([[4, 1050], [440, 1050], [440, 1104], [4, 1104]], '5.,!! 세스!! 최고의 즐거움!', 0.17716305958631257), ([[7, 1092], [234, 1092], [234, 1142], [7, 1142]], '까하하하하~!', 0.9381637787991949)]
[([[97, 117], [167, 117], [167, 153], [97, 153]], '나도', 0.9999672942022072), ([[176, 108], [837, 108], [837, 171], [176, 171]], '모르계  그결 받아 들고 지혜인결 화인햇올때', 0.200862837462871), ([[96, 168], [198, 168], [198, 198], [96, 198]], '이어서', 0.9998887099712829), ([[208, 164], [316, 164], [316, 212], [208, 212]], '구멍에', 0.992506196163689), ([[308, 170], [344, 170], [344, 194], [308, 194]], '서', 0.999917032055464), ([[356, 164], [508, 164], [508, 214], [356, 214]], '나온 그것', 0.8906051261344736), ([[544, 164], [772, 164], [772, 212], [544, 212]], '남성의 생식기 .', 0.7561188028059186), ([[95, 209], [787, 209], [787, 270], [95, 270]], '분명 글로리올이라고 불리우논 구멍인 것이없다.', 0.3657751644024325)]
[([[120, 69], [534, 69], [534, 124], [120, 124]], '처음 본 성인남성의 생식기', 0.9903016088067472), ([[124, 124], [268, 124], [268, 176], [124, 176]], '놀라자빠_', 0.5360779591907647), ([[257, 119], [515, 119], [515, 179], [257, 179]], '젖올 상황인데 도', 0.16494966996481242), ([[528, 126], [558, 126], [558, 158], [528, 158]], '그', 0.9999434955949624), ([[552, 116], [975, 116], [975, 177], [552, 177]], '것에서 눈올 떨수가 없있다.', 0.5555138684746405)]
[([[59, 21], [925, 21], [925, 86], [59, 86]], '그리고 코릎 찌르는 이상야룻한 냄새에 정신이 궁궁해지고', 0.17180588849978642), ([[55, 75], [303, 75], [303, 135], [55, 135]], '혈관이 꿈들대고', 0.5186574094740528), ([[314, 76], [897, 76], [897, 130], [314, 130]], '그에 맛취 움질움질거리고 어느계 괜지', 0.07918455782442792), ([[57, 129], [231, 129], [231, 171], [57, 171]], '야하면서 도', 0.8328750723021893), ([[240, 128], [446, 128], [446, 176], [240, 176]], '귀여워 보엿다 .', 0.5388521900815941), ([[56, 177], [131, 177], [131, 227], [56, 227]], '나는', 0.9495313634463112), ([[139, 179], [217, 179], [217, 215], [139, 215]], '뛰뭐에', 0.06480370346919653), ([[224, 176], [352, 176], [352, 230], [224, 230]], '올라듯이', 0.5350677371025085)]
[([[116, 50], [416, 50], [416, 104], [116, 104]], '그것올 입에 넘없다', 0.4449459113124109), ([[112, 100], [182, 100], [182, 154], [112, 154]], '입술', 0.9996255879306722), ([[176, 104], [216, 104], [216, 130], [176, 130]], '에', 0.9975071011918182), ([[226, 95], [466, 95], [466, 151], [226, 151]], '전해지논 모르는', 0.8615301797805779), ([[476, 98], [784, 98], [784, 151], [476, 151]], '남자의 뜨거운 체온', 0.686045629194625)]
[([[112, 46], [578, 46], [578, 102], [112, 102]], '입안 한가득 채워지논 만족감.', 0.5959461892669669), ([[307.10263340389895, 1095.307900211697], [411.87128149192324, 1080.497056005808], [416.89736659610105, 1136.692099788303], [313.12871850807676, 1151.502943994192]], '@웅어', 0.015931585522154748)]
