2546606
21
[([[46, 30], [134, 30], [134, 82], [46, 82]], '닦18', 0.016591602474972406), ([[35, 75], [131, 75], [131, 123], [35, 123]], '거훌익쪽?', 0.0024397787463328545), ([[513.5027712112109, 273.0112437677597], [584.3628387521902, 232.00598580863618], [738.4972287887891, 515.9887562322402], [667.6371612478098, 556.9940141913638]], '흙', 0.018842276601279906)]
[([[446, 306], [518, 306], [518, 332], [446, 332]], '부끄럽네', 0.26826560497283936), ([[132, 398], [224, 398], [224, 422], [132, 422]], '오늘은 내가', 0.7823524198714191), ([[122, 428], [232, 428], [232, 452], [122, 452]], '엄정 깨끗하게', 0.7766144036377701), ([[150, 456], [204, 456], [204, 480], [150, 480]], '해줄게', 0.8738939487125439), ([[402, 812], [426, 812], [426, 838], [402, 838]], '=위', 0.005424018973810115), ([[189, 1085], [255, 1085], [255, 1123], [189, 1123]], '하앗', 0.425294135064081), ([[369.4257255601345, 835.0275458253983], [412.7205535978264, 825.0434235913018], [440.5742744398655, 950.9724541746017], [396.2794464021736, 960.9565764086982]], '북', 0.5852733125166765)]
[([[0, 777], [35, 777], [35, 847], [0, 847]], '{', 0.04416564189828964), ([[339.0748539593629, 872.0614046952215], [385.50229892174525, 840.0180449877406], [463.9251460406371, 960.9385953047785], [417.49770107825475, 992.9819550122594]], '흙', 0.05057896096641401)]
[([[116, 850], [234, 850], [234, 880], [116, 880]], '치치는 항상', 0.8670999505038827), ([[120, 886], [212, 886], [212, 916], [120, 916]], '부드럽네 .', 0.781358268109708), ([[120.28913145942698, 12.085438983650612], [159.99415773544865, 36.81286514153446], [145.71086854057302, 58.91456101634939], [106.00584226455133, 34.18713485846554]], '스?', 0.15590655413285534), ([[656.4615384615385, 241.30769230769232], [683.5656854249493, 218.04020202535534], [727.5384615384615, 272.6923076923077], [700.4343145750507, 295.9597979746447]], '*', 0.27677065263853606), ([[646.5271484408596, 285.02804690322023], [675.332181919415, 267.0138169670205], [739.4728515591404, 376.97195309677977], [709.667818080585, 394.9861830329795]], '호', 0.08757833855502017), ([[709.2548739491968, 753.0940084018679], [731.5183984340243, 744.045128926061], [751.7451260508032, 797.9059915981321], [729.4816015659757, 806.954871073939]], '5', 0.05320515218111255)]
[([[440, 56], [528, 56], [528, 82], [440, 82]], '불량배하곧', 0.8065441749831234), ([[428, 86], [538, 86], [538, 110], [428, 110]], '씩스하고 싶지', 0.7428617726914464), ([[451, 117], [515, 117], [515, 137], [451, 137]], '않아 ., !', 0.35121978726264697), ([[429, 233], [471, 233], [471, 285], [429, 285]], '', 0.0), ([[612, 500], [784, 500], [784, 530], [612, 530]], '니 사실은 이쪽의 나도', 0.826064659719046), ([[648, 534], [750, 534], [750, 558], [648, 558]], '좋아하지 ,.?', 0.40013499534899494), ([[116, 878], [212, 878], [212, 902], [116, 902]], '싫다 . 오공', 0.2895639941490259), ([[118, 906], [232, 906], [232, 932], [118, 932]], '앞고 있없어 .,드', 0.13196574710825618), ([[355.20510460345565, 822.3332719689847], [386.62017367294607, 795.0386106164317], [437.79489539654435, 857.6667280310153], [405.37982632705393, 884.9613893835683]], ':', 0.04425234753202312), ([[213.10557280900008, 878.2111456180002], [241.81401793549685, 883.1577773870907], [237.89442719099992, 901.7888543819998], [210.18598206450315, 897.8422226129093]], '씨;', 0.8963834719806755)]
[([[183, 324], [246, 324], [246, 531], [183, 531]], '쫓', 0.152587890625), ([[650, 774], [708, 774], [708, 806], [650, 806]], '아앗.', 0.8843179616465022), ([[681.337410843551, 1017.0366975919583], [731.6793248202893, 1025.2605307399665], [715.662589156449, 1118.9633024080417], [665.3206751797107, 1110.7394692600335]], '못', 0.5653124949450472)]
[([[676, 12], [705, 12], [705, 69], [676, 69]], '줄', 0.3071360473408937), ([[214, 78], [270, 78], [270, 102], [214, 102]], '치치 ..', 0.5534749248062859), ([[206, 108], [278, 108], [278, 132], [206, 132]], '엄청나게', 0.9180699586868286), ([[183, 135], [297, 135], [297, 161], [183, 161]], '달라붙고있어 !', 0.4710007525866655), ([[605, 489], [711, 489], [711, 525], [605, 525]], '오공씨는', 0.8274264931678772), ([[622, 534], [692, 534], [692, 564], [622, 564]], '바보 !', 0.7083949669184811), ([[80, 612], [174, 612], [174, 636], [80, 636]], '나름 그렇게', 0.5585502656904262), ([[94, 642], [160, 642], [160, 666], [94, 666]], '원있어?', 0.47185495495796204), ([[420, 786], [444, 786], [444, 830], [420, 830]], '2', 0.08927707162055132), ([[641, 947], [729, 947], [729, 1099], [641, 1099]], '2', 0.02818913771762155), ([[689.5661390843627, 80.0476258796321], [709.5854285441882, 78.08760008898514], [713.4338609156373, 128.9523741203679], [693.4145714558118, 130.91239991101486]], '줄', 0.3594682179214601), ([[434.3641784200732, 809.0405916765708], [473.9536185380696, 825.9391340350429], [442.6358215799268, 896.9594083234292], [404.0463814619304, 880.0608659649571]], ',3', 0.10746485941738494)]
[([[91, 389], [139, 389], [139, 409], [91, 409]], '역시 .', 0.595840975709384), ([[90, 416], [144, 416], [144, 440], [90, 440]], '평소의', 0.9998169951981299), ([[80, 444], [156, 444], [156, 470], [80, 470]], '오공 씨가', 0.985363034903199), ([[82, 474], [150, 474], [150, 500], [82, 500]], '좋아..!', 0.3342735474441234), ([[367, 675], [407, 675], [407, 695], [367, 695]], '으웃 .', 0.4789073169231415), ([[630, 662], [718, 662], [718, 688], [630, 688]], '짓국제해서', 0.4427941718729859), ([[647, 695], [701, 695], [701, 713], [647, 713]], '미안  ,', 0.39899855267195306)]
[([[618, 54], [708, 54], [708, 86], [618, 86]], '오공 씨_', 0.8419984899146163), ([[622, 98], [702, 98], [702, 130], [622, 130]], '사랑해', 0.9998630384809735), ([[98, 542], [126, 542], [126, 578], [98, 578]], '0', 0.8546690399811361), ([[500, 688], [540, 688], [540, 712], [500, 712]], '아앗', 0.9772894196446483), ([[493, 719], [529, 719], [529, 739], [493, 739]], '아룻', 0.13728036237946273), ([[490, 1044], [546, 1044], [546, 1128], [490, 1128]], '찢', 0.21010374003873622)]
[([[316, 172], [366, 172], [366, 204], [316, 204]], '응항', 0.16900721379141986), ([[656, 226], [710, 226], [710, 258], [656, 258]], '안돼', 0.37171736685025253), ([[329, 399], [349, 399], [349, 437], [329, 437]], '0', 0.9998186908895867), ([[610, 406], [690, 406], [690, 438], [610, 438]], '가버럿', 0.7711454226504264), ([[125, 857], [165, 857], [165, 917], [125, 917]], '{', 0.15823020964313628), ([[135, 993], [177, 993], [177, 1011], [135, 1011]], '치치..', 0.6926919221878052), ([[118, 1014], [198, 1014], [198, 1038], [118, 1038]], '미안하지만', 0.9998318522359899), ([[116, 1040], [200, 1040], [200, 1064], [116, 1064]], '아직 잠들게', 0.9860990277756057), ([[109, 1067], [207, 1067], [207, 1087], [109, 1087]], '하지 않들거야', 0.43142204951076235), ([[614.4229285812902, 586.0166644563199], [686.2337615632939, 576.2526768147172], [709.5770714187098, 778.9833355436801], [637.7662384367061, 787.7473231852828]], '겨', 0.0022056691683702973)]
[([[620, 0], [646, 0], [646, 28], [620, 28]], '0', 0.9994857972429969), ([[389, 289], [485, 289], [485, 309], [389, 309]], "너에컨 '내' 가", 0.4551080519064109), ([[388, 312], [484, 312], [484, 336], [388, 336]], '살아던 흔적올', 0.24412681804091854), ([[388, 338], [484, 338], [484, 364], [388, 364]], '남기지 않으면', 0.8484275385411665), ([[396, 364], [466, 364], [466, 388], [396, 388]], '안되니까.', 0.623975788725044), ([[576, 362], [626, 362], [626, 388], [576, 388]], '233', 0.39668736168199864), ([[174, 772], [268, 772], [268, 798], [174, 798]], '아침이 아직', 0.8511119106366608), ([[174, 802], [270, 802], [270, 826], [174, 826]], '안온거 같아', 0.9431246724578968), ([[561.3720224662794, 13.02468532174798], [622.0545700125152, 5.268328637113878], [640.6279775337206, 155.97531467825203], [579.9454299874848, 163.73167136288612]], '흙', 0.006281430570137525), ([[479.40077848228805, 185.04513798310094], [514.231990358879, 189.68062972269271], [504.59922151771195, 258.9548620168991], [470.76800964112095, 254.31937027730729]], '=', 0.02061837574905767)]
[]
[([[522, 577], [766, 577], [766, 606], [522, 606]], '훌명 /5-{하쇄@ 오하어신,하 미서뚜명', 3.968938426547548e-07)]
[([[306, 112], [523, 112], [523, 239], [306, 239]], '후기', 0.9999927507497521), ([[48, 420], [760, 420], [760, 492], [48, 492]], '제목이랑 마지막 폐이지의 오공', 0.8781522106495739), ([[67, 511], [743, 511], [743, 579], [67, 579]], '대사 때문에 위로 울없습니다 .', 0.7802117315648398), ([[523, 577], [766, 577], [766, 606], [523, 606]], '"명 /$-{들히`서-]신, ,입명', 7.519205007719115e-07)]
[]
[]
[]
[([[680, 88], [790, 88], [790, 114], [680, 114]], '실은 내한터는', 0.7289319474249277), ([[668, 118], [800, 118], [800, 144], [668, 144]], '비밀로 하고 있는', 0.42861888700028333), ([[696, 148], [774, 148], [774, 174], [696, 174]], '일이 있어', 0.799297185043902), ([[434, 384], [516, 384], [516, 408], [434, 408]], '그 슈퍼인가', 0.9541845380455442), ([[430, 412], [520, 412], [520, 436], [430, 436]], '먼가로 북쪽에', 0.10529899783134213), ([[447, 445], [503, 445], [503, 465], [447, 465]], '보내주지', 0.9962050318717957), ([[438, 472], [514, 472], [514, 496], [438, 496]], '압울거지만', 0.40761457103147974), ([[638, 682], [748, 682], [748, 708], [638, 708]], '불량배로 밖에', 0.8990799360535437), ([[272, 694], [366, 694], [366, 720], [272, 720]], '이런 주장올', 0.5264159866569135), ([[640, 711], [748, 711], [748, 738], [640, 738]], '보이지 않늘다', 0.22857143040188807), ([[292, 724], [348, 724], [348, 748], [292, 748]], '하지만', 0.9998287640819661)]
[([[159, 119], [213, 119], [213, 139], [159, 139]], '그치만', 0.9999476927915707), ([[118, 146], [256, 146], [256, 170], [118, 170]], '내 오공 씨는 우주', 0.8339607292032137), ([[122, 174], [252, 174], [252, 200], [122, 200]], '제일로 멋진결  ', 0.1745867393617267), ([[130, 204], [248, 204], [248, 230], [130, 230]], '어떤 수 없잡아', 0.18566754792821827), ([[28, 364], [132, 364], [132, 488], [28, 488]], '1', 0.10063395653838825), ([[34, 472], [128, 472], [128, 552], [34, 552]], '[:', 0.23374878335449478), ([[606, 584], [734, 584], [734, 608], [606, 608]], "'이' 오공 씨에게", 0.9040823789289572), ([[600, 612], [738, 612], [738, 638], [600, 638]], '두근두근거린다는', 0.5410573974219469), ([[612, 642], [728, 642], [728, 666], [612, 666]], '말은 이제 와서', 0.9978641028128312), ([[620, 672], [716, 672], [716, 696], [620, 696]], '활 수 없어;', 0.6308795767130299), ([[239, 855], [282, 855], [282, 932], [239, 932]], '"', 0.33520765869932134), ([[561, 941], [727, 941], [727, 977], [561, 977]], '월 머못거리고', 0.5126082975474687), ([[69, 975], [215, 975], [215, 1011], [69, 1011]], '오, 오공 씨 !', 0.5066335330068196), ([[607, 985], [681, 985], [681, 1021], [607, 1021]], '있어?', 0.9968858140681344), ([[89, 1019], [195, 1019], [195, 1055], [89, 1055]], '아무것도', 0.9899558424949646), ([[108, 1066], [176, 1066], [176, 1098], [108, 1098]], '아냐 !', 0.9994762465727727)]
[([[642, 32], [734, 32], [734, 56], [642, 56]], '오늘 수업은', 0.7067965502354419), ([[636, 60], [740, 60], [740, 84], [636, 84]], '이제 보건가?', 0.2825013474034962), ([[96, 80], [240, 80], [240, 106], [96, 106]], '그럼 목목물 데워야지_', 0.6779595937380795), ([[502, 212], [570, 212], [570, 242], [502, 242]], '아아..', 0.6901306509971619), ([[197, 487], [297, 487], [297, 507], [197, 507]], '저기 , 치치 ..', 0.551677901257857), ([[168, 514], [324, 514], [324, 538], [168, 538]], '가끔은 등 밀어줄 수', 0.7252491352869684), ([[213, 540], [280, 540], [280, 568], [213, 568]], '있율까?', 0.19110634922981262), ([[140, 982], [202, 982], [202, 1006], [140, 1006]], '응이네 !', 0.9629791493290938), ([[411.701488842937, 502.01488842937005], [440.160180028752, 505.2334168545144], [427.298511157063, 607.98511157063], [398.839819971248, 603.7665831454856]], '흙', 0.013909603111983637)]
[([[292, 6], [340, 6], [340, 78], [292, 78]], '꿀', 0.03387025357890483), ([[698, 74], [776, 74], [776, 98], [698, 98]], '오공 씨의', 0.9979179768510925), ([[228, 70], [279, 70], [279, 147], [228, 147]], '글', 0.7991855806329937), ([[689, 104], [783, 104], [783, 128], [689, 128]], '등은 넓구나', 0.9561233705305676), ([[304, 292], [424, 292], [424, 316], [304, 316]], '싫다 , 오공 씨 .,', 0.5798198240458429), ([[628, 288], [728, 288], [728, 312], [628, 312]], ',치치도 같이', 0.5296136499915214), ([[313, 321], [417, 321], [417, 345], [313, 345]], '신혼부부처럼', 0.9943027962131179), ([[636, 318], [708, 318], [708, 342], [636, 342]], '들어가지', 0.9999901652336121), ([[328, 350], [404, 350], [404, 376], [328, 376]], '할 나이도', 0.5810227282606212), ([[640, 346], [706, 346], [706, 372], [640, 372]], '않울래?', 0.8870423436164856), ([[338, 380], [394, 380], [394, 404], [338, 404]], '아니고', 0.9999942874844068), ([[621, 715], [713, 715], [713, 735], [621, 735]], '나이 따위는', 0.6057441985552169), ([[630, 742], [702, 742], [702, 768], [630, 768]], '상관없어', 0.9994806051254272), ([[314.5837847110703, 670.0437881420303], [335.37081571839565, 667.034676692503], [345.4162152889297, 720.9562118579697], [324.62918428160435, 723.965323307497]], '3', 0.46816755229207274)]
