2551997
11
[([[51, 109], [394, 109], [394, 201], [51, 201]], '작가의 말만', 0.07414956549193345), ([[50, 233], [600, 233], [600, 329], [50, 329]], '게임 여5등분 진료의', 0.0132434218451644), ([[51, 361], [479, 361], [479, 453], [51, 453]], '하텔 엔덩에', 0.14096147619461696), ([[49, 482], [420, 482], [420, 581], [49, 581]], '@어집네다', 0.38594540865907), ([[48, 610], [592, 610], [592, 708], [48, 708]], '(레임 제직자 분의', 0.10976303106772563), ([[52, 736], [664, 736], [664, 834], [52, 834]], '허락음 똑돼습내다 )', 0.03635481654061738)]
[([[112, 912], [164, 912], [164, 936], [112, 936]], "미이마'", 0.0007168427109718323), ([[152, 872], [272, 872], [272, 944], [152, 944]], '유략', 0.019287337679775852), ([[258, 912], [324, 912], [324, 936], [258, 936]], '확점료따', 5.124252311361488e-06), ([[315, 875], [379, 875], [379, 941], [315, 941]], '품=', 0.37978114995448675), ([[371, 915], [421, 915], [421, 935], [371, 935]], '미미의', 0.0073570046249202764), ([[413, 875], [529, 875], [529, 943], [413, 943]], '좋이', 0.3345092646653728), ([[519, 915], [599, 915], [599, 935], [519, 935]], '미정미락의', 0.00019692832079744646)]
[([[49, 871], [273, 871], [273, 931], [49, 931]], '오기분 통이?', 0.028883745414312226), ([[50, 941], [671, 941], [671, 1006], [50, 1006]], '~체교예요@ 매매블 정말 행복해요%', 0.013088742744817469)]
[([[74, 0], [160, 0], [160, 14], [74, 14]], '"|.`스기', 0.0003579071196767082), ([[78, 14], [150, 14], [150, 22], [78, 22]], ';우 5시 ; 군', 0.0001752421513752875), ([[86, 22], [159, 22], [159, 34], [86, 34]], ' 0 :저-사', 3.48346820053077e-06), ([[53, 1187], [599, 1187], [599, 1231], [53, 1231]], '~아아 그렇게 사정햇으면서 굉장한 양이네', 0.40056604667553414), ([[55, 1238], [723, 1238], [723, 1280], [55, 1280]], '~내 정력올 우습게 보지말라켓] 아침까지 가능하니까]', 0.1208578359666848)]
[([[75, 0], [161, 0], [161, 13], [75, 13]], '"6기)', 0.0074978182092309), ([[78, 14], [150, 14], [150, 22], [78, 22]], "'> 차] :;과7", 0.0006962645065694843), ([[86, 22], [159, 22], [159, 34], [86, 34]], ' 0 :3개극', 4.483765855237873e-06), ([[28, 1179], [730, 1179], [730, 1228], [28, 1228]], '(훈춧 남자로서의 운월감에 찬 표정올 짓째 훈타로준로', 0.08236238395035943), ([[29, 1235], [181, 1235], [181, 1279], [29, 1279]], '꽤 귀엽네)', 0.7640115114140045)]
[([[25, 57], [179, 57], [179, 123], [25, 123]], '결정마', 0.11792545765638351), ([[765, 89], [899, 89], [899, 155], [765, 155]], '짐깐히', 0.08617604689277819), ([[23, 137], [174, 137], [174, 209], [23, 209]], '업울음', 0.39234300141989303), ([[762, 166], [1014, 166], [1014, 241], [762, 241]], '정활찍어제', 0.0033249572700379325), ([[23, 223], [171, 223], [171, 291], [23, 291]], '확실히', 0.4451214998681593), ([[767, 257], [913, 257], [913, 321], [767, 321]], '엔로다', 0.028977828694251643), ([[29, 311], [213, 311], [213, 373], [29, 373]], '모자이크', 0.66746535022174), ([[762, 335], [938, 335], [938, 408], [762, 408]], '함페야?', 0.13716137409210205), ([[29, 393], [229, 393], [229, 457], [29, 457]], '할거니까.', 0.22156951153468502)]
[([[11, 39], [75, 39], [75, 79], [11, 79]], '야횟', 0.009875395536941885), ([[543, 59], [633, 59], [633, 103], [543, 103]], "'마음핏", 0.4687440097332001), ([[11, 85], [105, 85], [105, 125], [11, 125]], '느러데', 0.007299936900977975), ([[541, 106], [742, 106], [742, 154], [541, 154]], '딸체베해중자하', 0.023790818493320365), ([[11, 131], [211, 131], [211, 173], [11, 173]], '오직움문만마물', 0.011897813284643458), ([[11, 179], [211, 179], [211, 221], [11, 221]], '돼분증제 해출숨', 0.009827250396200847), ([[541, 161], [721, 161], [721, 205], [541, 205]], '예방페 네도략', 0.036261293636606795), ([[13, 227], [139, 227], [139, 267], [13, 267]], '있으니까.', 0.9381109554983909), ([[541, 211], [755, 211], [755, 255], [541, 255]], "'떼사움 손 왜붙눈권", 0.0034932882630503976), ([[13, 273], [129, 273], [129, 313], [13, 313]], '빨리 해쥐', 0.6519221989456141), ([[541, 261], [705, 261], [705, 305], [541, 305]], '과} 뽑이내교', 0.036281169560368094)]
[([[1, 705], [451, 705], [451, 741], [1, 741]], '-더 조여! 이정도로 기분 중아닥렉-} 없숙아@', 0.0388406719102051), ([[8, 738], [474, 738], [474, 768], [8, 768]], '~죄송합니다 . 제발 떼 세계 잡아당계자세요 ', 0.12751086094567812)]
[([[0, 716], [56, 716], [56, 744], [0, 744]], '(아아', 0.7576557397842407), ([[68, 714], [512, 714], [512, 746], [68, 746]], '나는 후타로에게 재배당하기 위해 @에~거야 )', 0.10986307372932498)]
[([[754, 8], [970, 8], [970, 64], [754, 64]], '운에스기쓰', 0.2369513705490083), ([[6, 61], [211, 61], [211, 129], [6, 129]], '아니아니,', 0.8078887879398315), ([[752, 78], [1002, 78], [1002, 134], [752, 134]], '이번에늄 제가', 0.6294120170492765), ([[7, 145], [269, 145], [269, 213], [7, 213]], '내가 이격지', 0.6346588494914318), ([[752, 147], [1024, 147], [1024, 204], [752, 204]], '이권 것 간네요', 0.41198738419028286), ([[894, 960], [942, 960], [942, 986], [894, 986]], "'", 0.043558159791132534)]
[([[748, 4], [1024, 4], [1024, 58], [748, 58]], '무슨 말씀이세요?', 0.6553877205942754), ([[746, 66], [964, 66], [964, 120], [746, 120]], '우에스기찌가', 0.593627881716499), ([[3, 91], [125, 91], [125, 151], [3, 151]], '그후,', 0.9882871445142043), ([[748, 130], [938, 130], [938, 184], [748, 184]], '먼저 씨으네', 0.07717607773263607), ([[5, 167], [313, 167], [313, 227], [5, 227]], '요춧바의 자지에', 0.7003539674524474), ([[748, 192], [1024, 192], [1024, 244], [748, 244]], '이제 제 차례에외', 0.5428231062054302), ([[5, 245], [313, 245], [313, 307], [5, 307]], '엉망진창이 되어', 0.9874969090855699), ([[3, 321], [137, 321], [137, 381], [3, 381]], '정신올', 0.8584581777046595), ([[3, 399], [233, 399], [233, 461], [3, 461]], '잃올뻔햇다.', 0.12711515969846937)]
