2552603
11
[([[139, 227], [840, 227], [840, 516], [139, 516]], '훈라주의', 0.1873946338891983)]
[]
[([[357, 47], [447, 47], [447, 85], [357, 85]], '이제제', 0.9701292031150932), ([[1, 81], [105, 81], [105, 123], [1, 123]], '엉덩이름', 0.3501969277858734), ([[357, 89], [471, 89], [471, 129], [357, 129]], '탓례네요', 0.2013987898826599), ([[0, 123], [105, 123], [105, 165], [0, 165]], '이쪽으로', 0.9919532537460327), ([[0, 167], [135, 167], [135, 211], [0, 211]], '돌려주세요', 0.9879360941427654)]
[([[207, 1587], [1492, 1587], [1492, 1740], [207, 1740]], '우에쓰리씨 힘 빼주제요', 0.11472454626667787), ([[201, 1795], [607, 1795], [607, 1951], [201, 1951]], '~알있이', 0.17491379380226135)]
[]
[]
[]
[]
[([[374, 218], [416, 218], [416, 242], [374, 242]], '@', 0.06967689750355532)]
[([[354, 72], [482, 72], [482, 108], [354, 108]], '설마 이거로', 0.9982925494059227), ([[355, 115], [497, 115], [497, 151], [355, 151]], '끝인가요? 5', 0.23719536983771536)]
[]
