2554976
255
[([[72, 202], [232, 202], [232, 304], [72, 304]], '엄교논', 0.19068923592567444), ([[134, 288], [256, 288], [256, 360], [134, 360]], '[생', 0.3336543867780976)]
[([[558, 90], [944, 90], [944, 138], [558, 138]], '42긋 >어4 94>1시6', 0.0010603156956709523), ([[522, 141], [1014, 141], [1014, 190], [522, 190]], "샌어4 -어'7 [맵` (4:긋", 5.839376206871224e-05), ([[543, 192], [990, 192], [990, 242], [543, 242]], '[음어나너위 48047 4-어', 0.00030450700699450115), ([[616, 243], [918, 243], [918, 294], [616, 294]], '70 6.- 트40?', 0.022908254432811234)]
[]
[([[83, 195], [425, 195], [425, 339], [83, 339]], '@나-도', 0.039644453674554825), ([[1027, 1394], [1418, 1394], [1418, 1466], [1027, 1466]], '{@의-(어', 0.0014707029575082584)]
[([[190.09920574191062, 1033.1654727288906], [382.44701455463365, 1016.3649386867098], [383.9007942580894, 1111.8345272711094], [192.55298544536637, 1129.6350613132902]], '51설?', 0.01539571862667799), ([[748.9161904048586, 1219.053523089072], [939.5809561560444, 1250.9927808819664], [920.0838095951414, 1341.946476910928], [728.4190438439556, 1311.0072191180336]], '57설?', 0.023665474727749825)]
[([[598, 136], [712, 136], [712, 232], [598, 232]], '?', 0.9182089950881824)]
[([[1031, 13], [1415, 13], [1415, 77], [1031, 77]], '7(777 /', 0.04777861641209627), ([[53.67448930340022, 293.2096911687012], [276.63437905901986, 258.52270222412665], [286.3255106965998, 373.7903088312988], [63.36562094098015, 408.47729777587335]], '', 0.0)]
[([[990, 578], [1373, 578], [1373, 752], [990, 752]], '8-', 0.010611893678738528)]
[([[810, 86], [1088, 86], [1088, 134], [810, 134]], "^위샌 이--'", 0.0012860770136329325), ([[790, 137], [1102, 137], [1102, 191], [790, 191]], '샌어4 <이(니?', 0.0004282536266607782), ([[937, 1410], [1414, 1410], [1414, 1478], [937, 1478]], '느 오@이~9@형', 0.0019444936602211666)]
[([[848, 69], [1240, 69], [1240, 118], [848, 118]], '42설 >어4 5+>요6', 0.0017721948559606998), ([[888, 124], [1200, 124], [1200, 172], [888, 172]], '이꼴 동. 7서톤-긋', 0.0003720087294190517), ([[908, 177], [1180, 177], [1180, 227], [908, 227]], '04>5 700?', 0.029718819176994107), ([[463, 1737], [539, 1737], [539, 1781], [463, 1781]], '이답', 0.024683083288236554), ([[533, 1765], [565, 1765], [565, 1779], [533, 1779]], '0 9 0', 0.10175142245837028), ([[577, 1737], [651, 1737], [651, 1781], [577, 1781]], '새>', 0.004180729309186552), ([[499, 1791], [611, 1791], [611, 1835], [499, 1835]], '840,', 0.9732028245925903)]
[([[1029, 1549], [1417, 1549], [1417, 1615], [1029, 1615]], "'@--()", 0.000391113476780777)]
[]
[([[325, 73], [549, 73], [549, 117], [325, 117]], "7:-홍:47'$", 0.026441664742231013), ([[358, 124], [516, 124], [516, 172], [358, 172]], '오지6되!', 0.0021373238737301746), ([[692, 1392], [1120, 1392], [1120, 1444], [692, 1444]], '9.5 1 462서설 담17:', 0.00015693591745191785), ([[753, 1445], [1059, 1445], [1059, 1489], [753, 1489]], '9어4 이꼴 7읽47', 0.0005166573795452426)]
[([[556, 98], [678, 98], [678, 146], [556, 146]], '1어>,', 0.0019097233889624476), ([[712, 99], [826, 99], [826, 143], [712, 143]], '7:47', 0.1521219164133072), ([[506, 151], [868, 151], [868, 200], [506, 200]], '요45 7서:-니--시6 ,', 0.0010107459631657416)]
[([[598, 90], [810, 90], [810, 138], [598, 138]], ':톤시 +', 0.004608044534730932), ([[459, 139], [949, 139], [949, 196], [459, 196]], '이꾸서시- 7서4- 어어2,', 0.0033135240589363055), ([[458, 198], [949, 198], [949, 248], [458, 248]], '1 607 60-5긋8나,꾸$', 0.0020421425278196936), ([[550, 256], [848, 256], [848, 304], [550, 304]], '이 새> 84데쩌', 0.005056215922276686), ([[1033, 1137], [1417, 1137], [1417, 1205], [1033, 1205]], '씻@보너-(어', 0.0008447596178839869)]
[([[216, 130], [668, 130], [668, 182], [216, 182]], '1- 애4 디앙맵시 제-2설', 3.895072972560687e-05), ([[178, 188], [708, 188], [708, 238], [178, 238]], '42어4--`6 7서4 들후톤시', 0.00032015242717113617), ([[214, 244], [672, 244], [672, 292], [214, 292]], '8톤 4데7나4-> 두니(꼬,', 8.332298627252884e-05), ([[1089, 587], [1163, 587], [1163, 631], [1089, 631]], '나새', 0.276844003647217), ([[1159, 615], [1195, 615], [1195, 629], [1159, 629]], '00 .', 0.0744519871476796), ([[1175.9232795412454, 1001.0484029078244], [1400.5577284613225, 1034.7721659252163], [1380.0767204587546, 1135.9515970921755], [1155.4422715386775, 1103.2278340747837]], '-,3', 0.000994789368859544)]
[([[834, 106], [1214, 106], [1214, 154], [834, 154]], '괜 동-너전 97-네내', 0.0005571711002346514), ([[870, 162], [1170, 162], [1170, 210], [870, 210]], '8. 047--)설,', 0.0021393807742573065), ([[1026, 1464], [1415, 1464], [1415, 1533], [1026, 1533]], '@끗-(령', 0.0006297849054863683)]
[([[218, 128], [746, 128], [746, 180], [218, 180]], "샌어4? +나-84)'5 시어7", 0.0006875158267154038), ([[290, 186], [666, 186], [666, 236], [290, 236]], '7}47 477긋-7-히톤', 0.0008083559419460647), ([[29, 517], [333, 517], [333, 893], [29, 893]], '1', 0.29640521214504645), ([[662, 1424], [1174, 1424], [1174, 1474], [662, 1474]], "괜꾸'$ 4-7나4--> _4동.긋", 0.00017289357047789626), ([[620, 1480], [1216, 1480], [1216, 1530], [620, 1530]], '64네네악8-긋 족후토시 >어4 6긋-', 5.6750824984717487e-05), ([[746, 1532], [1080, 1532], [1080, 1585], [746, 1585]], '70 <`어> +-어', 0.0064350141488297985)]
[([[320, 72], [804, 72], [804, 122], [320, 122]], "1'서 $42긋 >어4 <`어>", 0.00020032833326915112), ([[262, 128], [864, 128], [864, 178], [262, 178]], "8설772 $1시(긋 +'$ >어42", 0.0001044127467818859), ([[305, 180], [819, 180], [819, 233], [305, 233]], '압나-84시- 45토2 4-내 ,', 0.0013788386093324333), ([[1057.0925352602196, 1122.1217750297124], [1324.1200876489572, 1101.7292847612027], [1324.9074647397804, 1229.8782249702876], [1057.8799123510428, 1249.2707152387973]], ' 로', 0.00704835298172566)]
[([[1029, 898], [1418, 898], [1418, 970], [1029, 970]], '폐@-(어', 0.00034686998669247753), ([[97.974470097715, 51.02769680772734], [540.6535614011184, 116.38826259887229], [507.02552990228503, 273.97230319227265], [64.34643859888158, 208.61173740112773]], '{:', 0.002037494095422383)]
[([[719.7307572038632, 37.122966275541415], [1218.1276733743564, -8.667878130427274], [1219.2692427961367, 170.87703372445858], [720.8723266256436, 216.66787813042728]], '용아어', 0.0027880079206300938), ([[700.7539550940828, 1402.133222790296], [1253.8308643587166, 1360.4379670664455], [1252.2460449059172, 1523.866777209704], [699.1691356412836, 1564.5620329335545]], '생@-통오-,', 0.00019112313404383839)]
[([[128, 1101], [725, 1101], [725, 1316], [128, 1316]], '&@주네', 0.0005896401708014309)]
[([[296, 82], [464, 82], [464, 130], [296, 130]], '뉘좌전,', 0.0010778888827189803), ([[922, 206], [1090, 206], [1090, 254], [922, 254]], '뉘시좌위 ,', 0.0008431021634808145), ([[1017, 277], [1397, 277], [1397, 343], [1017, 343]], ']  ', 0.051057683147665275)]
[([[230, 55], [724, 55], [724, 106], [230, 106]], "7서 -어근톤 악1- ' 크맵`", 0.00015557306473644642), ([[238, 109], [712, 109], [712, 158], [238, 158]], '내4-- 어시6긋2 7읽4 6', 0.0017854032740156332), ([[266, 161], [686, 161], [686, 210], [266, 210]], '서-꼴7:- 91시꼬긋 내톤', 1.8413174327000733e-05), ([[314, 214], [628, 214], [628, 262], [314, 262]], '607 트4오2-긋)', 0.000614478953371319), ([[1027, 269], [1415, 269], [1415, 337], [1027, 337]], '{@이-(|물', 0.0002938913860936255)]
[([[820, 138], [1190, 138], [1190, 188], [820, 188]], '5---)> -어>,', 0.007857005412395033), ([[262, 1570], [582, 1570], [582, 1620], [262, 1620]], "7후 $어나)'$", 0.011605108835204016), ([[350, 1628], [496, 1628], [496, 1676], [350, 1676]], '7어-,', 0.04092003032565117)]
[([[813, 122], [1234, 122], [1234, 176], [813, 176]], "긋':크 4-서-5- 47", 0.0021659761476215135), ([[784, 181], [1074, 181], [1074, 230], [784, 230]], '7읽톤 (니-,4,,', 0.001537053936549866), ([[1084, 180], [1264, 180], [1264, 233], [1084, 233]], "1 (4'-", 0.17598206619080933), ([[865, 236], [1178, 236], [1178, 288], [865, 288]], '5네)담 이어>,', 0.007029559199037591), ([[1029, 1349], [1413, 1349], [1413, 1417], [1029, 1417]], '오@몽-#어', 0.00016163539696656762)]
[([[556, 122], [922, 122], [922, 175], [556, 175]], "1 7서-시슷 1'니 8설", 0.0028921484300786517), ([[466, 173], [1007, 173], [1007, 233], [466, 233]], '이어시톤 5어어 50 베46', 0.03400204383211816), ([[548, 234], [930, 234], [930, 284], [548, 284]], "1 7서서:긋, 46되'", 0.0034506943357490863), ([[151.07668573006427, 266.0266631301117], [479.8439007745862, 342.770469052678], [442.92331426993576, 470.9733368698883], [114.1560992254138, 394.229530947322]], '@_설', 0.0027418484988383056), ([[1024.9333401284623, 825.1533788606976], [1328.5849406721975, 798.8665451597594], [1330.0666598715377, 919.8466211393024], [1026.4150593278025, 946.1334548402406]], '@|.', 0.003313969036265501), ([[543.9642176806275, 1534.138789068581], [866.398129582718, 1504.255363339312], [869.0357823193725, 1636.861210931419], [545.601870417282, 1665.744636660688]], '@_', 0.11755818364765866)]
[([[659, 112], [843, 112], [843, 160], [659, 160]], '새야어,!', 0.015573060291656574), ([[888, 1548], [1338, 1548], [1338, 1624], [888, 1624]], '하@의-(', 0.004143578823793688), ([[521, 1687], [634, 1687], [634, 1735], [521, 1735]], '44,,!', 0.48090941877023075)]
[([[956, 696], [1369, 696], [1369, 860], [956, 860]], '8', 0.19374332352075285), ([[64.95261086969435, 230.03229608904854], [461.63983641511805, 283.51921789275593], [433.04738913030565, 425.96770391095146], [36.36016358488193, 372.48078210724407]], '조|', 0.003494895807055525)]
[]
[([[949, 671], [1417, 671], [1417, 737], [949, 737]], '데이-(', 0.0013812873512506485)]
[]
[([[336, 0], [1156, 0], [1156, 89], [336, 89]], ' @ [@@ @@옷[지@@]히//', 0.0006820523496537789), ([[940, 86], [1418, 86], [1418, 162], [940, 162]], '하@의-(어', 0.000527762790045558)]
[([[382, 404], [1079, 404], [1079, 661], [382, 661]], '[서칭갚', 0.005499743390828371), ([[368, 662], [1076, 662], [1076, 856], [368, 856]], '밥0아[랜처', 0.00016623643601973822), ([[776, 1174], [1340, 1174], [1340, 1294], [776, 1294]], '@-내-)', 0.0012021145049659154), ([[778, 1276], [1310, 1276], [1310, 1397], [778, 1397]], '[쥐만용.@@|@', 2.161593807023124e-05), ([[1025, 1415], [1326, 1415], [1326, 1501], [1025, 1501]], '{@이-', 0.003528070403262973), ([[1313, 1443], [1413, 1443], [1413, 1485], [1313, 1485]], '@`', 0.06382609119630459), ([[437, 1439], [1013, 1439], [1013, 1580], [437, 1580]], '[털도||@143', 0.00015868028062847317)]
[([[261, 85], [707, 85], [707, 129], [261, 129]], "내맵니너 , 17'$ 동> 두44너7", 0.00012657237945273102), ([[227, 135], [735, 135], [735, 177], [227, 177]], '5어2 잠422>1`6 + 두어2', 0.00018744166869861888), ([[184, 180], [778, 180], [778, 228], [184, 228]], '서2 -어어*5 조후서시 [앙맵적>-시톤', 2.232690480512523e-06), ([[243, 230], [717, 230], [717, 275], [243, 275]], '-- 족4- 4641`-- 17,', 0.0024186531301375463)]
[]
[([[919, 1825], [1393, 1825], [1393, 1909], [919, 1909]], '존6(고압', 0.0007967677053232836)]
[([[486, 212], [966, 212], [966, 265], [486, 265]], "1까'5 커어42 볶나-84시)", 0.003734002506135049), ([[499, 268], [946, 268], [946, 320], [499, 320]], '(어토47-`6 어꼴 >어4,', 0.0001731983551401052), ([[516, 321], [939, 321], [939, 375], [516, 375]], "42.밟'- %어4 감4-?", 0.00153972093747579)]
[([[816, 200], [1095, 200], [1095, 261], [816, 261]], '서어_토어버맵2 ,', 0.0008587252184673826), ([[734, 260], [1182, 260], [1182, 310], [734, 310]], "괜'5 (}47-시6 0꼴", 0.0021637193673355723), ([[764, 314], [1146, 314], [1146, 366], [764, 366]], '샌어4 조174 >어42', 0.0003555228382415847), ([[792, 371], [1110, 371], [1110, 422], [792, 422]], '8설-- 독2악맵`)', 7.226249581665792e-05)]
[([[573, 105], [945, 105], [945, 147], [573, 147]], "1 7위어나6전- 1 ---'-", 0.0006827132233925159), ([[579, 149], [937, 149], [937, 189], [579, 189]], '룻4-긋 7서긋 :지6:7 10', 0.00011098049306355835), ([[611, 193], [899, 193], [899, 233], [611, 233]], '8긋 +4- 47 베-어,', 0.004037307364825586), ([[753, 387], [1127, 387], [1127, 447], [753, 447]], '하@화떠다대)', 0.0003683400417089231), ([[219, 1691], [297, 1691], [297, 1729], [219, 1729]], '847,', 0.14975540339946747), ([[327, 1691], [421, 1691], [421, 1729], [327, 1729]], '7}-5', 0.004375247750431299), ([[197, 1733], [443, 1733], [443, 1773], [197, 1773]], '15 40744-->', 0.003258238368978788), ([[187, 1777], [455, 1777], [455, 1817], [187, 1817]], '4어>-6 동', 0.02510967986577353), ([[211, 1823], [429, 1823], [429, 1861], [211, 1861]], '벼맵> 서-(답,', 0.00021409927262232888)]
[]
[([[210, 208], [616, 208], [616, 256], [210, 256]], '4-:지6}-, --7토4)', 0.00012855479018303203), ([[221, 259], [603, 259], [603, 303], [221, 303]], "0' 426니-`6 4)", 0.01665915536306554), ([[191, 310], [629, 310], [629, 355], [191, 355]], '5악6}7-시6 족17: +-새', 5.2778250321190366e-05), ([[277, 363], [517, 363], [517, 407], [277, 407]], '이맵2 7:--', 0.004283089004796782), ([[958, 1406], [1315, 1406], [1315, 1467], [958, 1467]], '타이 데7', 0.00010265077818594186), ([[742, 1618], [1156, 1618], [1156, 1666], [742, 1666]], '1니 74쩌설 (42긋 -5', 0.0015361338588678608), ([[765, 1667], [1122, 1667], [1122, 1717], [765, 1717]], '7서-시65 동> 담4>,', 0.0005521299699209133)]
[([[558.1933883173181, 623.0821718269734], [586.6006370056621, 644.2577562875829], [545.8066116826819, 698.9178281730266], [517.3993629943379, 677.7422437124171]], '틈', 0.9981507275697368)]
[([[840, 1832], [1274, 1832], [1274, 1910], [840, 1910]], '하의-@어', 0.002774424197494775)]
[]
[]
[([[1029, 1373], [1417, 1373], [1417, 1439], [1029, 1439]], '솟@이-(|', 7.898565570094768e-05), ([[629, 1582], [976, 1582], [976, 1630], [629, 1630]], '7:-5 8457420', 0.036297246632691696), ([[598, 1638], [1008, 1638], [1008, 1686], [598, 1686]], '574>긋- 이앙맵2 어시', 0.0001340989321751807), ([[605, 1692], [998, 1692], [998, 1745], [605, 1745]], '킬나_랫--긋 10 00', 0.0008069547575252544), ([[665, 1750], [938, 1750], [938, 1798], [665, 1798]], '7:-8 $전--', 0.0011321317023303622)]
[]
[([[701, 211], [984, 211], [984, 369], [701, 369]], '|', 0.07623444092053067), ([[64, 778], [328, 778], [328, 926], [64, 926]], '[/', 0.05178304269706424), ([[480, 1757], [768, 1757], [768, 1920], [480, 1920]], '"인조', 0.0002078971611203663), ([[120.11158241937001, 1381.247178032346], [384.3275560789734, 1328.4465053673289], [400.88841758063, 1472.752821967654], [136.67244392102663, 1524.5534946326711]], '[이흡', 0.01741327453661652)]
[([[1027, 8], [1418, 8], [1418, 80], [1027, 80]], '{@)--(|', 0.0001938478287465951)]
[([[1087, 729], [1202, 729], [1202, 965], [1087, 965]], '0', 0.9830092922482301)]
[([[652, 242], [782, 242], [782, 290], [652, 290]], '5나(책', 0.002190631115809083), ([[581, 292], [862, 292], [862, 344], [581, 344]], '들위) 15 17?', 0.00294827344330442), ([[953, 1171], [1417, 1171], [1417, 1237], [953, 1237]], '{@의-(|', 0.0010995169205447262), ([[596, 1588], [729, 1588], [729, 1643], [596, 1643]], '잠나:?', 0.009763633832335472), ([[774.4522809788061, 913.2041420685977], [1019.8, 872.4], [1031.5477190211939, 1006.7958579314023], [786.2, 1047.6]], '[-?', 0.02208985807980026)]
[]
[]
[([[985, 9], [1359, 9], [1359, 75], [985, 75]], '[뱀제~(어', 0.00015962317503599954), ([[164, 378], [318, 378], [318, 432], [164, 432]], '6내사-료', 0.0011387077454729857), ([[445, 1622], [572, 1622], [572, 1672], [445, 1672]], '록4-디,', 0.0020676764599396945), ([[603, 1623], [849, 1623], [849, 1672], [603, 1672]], '두나(인! 애뉘샌', 0.00010910206454914858), ([[384, 1673], [910, 1673], [910, 1725], [384, 1725]], '4 1 7읽 어시. +-)- 6?', 0.001446870609103551), ([[506.02483573205916, 352.2844414890011], [666.4020571566094, 340.16915840013866], [667.9751642679408, 399.7155585109989], [506.5979428433905, 410.83084159986134]], '꼬 -:', 0.00542067177593708)]
[([[343, 235], [507, 235], [507, 417], [343, 417]], "'", 0.006948045197191499)]
[([[913, 1181], [1039, 1181], [1039, 1223], [913, 1223]], '42과후', 0.01357145793735981), ([[1031, 1207], [1065, 1207], [1065, 1221], [1031, 1221]], "6  '", 0.20115019280145405), ([[243.22181281395046, 419.02756067670146], [324.51684752731444, 408.5773427826863], [343.77818718604954, 581.9724393232985], [262.48315247268556, 592.4226572173137]], '8', 0.9999461181269567), ([[252.97645975290652, 1095.0327721453416], [648.7712941726052, 1153.30439614907], [621.0235402470935, 1282.9672278546584], [225.22870582739478, 1225.69560385093]], '["-지-', 0.00325089460588405)]
[([[898, 674], [1358, 674], [1358, 752], [898, 752]], '일필@)_-갚어', 6.561408346385779e-05), ([[895, 771], [1023, 771], [1023, 815], [895, 815]], '아읽리', 0.0134376927460837), ([[1019, 799], [1053, 799], [1053, 813], [1019, 813]], '00 !', 0.04374354985011602), ([[520.919569657517, 277.37023559581934], [781.9695799889836, 231.0237320245499], [793.080430342483, 343.62976440418066], [532.0304200110164, 389.97626797545007]], '예--_', 0.022198133170604706)]
[([[668, 403], [859, 403], [859, 458], [668, 458]], '베톤-니0?', 0.0036114446067638255)]
[([[597, 95], [855, 95], [855, 139], [597, 139]], '>5 $4-4,', 0.026629702493107487), ([[799, 303], [1203, 303], [1203, 365], [799, 365]], '0@들-#어', 9.059742869931544e-05), ([[386, 1790], [641, 1790], [641, 1838], [386, 1838]], '들전47 15 1?', 0.021060236295591454)]
[([[718, 104], [960, 104], [960, 161], [718, 161]], '뉘나-? >토5,', 0.004542836217279544), ([[998, 108], [1118, 108], [1118, 156], [998, 156]], '1 이0', 0.15303480625152588), ([[652, 163], [1186, 163], [1186, 212], [652, 212]], '}4톤 71서 7어+어낮2어담', 0.00010868287357804222), ([[646, 220], [1030, 220], [1030, 270], [646, 270]], '1 7서긋 .7맵시1`6,', 0.00017015571176637087), ([[1044, 222], [1192, 222], [1192, 270], [1044, 270]], '이*4>,', 0.10117592281030635), ([[380, 1756], [592, 1756], [592, 1804], [380, 1804]], '4-:-~:,', 0.0021881481568420498)]
[([[1071, 383], [1183, 383], [1183, 427], [1071, 427]], '되', 0.007648111957351489), ([[801, 609], [1418, 609], [1418, 732], [801, 732]], '예,-: @보~-@어물', 9.976431708593553e-05), ([[297, 1566], [606, 1566], [606, 1618], [297, 1618]], "들후47'5 족악74", 0.00034722285410772194), ([[326, 1621], [577, 1621], [577, 1676], [326, 1676]], '톤2 시어>?', 0.01428204733567713)]
[([[751, 1062], [1158, 1062], [1158, 1114], [751, 1114]], '5어톤 요4- 407-`6', 0.0006584601913548763), ([[756, 1115], [1156, 1115], [1156, 1170], [756, 1170]], "느악니설 5서톤 이1- '7", 5.214755450387107e-05), ([[770, 1173], [1112, 1173], [1112, 1225], [770, 1225]], '(42설 이. 817', 0.014375222632806318)]
[([[238, 70], [370, 70], [370, 118], [238, 118]], '내리니내', 0.001574688358232379), ([[408, 68], [718, 68], [718, 118], [408, 118]], "1 64.-5 1'니내", 0.006309235812919972), ([[220, 122], [734, 122], [734, 172], [220, 172]], "독-) 047 담47 $:'$", 0.004077751130726933), ([[218, 178], [738, 178], [738, 228], [218, 228]], '7:-시니-시6 "후설시 1 -설긋', 0.00010036694744431271), ([[284, 234], [666, 234], [666, 282], [284, 282]], '+2 7어서어22어>', 0.0003280194359278158), ([[927, 1731], [1167, 1731], [1167, 1775], [927, 1775]], '847 답어2설', 0.006659354014466016), ([[866, 1782], [1194, 1782], [1194, 1830], [866, 1830]], '1서각어2-4시7니>', 9.973083577158361e-05), ([[1187, 1813], [1221, 1813], [1221, 1827], [1187, 1827]], '09 !', 0.054801178120306174)]
[([[1026, 9], [1415, 9], [1415, 77], [1026, 77]], '떼@--(|', 0.0009970167350384633), ([[420, 134], [754, 134], [754, 186], [420, 186]], '7위어- -악-7네,', 0.0003750718801484113), ([[454, 192], [718, 192], [718, 242], [454, 242]], '817-전올5,!', 0.0010664384409999979), ([[61, 437], [474, 437], [474, 744], [61, 744]], '(', 0.17452517277840585), ([[1055, 1398], [1356, 1398], [1356, 1578], [1055, 1578]], '(많', 0.01395386277512315)]
[([[746, 290], [1090, 290], [1090, 340], [746, 340]], '베어> (4 7서47', 0.011527493525034137), ([[662, 346], [1172, 346], [1172, 396], [662, 396]], '8457420 $.48 동. -', 0.005646553471877602), ([[662, 396], [1173, 396], [1173, 451], [662, 451]], '7서톤 84후쩌 -악6설 7}-5?', 0.0009666641813397146), ([[950, 1424], [1008, 1424], [1008, 1472], [950, 1472]], '7', 0.8433747894006416), ([[1030, 1413], [1417, 1413], [1417, 1479], [1030, 1479]], '밥리-]]', 6.483652718765863e-05)]
[([[508, 197], [968, 197], [968, 247], [508, 247]], "1'벼톤 이어. 50 서4꼬}", 0.0016370955721213974), ([[480, 252], [688, 252], [688, 300], [480, 300]], '5어2 +-새', 0.01439997749120115), ([[704, 250], [992, 250], [992, 300], [704, 300]], '4) 7:-5 15', 0.02511063225667782), ([[502, 304], [976, 304], [976, 354], [502, 354]], '}어> +톤 :도꾸4>5 서.?', 4.863174861120718e-05)]
[([[1027, 525], [1416, 525], [1416, 598], [1027, 598]], '조@의/-(', 0.003547684056726153), ([[461, 863], [555, 863], [555, 905], [461, 905]], '444', 0.37264261785128594), ([[549, 891], [581, 891], [581, 903], [549, 903]], '차섯', 0.003539958956282986), ([[872, 1227], [999, 1227], [999, 1271], [872, 1271]], '464,', 0.1428966224193573), ([[306, 1445], [429, 1445], [429, 1489], [306, 1489]], '444,', 0.18881864845752716), ([[425.2264990188739, 182.8397485283108], [470.09236172425364, 141.12078429833383], [497.7735009811261, 176.1602514716892], [452.90763827574636, 217.87921570166617]], '특', 0.2862756692182167), ([[809.2498245398698, 993.223929693206], [1217.3509163803637, 944.6959349480527], [1222.75017546013, 1087.776070306794], [814.6490836196361, 1136.3040650519472]], '[-털::', 0.0031640148737412375), ([[1118.9161904048585, 1454.053523089072], [1313.5495322993438, 1483.884335020401], [1295.0838095951415, 1576.946476910928], [1099.4504677006562, 1547.115664979599]], '"', 0.09452124887417668)]
[]
[([[928, 38], [1379, 38], [1379, 107], [928, 107]], '면보--(|', 0.00014147860393956316), ([[867, 88], [1007, 88], [1007, 132], [867, 132]], '되,', 0.06816138296211323), ([[340, 1656], [586, 1656], [586, 1704], [340, 1704]], '}-톤-`니> ', 0.0002056624684771388), ([[602, 1656], [770, 1656], [770, 1704], [602, 1704]], '1 -45모', 0.03632043639473773), ([[318, 1710], [788, 1710], [788, 1758], [318, 1758]], '록47 70 $::서) +-새', 0.000195568243700571), ([[350, 1758], [724, 1758], [724, 1814], [350, 1814]], '70 ?-톤-설5 , 84가,', 0.0011184388647450076), ([[717, 1791], [751, 1791], [751, 1805], [717, 1805]], '0 0 9', 0.0978288128879499)]
[([[864, 88], [1080, 88], [1080, 139], [864, 139]], '1 &`어담 4', 0.010108375674039492), ([[821, 145], [1125, 145], [1125, 190], [821, 190]], '8격`7긋2 조4>,,', 0.00029341343508868694)]
[([[1026, 566], [1415, 566], [1415, 635], [1026, 635]], '렌@라-(', 0.0014548489911947824), ([[242, 1144], [646, 1144], [646, 1297], [242, 1297]], '중0여_-대', 0.0003505292991987912)]
[([[839.6304381980899, 659.2847966121687], [1001.1253825062969, 634.1709212454826], [1009.3695618019101, 719.7152033878313], [846.8746174937031, 744.8290787545174]], '97설?', 0.019736191257834435)]
[([[47, 283], [337, 283], [337, 427], [47, 427]], '@이리', 0.04115794941319663), ([[572, 226], [724, 226], [724, 424], [572, 424]], '"', 0.030125440393021563), ([[1028, 380], [1417, 380], [1417, 449], [1028, 449]], '오@보-(|게', 0.00011188693344028208), ([[764, 558], [1055, 558], [1055, 708], [764, 708]], '@이? ', 0.14889781177043915), ([[362.52660216158785, 775.1808946987975], [658.0087127113893, 728.3690100109199], [670.4733978384121, 876.8191053012025], [373.99128728861075, 923.6309899890801]], '애이', 0.14475004079126358)]
[([[550, 158], [799, 158], [799, 210], [550, 210]], "애어>! 베톤'5", 0.0018696922906368241), ([[539, 209], [812, 209], [812, 260], [539, 260]], '서4시)-어서터!', 0.004623655810974957), ([[151, 1700], [389, 1700], [389, 1817], [151, 1817]], '?"신-다', 0.0016518440167001846)]
[([[339, 901], [565, 901], [565, 937], [339, 937]], "베튼'5 씨> 7>낮설!", 0.00013369258710607644), ([[688, 1464], [946, 1464], [946, 1512], [688, 1512]], '{@보-#검', 1.2028313242240898e-05)]
[([[970, 81], [1084, 81], [1084, 138], [970, 138]], '베잦> ,', 0.0008864664471438976), ([[908, 140], [1146, 140], [1146, 188], [908, 188]], '>47렇전 17!', 0.001376562299314533)]
[([[183, 157], [670, 157], [670, 210], [183, 210]], "50? >어4'?크 -47-6", 0.009587335198142689), ([[202, 216], [656, 216], [656, 264], [202, 264]], '뺨-새 4-2설4)>? 악1)', 0.0015267114085396518), ([[220, 267], [636, 267], [636, 320], [220, 320]], '샌어4 64>5 닦입55?', 0.002065434227945757)]
[([[169, 1363], [287, 1363], [287, 1401], [169, 1401]], '룻꼬후!', 0.0009694999316707253), ([[566, 1312], [842, 1312], [842, 1437], [566, 1437]], '8없어', 0.003456334125504912), ([[427.2420936151634, 128.15572424491518], [599.6478894661009, 115.97864482613497], [600.7579063848366, 203.84427575508482], [427.3521105338991, 216.02135517386503]], '베한', 0.0008853900447862463), ([[738.1474774367167, 683.1438555949868], [1001.8557903140513, 664.886115306604], [1000.8525225632833, 770.8561444050132], [738.1442096859487, 789.113884693396]], '8어보', 0.003229519329299772)]
[([[238, 111], [626, 111], [626, 165], [238, 165]], "이:47'5 요2어`6?", 0.001975825584773301), ([[282, 170], [582, 170], [582, 218], [282, 218]], '이1) 베긋 7니2 ', 0.0008405793237286071), ([[286, 223], [574, 223], [574, 275], [286, 275]], '샌어4 -어>?', 0.004156885593834896), ([[851, 345], [1077, 345], [1077, 389], [851, 389]], '7:설시 (4시', 0.0073789272339486595), ([[828, 396], [1102, 396], [1102, 450], [828, 450]], '1 +4톤 4-,,', 0.010709468215537265), ([[863, 447], [1062, 447], [1062, 500], [863, 500]], '5나-4?', 0.09154485346969231), ([[930, 1838], [1390, 1838], [1390, 1914], [930, 1914]], '썩-꼬-#어찬', 1.4646011752975142e-06)]
[([[753, 62], [1006, 62], [1006, 112], [753, 112]], '맘어4 5설긋 ,', 0.00270262606799359), ([[490, 292], [830, 292], [830, 340], [490, 340]], "1'새 2서과시4시7,", 0.0011789342307611773), ([[823, 319], [857, 319], [857, 335], [823, 335]], '0 0 .', 0.17085343864660943), ([[425.98081366189746, 1318.0371471679953], [809.8504100119522, 1370.958886945607], [786.0191863381026, 1482.9628528320047], [402.14958998804775, 1431.041113054393]], '7어--?', 0.010831940342231405)]
[([[258, 151], [687, 151], [687, 204], [258, 204]], '샌어4 -악77네터! 요:47', 0.00017701249934908313), ([[274, 210], [674, 210], [674, 260], [274, 260]], "4 $-4- %어4 42설'", 0.005158533851579987), ([[859, 1337], [1196, 1337], [1196, 1388], [859, 1388]], '들뉘47 5위어나-)', 0.0005588409317086728), ([[866, 1391], [1190, 1391], [1190, 1448], [866, 1448]], '1 00, 514너>?', 0.014515258233142727), ([[147.35617722002036, 382.02074691031544], [359.9627288541276, 478.1374260732357], [320.64382277997964, 556.9792530896846], [109.03727114587241, 459.8625739267643]], '-리맣긋 .', 0.0009802253494181512), ([[1047.305138418082, 423.0815813559439], [1090.9904458356084, 448.7607643331513], [1077.694861581918, 470.9184186440561], [1035.0095541643916, 445.2392356668487]], ':', 0.07433896694510977), ([[1086.4334578190496, 444.0539806590581], [1142.9208489317034, 480.315426031632], [1128.5665421809504, 501.9460193409419], [1073.0791510682966, 466.684573968368]], '예`', 0.010497878448760586), ([[1131.4334578190496, 474.0539806590581], [1191.936576099627, 509.38638708366], [1178.5665421809504, 531.9460193409419], [1119.063423900373, 496.61361291634]], '{^', 0.030903523228151417), ([[348.3520140502566, 472.02101637395197], [578.9673782751378, 568.1929248360212], [543.6479859497434, 645.978983626048], [312.0326217248622, 549.8070751639788]], '아뉴,~.', 0.0001539975529343407), ([[566.2757140316598, 572.0328543482584], [699.9992889836897, 633.8933428135508], [667.7242859683402, 697.9671456517416], [534.0007110163103, 636.1066571864492]], "5라< '", 0.0027377641943471856), ([[686.1796058340996, 621.0421765907657], [787.918248301225, 667.8592354142303], [755.8203941659004, 733.9578234092343], [654.081751698775, 687.1407645857697]], '7', 0.16582522062607552), ([[600.2326432122347, 667.0267979349567], [789.9746846997857, 741.2541476417622], [751.7673567877653, 831.9732020650433], [562.0253153002143, 756.7458523582378]], "-연형'", 0.0002536290849093348), ([[801.0919479098208, 832.021711315255], [1066.7308310825322, 927.8131572116525], [1006.9080520901792, 1078.978288684745], [741.2691689174677, 983.1868427883475]], "- 하'", 0.010015690699219704), ([[1050.9898831202684, 928.030036420508], [1233.339788235685, 995.3083776352984], [1180.0101168797316, 1129.9699635794918], [998.6602117643149, 1062.6916223647017]], '별우', 0.002069634931871368)]
[([[951, 539], [1414, 539], [1414, 607], [951, 607]], '데@보-(@)', 0.0009349464436321455)]
[([[538, 283], [843, 283], [843, 333], [538, 333]], '7447 817렇위,', 0.014364249257164537), ([[510, 337], [874, 337], [874, 386], [510, 386]], '1 5어어나-) :4앙톤', 0.0021566023095471133), ([[596, 396], [784, 396], [784, 444], [596, 444]], '<어>시', 0.0011034028138965368)]
[([[589.5958369439658, 204.17085860776018], [947.0334699697923, 163.06307486066862], [951.4041630560342, 307.8291413922398], [594.9665300302077, 348.9369251393314]], '@설헌', 0.02346782205451822)]
[([[308, 96], [439, 96], [439, 151], [308, 151]], '잠나거?', 0.01094191987067461), ([[946, 450], [1418, 450], [1418, 522], [946, 522]], "'{@-.|", 0.0008922224448083837), ([[864, 938], [1172, 938], [1172, 988], [864, 988]], '(이-*-6 47', 0.006792795549381364), ([[868, 991], [1163, 991], [1163, 1045], [868, 1045]], '7:-5 베어나2?', 0.004749095294717815)]
[([[175, 94], [408, 94], [408, 144], [175, 144]], "유-시.>, 다'서", 0.003747437256589117), ([[217, 147], [369, 147], [369, 187], [217, 187]], '룻어서설,,,', 0.002249429167817583), ([[771, 1565], [1043, 1565], [1043, 1607], [771, 1607]], '7위긋 동긋`-6', 0.00036875193278494353), ([[703, 1613], [1113, 1613], [1113, 1655], [703, 1655]], '7어-* -어6.2 7서4시', 0.0007051178549874656), ([[701, 1661], [943, 1661], [943, 1703], [701, 1703]], '1 트,킬서(7긋),', 0.0005542066920890024), ([[977, 1665], [1097, 1665], [1097, 1703], [977, 1703]], '}4답4', 0.03886391967535019), ([[699, 1709], [1115, 1709], [1115, 1753], [699, 1753]], '베어담 이1) 컨어4 &`어게', 0.0004509823818249899), ([[723, 1755], [1094, 1755], [1094, 1800], [723, 1800]], "747 1 이--'7 맵47", 0.01221056161320895), ([[773, 1803], [1041, 1803], [1041, 1847], [773, 1847]], '이-시맵2 >긋디?', 0.0007330936014074192)]
[([[448, 90], [666, 90], [666, 144], [448, 144]], "1 이--'-,", 0.08044481566139505), ([[464, 148], [648, 148], [648, 196], [464, 196]], '[-홍::,', 0.0007737986778720912), ([[1017, 189], [1266, 189], [1266, 245], [1017, 245]], '서토긋`-시6?', 0.00012540361606244913), ([[1030, 246], [1222, 246], [1222, 294], [1030, 294]], '씨> 455', 0.0266951138147526), ([[1213, 277], [1249, 277], [1249, 291], [1213, 291]], '00 !', 0.04134287539057276), ([[950, 1447], [1418, 1447], [1418, 1519], [950, 1519]], '7보3#규미|', 0.00019736700894800572)]
[([[334, 200], [370, 200], [370, 224], [334, 224]], '_>', 0.6099748947176237), ([[414, 206], [464, 206], [464, 234], [414, 234]], '< ', 0.2697387172171753), ([[346, 224], [434, 224], [434, 254], [346, 254]], '( <', 0.38496068120002747), ([[426, 260], [480, 260], [480, 308], [426, 308]], '온', 0.8953524429012418), ([[469, 289], [591, 289], [591, 349], [469, 349]], '8 $', 0.7884893417358398), ([[638, 302], [686, 302], [686, 328], [638, 328]], '스거', 0.08199798604385833), ([[328, 326], [376, 326], [376, 356], [328, 356]], '<', 0.6222010222957444), ([[418, 336], [482, 336], [482, 368], [418, 368]], '_)', 0.037765073187659426), ([[403, 369], [651, 369], [651, 411], [403, 411]], '노 한 >>', 0.10541123293563565), ([[676.2989525145956, 306.04109637406276], [720.7056987777132, 324.2775815638985], [688.7010474854044, 402.95890362593724], [644.2943012222868, 384.7224184361015]], '7', 0.029102111784617968)]
[([[999, 113], [1107, 113], [1107, 157], [999, 157]], "4장시'", 0.01113137323409319), ([[381, 1709], [553, 1709], [553, 1753], [381, 1753]], '426답 !', 0.0173259808223285), ([[144.05532456941637, 190.33789564849044], [506.95625717200454, 147.8962842519503], [510.94467543058363, 258.6621043515096], [148.0437428279955, 301.1037157480497]], '8장밟오-', 0.0006110370922134332), ([[999.9881603519015, 395.0366128562395], [1377.8346278675047, 446.8545229510287], [1355.0118396480987, 560.9633871437605], [976.1653721324953, 509.1454770489713]], '8로오때', 0.001158683793619275), ([[659.0582579729272, 1407.2912898646362], [1056.7302785905074, 1360.960177997072], [1060.9417420270727, 1486.7087101353638], [663.2697214094926, 1534.039822002928]], '8장로:애', 0.0014518856600563737)]
[([[464, 133], [703, 133], [703, 184], [464, 184]], '두니나,, [거톤', 0.004047137966519459), ([[400, 188], [758, 188], [758, 241], [400, 241]], '8설맵시 50 84', 0.02714250304859405), ([[920, 200], [1246, 200], [1246, 250], [920, 250]], "17'5 8맵맵시 50", 0.00801632071693026), ([[931, 252], [1234, 252], [1234, 305], [931, 305]], '작서(7-꼬 1어0,', 3.183357521739051e-05), ([[127, 587], [446, 587], [446, 733], [127, 733]], '[때', 0.09754709521625124), ([[1015, 954], [1315, 954], [1315, 1079], [1015, 1079]], '[-', 0.08392978944779228)]
[([[380, 358], [668, 358], [668, 408], [380, 408]], "17'5 8.-홍긋2", 0.000830532642281434), ([[314, 414], [734, 414], [734, 466], [314, 466]], '7얹4시 시어7 :4히-6', 0.0010174803375373595), ([[314, 468], [738, 468], [738, 520], [314, 520]], '4> >어랑쪽 10 00,', 0.003973214705335918), ([[952, 594], [1418, 594], [1418, 666], [952, 666]], '@필-(어', 0.0009492901114025157)]
[([[1026, 1220], [1164, 1220], [1164, 1268], [1026, 1268]], '4)', 0.42596375156078436), ([[402, 1506], [866, 1506], [866, 1558], [402, 1558]], '1 6-7 4 (4-내 :2어어', 0.01094617305032706), ([[408, 1564], [856, 1564], [856, 1614], [408, 1614]], "54렇>'5 서나-84시),", 0.004957955667048883), ([[932.0194193243091, 1214.0970966215455], [1021.6989671174422, 1226.2912846845666], [1013.9805806756909, 1273.9029033784545], [924.3010328825578, 1261.7087153154334]], '어4', 0.025144963964069757)]
[([[265.82102124440127, 310.1323742040905], [694.5768341674766, 277.98511803492175], [693.1789787555987, 427.8676257959095], [264.4231658325234, 460.01488196507825]], '[,설설:', 0.00026460494571761104)]
[([[132, 0], [467, 0], [467, 153], [132, 153]], '@이어', 0.07742241827330537), ([[1027, 1245], [1415, 1245], [1415, 1313], [1027, 1313]], '9@이꼬-(|', 0.0001646833529648361), ([[667.9714880870245, 624.0407498965076], [955.6935678140375, 666.1940534305812], [933.0285119129755, 775.9592501034924], [645.3064321859625, 734.8059465694188]], '@이애', 0.07921155550819994)]
[([[224, 114], [492, 114], [492, 162], [224, 162]], '>-애:샌 이1)', 0.00017518753472859573), ([[190, 164], [525, 164], [525, 219], [190, 219]], '서톤 (4네내 >어4?', 0.00548002605867268), ([[1095, 1685], [1191, 1685], [1191, 1729], [1095, 1729]], '이1)', 0.15431367754288222), ([[998, 1738], [1284, 1738], [1284, 1786], [998, 1786]], '5어서긋더위-시6', 0.00047262619325516277), ([[1035, 1791], [1248, 1791], [1248, 1845], [1035, 1845]], '}4각퀴토시?', 0.0001323566066310957)]
[([[274, 157], [676, 157], [676, 206], [274, 206]], "1'새 시-7 $42톤, +톤", 0.0008426764142779236), ([[254, 208], [696, 208], [696, 260], [254, 260]], "이-'디 5어나) 10어", 0.00712151206350211), ([[290, 262], [664, 262], [664, 312], [290, 312]], '}4서잊! 7서어나6전,', 8.645502577611056e-05), ([[284, 1626], [810, 1626], [810, 1674], [284, 1674]], '9`4괜> 이1) (어서. 5설맵움', 8.831547236869555e-05), ([[276, 1675], [817, 1675], [817, 1732], [276, 1732]], '2서:나6긋 -시 042 베어나-설,', 0.0004979891777904988), ([[272, 1730], [820, 1730], [820, 1781], [272, 1781]], '50 1 64.55 전 족47토)', 0.002235356460154726), ([[284, 1786], [800, 1786], [800, 1834], [284, 1834]], '70 4-혼 동 48047 베맵2,', 0.003763194556209555)]
[([[898, 82], [1346, 82], [1346, 154], [898, 154]], '익@무종-|', 0.0002320964133132098), ([[412, 426], [514, 426], [514, 528], [412, 528]], ']]', 0.9268915912823407), ([[847, 1019], [1051, 1019], [1051, 1063], [847, 1063]], '>-샌맵4위,,', 0.0033162110209921008), ([[824, 1069], [1068, 1069], [1068, 1117], [824, 1117]], '환뒷어848->', 0.0009754928298826712)]
[([[1027, 1632], [1418, 1632], [1418, 1704], [1027, 1704]], '{@의--(어', 0.00021929501153160347)]
[([[877.0992057419106, 1255.1654727288906], [1056.337865998495, 1239.185857019805], [1057.9007942580895, 1333.8345272711094], [878.662134001505, 1349.814142980195]], '--설?', 0.0009588025859557092)]
[([[598, 71], [1010, 71], [1010, 125], [598, 125]], '4-위어담 15 11? 42,', 0.006384833794446872), ([[540, 126], [1066, 126], [1066, 176], [540, 176]], '샌어 6.77-`6 4204-긋)', 0.001923401126936499), ([[541, 176], [1068, 176], [1068, 228], [541, 228]], '시어> 7:47 >어4\'2" 나-설)', 0.0007353888712411699), ([[540, 232], [1072, 232], [1072, 280], [540, 280]], '70 74긋 91-나4볍1- 7읽47', 0.00031599709070504215), ([[670, 280], [938, 280], [938, 333], [670, 333]], '어4\'2" 1?', 0.016277825652603443), ([[472, 1234], [678, 1234], [678, 1347], [472, 1347]], '떼:', 0.006455626724931122), ([[273.9194081923158, 715.0585553693054], [449.6110596532985, 743.2382012490522], [432.0805918076842, 826.9414446306946], [256.3889403467015, 798.7617987509478]], '"', 0.4032567816320807), ([[1188.5621678605214, 941.273538586294], [1362.7497489203574, 911.3335246321086], [1372.4378321394786, 1006.726461413706], [1198.2502510796426, 1036.6664753678915]], '[', 0.48523506271216377)]
[]
[([[193, 87], [311, 87], [311, 127], [193, 127]], '812,!', 0.050388374222732915), ([[689, 151], [953, 151], [953, 195], [689, 195]], "0거 1까'5 5 시설", 0.002392851550231619), ([[621, 195], [1023, 195], [1023, 235], [621, 235]], '1 (4 60 89 서>-설-5,', 0.006439150414091385), ([[747, 317], [1127, 317], [1127, 377], [747, 377]], '노0@_.@전', 4.630741859716483e-05), ([[509, 749], [565, 749], [565, 791], [509, 791]], '8', 0.3958542145701358), ([[484, 780], [596, 780], [596, 840], [484, 840]], "'대교국", 0.004241952206939459), ([[419, 1587], [727, 1587], [727, 1629], [419, 1629]], '}4-톤 두- 조뉘너긋', 0.00011154073038988795), ([[479, 1629], [657, 1629], [657, 1673], [479, 1673]], '1+ -45`,', 0.04197836632012192), ([[433.01941932430907, 732.0970966215453], [514.6956142606016, 745.2820923436824], [504.98058067569093, 791.9029033784547], [423.3043857393984, 778.7179076563176]], '1+', 0.12468349865387224), ([[394.9074644389062, 767.1003079700932], [497.7516383772853, 783.2915925612024], [488.0925355610938, 832.8996920299068], [385.2483616227147, 816.7084074387976]], '변4-명', 0.00016554685134906322)]
[([[333, 0], [1160, 0], [1160, 86], [333, 86]], ' @ [)@ @@염곁지@@]옛', 0.0016057724618409497)]
[([[376, 400], [1079, 400], [1079, 657], [376, 657]], '[서칭.~', 0.00011441048051956622), ([[366, 658], [1074, 658], [1074, 852], [366, 852]], '0어랜+처', 0.0004889874889830833), ([[778, 1180], [1338, 1180], [1338, 1300], [778, 1300]], '@3--0', 0.0016757943090519715), ([[778, 1283], [1312, 1283], [1312, 1403], [778, 1403]], '@쥐양:|]=)', 3.3628820222484785e-05), ([[1026, 1421], [1413, 1421], [1413, 1489], [1026, 1489]], '9@-(|)', 0.002664056318584371), ([[437, 1499], [1007, 1499], [1007, 1633], [437, 1633]], '[료도|우@523', 0.00037746077465112404), ([[1004, 1534], [1072, 1534], [1072, 1588], [1004, 1588]], '9', 0.994323821139492)]
[]
[([[953.0301535608453, 364.0276873147924], [1352.786490742584, 433.31416148118655], [1318.9698464391547, 572.9723126852076], [919.213509257416, 502.68583851881345]], '[이_', 0.03813680441010724)]
[([[1027, 1074], [1418, 1074], [1418, 1146], [1027, 1146]], '{@의꼬-(|물', 0.00010272311786551788), ([[72.26297068342906, 234.20930944228888], [498.1080053799492, 179.96680868648528], [504.73702931657095, 334.7906905577111], [78.89199462005082, 389.0331913135147]], '[름0이', 0.002012611133977771)]
[]
[]
[([[244, 118], [448, 118], [448, 170], [244, 170]], '답톤 -설:디', 0.00022414269787400848), ([[253, 167], [436, 167], [436, 220], [253, 220]], '2지6:7?', 0.0021992711289640166)]
[([[449, 327], [1015, 327], [1015, 533], [449, 533]], '꼴서요갚?', 0.00010910923081488056), ([[431, 539], [1013, 539], [1013, 701], [431, 701]], '밥0어-쌀+처', 1.9106144186897115e-05), ([[766, 972], [1226, 972], [1226, 1072], [766, 1072]], '`@[|-', 0.00045038540813036954), ([[768, 1059], [1204, 1059], [1204, 1157], [768, 1157]], '밟퀴용입|[물@', 9.976102636784208e-06), ([[429, 1197], [485, 1197], [485, 1241], [429, 1241]], '9', 0.9949992390040876), ([[484, 1165], [946, 1165], [946, 1281], [484, 1281]], '[도-@7]', 0.00027411215990204437), ([[1026, 1250], [1415, 1250], [1415, 1318], [1026, 1318]], '오@이--(|', 0.00029724300386891505)]
[([[864, 136], [993, 136], [993, 181], [864, 181]], '시너위,,', 0.016819955840750453)]
[([[1027, 1259], [1415, 1259], [1415, 1327], [1027, 1327]], '9:~-', 0.0016931729624047875)]
[([[174, 100], [251, 100], [251, 149], [174, 149]], '시0,', 0.05033098388026681), ([[245, 131], [275, 131], [275, 143], [245, 143]], '00 9', 0.13342553332179719), ([[283, 103], [609, 103], [609, 147], [283, 147]], '7서긋 4-) 81니내', 0.0015182256198803046), ([[225, 152], [555, 152], [555, 197], [225, 197]], '8설 +서2긋 5어어사,', 0.0006065321324571662), ([[908, 1810], [1010, 1810], [1010, 1854], [908, 1854]], '이답 ', 0.012141918579931464)]
[([[395, 125], [723, 125], [723, 169], [395, 169]], '17--) +2 70', 0.03008010444438877), ([[348, 178], [761, 178], [761, 223], [348, 223]], '14설 7: )47 055,', 0.004936912289570216), ([[65.96972623973211, 1067.1033171493748], [367.42576734508236, 1033.589734134332], [374.0302737602679, 1204.8966828506252], [72.57423265491764, 1238.410265865668]], '[-', 0.07364788827973594)]
[([[1076, 1386], [1186, 1386], [1186, 1434], [1076, 1434]], '시좌답', 0.008549037987127552), ([[1029, 1578], [1418, 1578], [1418, 1650], [1029, 1650]], '{@--(|', 0.0006425601611075568), ([[67.0364854110324, 20.11377453487869], [400.04252916972246, -7.919742178761167], [400.9635145889676, 139.8862254651213], [67.95747083027753, 166.91974217876117]], '["', 0.35938303327331145)]
[([[587, 1192], [829, 1192], [829, 1355], [587, 1355]], '교0', 0.03316476285402936), ([[684, 1492], [822, 1492], [822, 1536], [684, 1536]], '시꼬_,', 0.015089419670403004), ([[161.58387799627806, 151.15424837096884], [408.05250105684496, 105.2122240382711], [425.41612200372197, 266.84575162903116], [179.94749894315504, 312.7877759617289]], '@8', 0.015255960149369228), ([[1125.9356958316196, 700.0354374742942], [1344.0524691123223, 745.5756868063704], [1310.0643041683804, 881.9645625257058], [1091.9475308876777, 836.4243131936296]], '쩌8', 0.0010085539557837427)]
[]
[([[567, 1736], [874, 1736], [874, 1920], [567, 1920]], '-보다', 0.0013858771659091913)]
[([[1028, 9], [1415, 9], [1415, 77], [1028, 77]], '9:~3(어', 9.727005558078033e-05), ([[228, 1336], [354, 1336], [354, 1384], [228, 1384]], '>어>,', 0.004069603979587555), ([[390, 1334], [584, 1334], [584, 1382], [390, 1382]], "7서긋>'2뚜", 0.0008805376042770771), ([[172, 1388], [630, 1388], [630, 1440], [172, 1440]], '50 5-2어 4- 히-렇설,', 0.0014942876351612777), ([[155.82427223055143, 391.1130134132937], [542.039660474327, 347.2496209382644], [548.1757277694486, 528.8869865867064], [161.96033952567296, 573.7503790617355]], '(,3', 0.05868138151527832)]
[([[974, 915], [1115, 915], [1115, 959], [974, 959]], '시위,', 0.014814634460735736), ([[764.9356958316196, 1113.0354374742942], [982.0446292744612, 1158.5539803531362], [948.0643041683804, 1294.9645625257058], [730.9553707255388, 1249.4460196468638]], '(물', 0.045672242210305046)]
[([[524, 96], [882, 96], [882, 144], [524, 144]], '이1- >어4 6.- 4', 0.04855281702322547), ([[554, 149], [853, 149], [853, 203], [554, 203]], '8008  08?', 0.44056528770276), ([[821, 1114], [1317, 1114], [1317, 1315], [821, 1315]], '룹@국국국', 0.0035382057017117824), ([[100.99035609220941, 361.02833844132766], [569.7703401728277, 428.1338161011568], [538.0096439077906, 574.9716615586724], [69.22965982717236, 508.8661838988432]], '-@:장:', 0.0008522374093891826)]
[([[1043, 407], [1163, 407], [1163, 449], [1043, 449]], '룻좌:', 0.0002648566561712209), ([[965, 751], [1331, 751], [1331, 815], [965, 815]], ';@의--(어물', 4.554588213496364e-05), ([[1154.9859597468733, 428.2761315696845], [1186.897366596101, 433.3675444679663], [1184.0140402531267, 448.7238684303155], [1153.102633403899, 444.6324555320337]], "0 '0", 0.08646739274263382)]
[([[660, 114], [808, 114], [808, 162], [660, 162]], '시-시)', 0.04712552949786186), ([[1029, 1263], [1417, 1263], [1417, 1329], [1029, 1329]], '{보-(어', 0.0002954626495046824), ([[583, 1729], [906, 1729], [906, 1786], [583, 1786]], '04? 2맵4니니>?', 0.00741334304825042)]
[([[183, 111], [567, 111], [567, 156], [183, 156]], '(어,긋 이꼴, 1 7#-시소', 0.000986007753169574), ([[165, 159], [585, 159], [585, 199], [165, 199]], '거어4 -1) 6.- 이`톤, -', 0.0018144428325860852), ([[173, 205], [265, 205], [265, 247], [173, 247]], '꼴어7,', 0.01894533447921276), ([[277, 203], [579, 203], [579, 248], [277, 248]], '4어담 (4시 >어42', 0.0026527753919384344), ([[115, 251], [635, 251], [635, 293], [115, 293]], '80085 8. 7장-$ 5-2새 4)', 0.001476626379943897), ([[147, 297], [603, 297], [603, 339], [147, 339]], '804`(> 47 %어42 46?', 0.004079809386167301), ([[109, 987], [411, 987], [411, 1113], [109, 1113]], '만_-올', 0.007633038330823183), ([[662, 1631], [959, 1631], [959, 1756], [662, 1756]], '[이때시:', 0.0012043375495608478)]
[([[686, 216], [928, 216], [928, 266], [686, 266]], "1-악'새 시어7", 0.009450920464502313), ([[710, 274], [868, 274], [868, 322], [710, 322]], '너>고6', 0.0021996258292347193), ([[384, 540], [686, 540], [686, 588], [384, 588]], '7:설시 -설- 서.', 0.00044399811191387056), ([[438, 596], [634, 596], [634, 644], [438, 644]], '(잠-쩌;', 0.003349994490879857), ([[438, 1515], [914, 1515], [914, 1703], [438, 1703]], '-@1국', 0.004570454359054565)]
[([[892, 194], [1044, 194], [1044, 244], [892, 244]], '44위,!', 0.21556377741148458)]
[([[479, 68], [733, 68], [733, 105], [479, 105]], '7덮-7서47 뉘나낮75', 0.0001242646717819373), ([[169, 1761], [395, 1761], [395, 1797], [169, 1797]], '04? - 64.-$', 0.01287315882552892), ([[171, 1801], [395, 1801], [395, 1837], [171, 1837]], ">-4 요맵2설시'7", 8.020544435056955e-05), ([[658, 1784], [994, 1784], [994, 1840], [658, 1840]], '06화-(형', 0.00011839150494453825), ([[179, 1841], [385, 1841], [385, 1877], [179, 1877]], '너>-6 7서시,', 0.008019835127210337)]
[([[63, 702], [372, 702], [372, 889], [63, 889]], '[', 0.9485310558602578)]
[([[210, 395], [433, 395], [433, 521], [210, 521]], '[떠', 0.037018598177928845)]
[([[508.0041067935323, 502.0451747288553], [786.8084666770073, 539.9562172101658], [767.9958932064677, 633.9548252711447], [490.19153332299265, 596.0437827898342]], '(-)-:', 0.0005020373397916496)]
[([[958.7051348428977, 858.1654304159944], [1421.019403408022, 823.484791820149], [1419.2948651571023, 958.8345695840056], [957.9805965919779, 993.515208179851]], '&@락-어많', 0.0008739284221395255)]
[([[244, 277], [661, 277], [661, 469], [244, 469]], '&이-퍼', 0.00544736348092556), ([[612, 1218], [804, 1218], [804, 1266], [612, 1266]], '새야전,!', 0.00423211540328105)]
[([[284, 104], [654, 104], [654, 152], [284, 152]], ">어4'서드 6.포볍-`6", 6.411510174684968e-05), ([[238, 160], [702, 160], [702, 210], [238, 210]], '록.-볍토: 4- 족톤`홍토:,', 1.628183563906656e-06), ([[227, 211], [713, 211], [713, 255], [227, 255]], "50 1 7} 시니 1'서 오악6+", 0.00033713560751711573), ([[332, 262], [602, 262], [602, 310], [332, 310]], '70 4-9나서긋,', 0.007351716853330357)]
[]
[([[841, 83], [951, 83], [951, 123], [841, 123]], '44위,', 0.44597315788269043), ([[257, 606], [567, 606], [567, 729], [257, 729]], '8장옛내|', 0.00405540522585233), ([[17.396834506176127, 1126.2857552777925], [331.95790661293995, 1091.1087544876495], [335.6031654938239, 1194.7142447222075], [21.042093387060078, 1229.8912455123505]], '8훔0너키너때', 0.0003591238684404308)]
[([[893, 9], [1341, 9], [1341, 74], [893, 74]], "'밥-#어", 0.0005066385745862436), ([[349, 219], [473, 219], [473, 263], [349, 263]], '44위,', 0.23509997129440308), ([[716, 330], [1039, 330], [1039, 375], [716, 375]], '44위,! +시너위,!', 0.008837099542525184), ([[748, 382], [1008, 382], [1008, 430], [748, 430]], "444' 64위,!", 0.07673282576225902), ([[776.0367707173847, 518.0331754020782], [1155.86438125512, 576.0560523637001], [1130.9632292826152, 690.9668245979218], [750.1356187448799, 632.9439476362999]], '8이-', 0.0008253783590993216), ([[29.73514962106927, 1332.1844126885226], [404.0571718844532, 1303.9492315060138], [403.26485037893076, 1420.8155873114774], [28.94282811554676, 1449.0507684939862]], '생-여키-예', 0.00019329501631428736)]
[]
[([[457.9838560627564, -16.969603751967902], [932.7931276194763, 43.3559756514016], [905.0161439372436, 183.9696037519679], [429.2068723805237, 122.6440243485984]], '언@키키#', 0.00011524936752202163), ([[999.7051348428977, 628.1654304159944], [1393.7704277360288, 596.8490273537634], [1393.2948651571023, 728.8345695840056], [999.2295722639712, 761.1509726462366]], '8@국-떠', 0.001158820460662555), ([[115.06734083490925, 1160.0256031953481], [590.8471261787561, 1233.725282541265], [558.9326591650907, 1375.9743968046519], [83.15287382124399, 1302.274717458735]], '@@-오-,', 0.0008893595485172915)]
[([[365, 165], [503, 165], [503, 207], [365, 207]], '4위시,!', 0.07635336607288881), ([[859, 1693], [974, 1693], [974, 1742], [859, 1742]], "시6읽'", 0.0036748319398611784), ([[868, 1830], [1232, 1830], [1232, 1910], [868, 1910]], '.@의3', 0.021348120644688606), ([[1219, 1859], [1313, 1859], [1313, 1899], [1219, 1899]], '@의', 0.08041584304058205)]
[([[366, 92], [482, 92], [482, 140], [366, 140]], '444!', 0.1484718769788742), ([[923, 203], [1080, 203], [1080, 256], [923, 256]], '이4,!', 0.10015247017145157)]
[([[925, 1026], [1344, 1026], [1344, 1198], [925, 1198]], '8꾸`', 0.0017311135990396164), ([[95, 1243], [227, 1243], [227, 1287], [95, 1287]], '시꼬전', 0.007889996348618464), ([[282.7532167584527, 1770.1491256883953], [672.5042858455155, 1737.0274021756202], [672.2467832415473, 1878.8508743116047], [283.49571415448446, 1911.9725978243798]], '8`}', 0.014945805037646103)]
[([[328, 64], [577, 64], [577, 198], [328, 198]], '[제?', 0.11652485334920705), ([[598, 1133], [850, 1133], [850, 1278], [598, 1278]], '지8?', 0.021875364644465017), ([[984.5808073078863, 464.21060165495163], [1198.991484137141, 427.328940291811], [1211.4191926921137, 548.7893983450484], [997.008515862859, 586.671059708189]], '[', 0.5922871477582845)]
[([[148.86917682109583, 675.0376523164376], [367.818421557053, 716.7728385725628], [334.13082317890417, 858.9623476835624], [115.181578442947, 816.2271614274372]], '어;)', 0.007391540913007503), ([[655.0631299950234, 1012.1176659591916], [849.6748848323816, 983.0593846539317], [860.9368700049766, 1125.8823340408085], [667.3251151676184, 1153.9406153460684]], '예', 0.004544439542165046)]
[([[747, 119], [1181, 119], [1181, 163], [747, 163]], '42설 >어4 601`6 70', 0.019088678087445677), ([[730, 168], [1198, 168], [1198, 216], [730, 216]], '꿈맵꾸 -6어오_`6 동긋?', 0.00010603996711482517), ([[348, 1765], [503, 1765], [503, 1809], [348, 1809]], '룻시꼬너,', 0.0018619656802081226)]
[([[738, 94], [858, 94], [858, 142], [738, 142]], '들어>', 0.0038631093429853016), ([[853, 123], [887, 123], [887, 137], [853, 137]], '0 0 9', 0.14199953618928104), ([[966, 756], [1362, 756], [1362, 890], [966, 890]], '@정_-- -', 0.00048212560284381005), ([[213, 1431], [609, 1431], [609, 1475], [213, 1475]], '>어4 4-족4>8 $4,', 0.002879940577847215), ([[170, 1482], [653, 1482], [653, 1530], [170, 1530]], '7서톤 0꾸어51-긋 7서-시6', 6.747768159128561e-05), ([[176, 1536], [652, 1536], [652, 1584], [176, 1584]], '05 요후47 >어42 80)7', 0.0008679369873231809), ([[899, 1553], [1195, 1553], [1195, 1597], [899, 1597]], '02 (어나네) 1-', 0.0142086943797653), ([[296, 1589], [521, 1589], [521, 1633], [296, 1633]], '7드니-$ 동긋', 0.0007831880602462701), ([[886, 1604], [1206, 1604], [1206, 1652], [886, 1652]], '8설 7읽4- 컨어42', 0.0009660823524890876), ([[856, 1657], [1236, 1657], [1236, 1707], [856, 1707]], "800>'5 7서톤 어.", 0.0018245855933280365), ([[866, 1710], [1224, 1710], [1224, 1758], [866, 1758]], "7서47'$ 7긋니--시6", 0.0015215244733953542), ([[914, 1759], [1177, 1759], [1177, 1813], [914, 1813]], '7서톤 72나-4?', 0.0009188513686063961)]
[([[237, 739], [472, 739], [472, 850], [237, 850]], '9:', 0.0011528711039377115), ([[1020.1354220598544, 593.1344122129954], [1264.4461242989883, 574.8367023005447], [1264.8645779401456, 687.8655877870046], [1020.5538757010117, 706.1632976994553]], '9', 0.07790897161854904)]
[]
[([[812, 1286], [1164, 1286], [1164, 1336], [812, 1336]], "이후샌 1-시' $위", 0.0007530465017406195), ([[830, 1338], [1146, 1338], [1146, 1395], [830, 1395]], '과-(혼-6 나환?', 0.0008376334845904104), ([[183.98194474561035, 216.03458776047216], [524.7474962270188, 270.2593148604655], [498.01805525438965, 392.96541223952784], [156.25250377298116, 338.7406851395345]], ' 모이)-', 0.0011919061565325438)]
[([[1029, 778], [1418, 778], [1418, 850], [1029, 850]], '니|#', 0.00041886119696531957)]
[([[170, 120], [560, 120], [560, 172], [170, 172]], "5잠'5 시어7 터7맵시", 0.00014643131444280337), ([[180, 178], [550, 178], [550, 228], [180, 228]], '4-.2-6 동>', 0.0019555387694913614), ([[223, 230], [498, 230], [498, 282], [223, 282]], '서.--46.꼬,', 0.000274913728438243), ([[816, 488], [1208, 488], [1208, 540], [816, 540]], '이10 5어,긋-위-6', 0.0007116950767169824), ([[814, 540], [1212, 540], [1212, 597], [814, 597]], '}4야꾸토밟 70 베굳2?', 0.0005452249513081856), ([[269, 1382], [696, 1382], [696, 1434], [269, 1434]], "요톤'거톤 4221톤) 47", 0.0012763846437485518), ([[236, 1440], [716, 1440], [716, 1490], [236, 1490]], '낙어나2 악서--`47--시', 9.95308379857506e-05), ([[940.4080078298781, 1346.2256446303054], [1340.893323082417, 1308.3453051605256], [1342.5919921701218, 1432.7743553696946], [942.106676917583, 1470.6546948394744]], '9-름::애', 0.0018539747504279622)]
[([[453.798906059605, 422.152123629156], [807.3285902697446, 386.88020359267347], [810.201093940395, 525.847876370844], [456.6714097302554, 561.1197964073265]], '9신이-', 0.020372064784169197)]
[]
[([[803, 3], [1213, 3], [1213, 71], [803, 71]], '하@*~-@어떠', 5.079876290045451e-05), ([[435, 127], [721, 127], [721, 169], [435, 169]], '7}47 서4-7 8긋', 0.005157567861160075), ([[447, 173], [707, 173], [707, 217], [447, 217]], '7서톤 +어4-설 ,', 0.006236800178402552), ([[882, 802], [1214, 802], [1214, 1114], [882, 1114]], "1'", 0.11717466473350091)]
[([[524, 93], [661, 93], [661, 142], [524, 142]], '작서?', 0.007090842406908537)]
[([[667, 107], [981, 107], [981, 149], [667, 149]], "17'$ -4-- 7}47,,", 0.01180523312810576), ([[733, 153], [909, 153], [909, 191], [733, 191]], '1- 볶4서7꼬,', 0.0024518468037341653), ([[253, 1729], [555, 1729], [555, 1769], [253, 1769]], '(4시 >어4 [시) 1-', 0.001535223865970761), ([[257, 1773], [549, 1773], [549, 1813], [257, 1813]], '49 _4--니니> 4-', 0.0015653906659386957), ([[307, 1816], [499, 1816], [499, 1857], [307, 1857]], '>어4 (4?', 0.10609898048862268), ([[896.9226786698487, 288.1979290832129], [1169.0535846655598, 265.53620840849146], [1170.0773213301513, 361.8020709167871], [898.9464153344403, 385.46379159150854]], '[대군--', 0.0004566996397869671), ([[41.9951383866067, 429.0421468006197], [322.83443450875114, 475.0135056360311], [301.0048616133933, 571.9578531993802], [19.16556549124887, 525.986494363969]], '["꺼창:', 0.0003215407059583316)]
[([[948, 1640], [1418, 1640], [1418, 1712], [948, 1712]], '밥@필-(어', 0.0002448870068069979)]
[([[71, 90], [419, 90], [419, 246], [71, 246]], '[--료', 0.0007729200879111886)]
[([[693.737258300203, 95.16080810142134], [1061.404179069586, 58.034396987244996], [1064.262741699797, 196.83919189857866], [697.595820930414, 233.965603012755]], '생어', 0.01189438313666227)]
[([[129.98178152903355, -19.975300501908976], [664.66251687495, 52.25028049150246], [629.0182184709664, 227.97530050190898], [94.33748312505001, 155.74971950849755]], '자87', 0.0005972450524756276)]
[([[221, 85], [331, 85], [331, 123], [221, 123]], '시너위,', 0.0035633048973977566), ([[741, 1429], [1117, 1429], [1117, 1493], [741, 1493]], '9하@~@|', 0.000350998422344424), ([[821, 1827], [921, 1827], [921, 1865], [821, 1865]], '+-펼 ,', 0.004130455147254469)]
[([[305, 97], [465, 97], [465, 141], [305, 141]], '록꼬위', 0.0009287342345288247), ([[875, 249], [1003, 249], [1003, 291], [875, 291]], '4위시,,', 0.07606396672094422), ([[351, 1447], [483, 1447], [483, 1489], [351, 1489]], '시꼬너', 0.0054617307290373155), ([[847, 1629], [973, 1629], [973, 1671], [847, 1671]], '4답시,,', 0.06394496514391054), ([[321, 1806], [486, 1806], [486, 1856], [321, 1856]], '뉘너전,,', 0.0019253409337848257), ([[100.71914223619089, 373.17442453524075], [522.0537132561675, 341.7566095211761], [521.2808577638091, 467.82557546475925], [99.94628674383249, 499.2433904788239]], '8-오-헌', 0.0008854915130761632), ([[880.0436292355355, 612.028608233442], [1315.8332883140054, 677.6963114000408], [1285.9563707644645, 810.971391766558], [851.1667116859946, 745.3036885999592]], '생@~로애', 0.0015037229408516209)]
[([[677, 131], [779, 131], [779, 175], [677, 175]], '4위시,', 0.05594474822282791), ([[771, 159], [807, 159], [807, 173], [771, 173]], '00 .', 0.05945742231783995)]
[]
[([[732, 104], [1098, 104], [1098, 152], [732, 152]], '1 7위어나6되 5위긋', 0.0003650121638370488), ([[639, 158], [1190, 158], [1190, 210], [639, 210]], '>45 5맵꾸4247-`6 조174', 7.540592882533128e-05), ([[732, 214], [1098, 214], [1098, 268], [732, 268]], '룻2 베나-84시),', 0.004619601295268102), ([[942, 706], [1412, 706], [1412, 782], [942, 782]], "'하형-336어|", 1.6117126999779e-05), ([[292, 1490], [690, 1490], [690, 1538], [292, 1538]], '42설 7서톤> 악어-`6', 0.0014274082698297727), ([[327, 1543], [656, 1543], [656, 1596], [327, 1596]], '8.-7긋2 시어?', 0.000544054656323482)]
[([[461, 97], [913, 97], [913, 141], [461, 141]], '02 15 7:4- -.서책 05', 0.0007315703484390861), ([[488, 156], [512, 156], [512, 184], [488, 184]], '4', 0.9460403533759951), ([[526, 146], [888, 146], [888, 194], [526, 194]], '되나-84) 8설-6', 0.011438612419443578), ([[541, 201], [829, 201], [829, 245], [541, 245]], '5이<렇맵:-?', 0.0005620665249419396)]
[([[631, 143], [865, 143], [865, 185], [631, 185]], '>맵4답 1 족4-', 0.009967344908093713), ([[582, 184], [915, 184], [915, 225], [582, 225]], '48047 70 독-`--4', 0.0021840704535383403), ([[669, 229], [823, 229], [823, 267], [669, 267]], '4시>4>,', 0.020019756822652647), ([[901, 593], [1005, 593], [1005, 631], [901, 631]], '두나니,', 0.0074761430732905865), ([[843, 968], [1157, 968], [1157, 1089], [843, 1089]], '8_옛--', 0.0010498496452197351), ([[87.41104280600852, 177.38098133141622], [395.60639642888225, 119.38712597741635], [407.58895719399146, 217.61901866858378], [100.39360357111778, 275.61287402258364]], '8이의키애', 0.001967430050968475)]
[([[302, 200], [582, 200], [582, 250], [302, 250]], "847 1 -어꼴'", 0.10282270337103314), ([[174, 256], [708, 256], [708, 304], [174, 304]], "7뉘-시슷 7:47'5 7서긋 (4-긋", 0.00030080423897023585), ([[162, 307], [722, 307], [722, 358], [162, 358]], "51시렇긋 $답트 }4-꼴' 8맵.시", 0.00010157084822766003), ([[168, 362], [684, 362], [684, 410], [168, 410]], '4-족맵2-`6 동> (4네네5', 4.4886131749716406e-05), ([[677, 393], [711, 393], [711, 407], [677, 407]], '0 0 4', 0.09859776734706098), ([[681, 1786], [846, 1786], [846, 1834], [681, 1834]], '후꼬위,', 0.0011155735701322556)]
[([[1148, 64], [1258, 64], [1258, 112], [1148, 112]], '시6답', 0.0036994050217813027), ([[1027, 1802], [1416, 1802], [1416, 1874], [1027, 1874]], '{@의--(|', 0.0006157410565678248)]
[([[713, 70], [848, 70], [848, 120], [713, 120]], '44위,,', 0.3589941404239242), ([[1032, 408], [1136, 408], [1136, 456], [1032, 456]], '4서시,', 0.09651072323322296)]
[]
[]
[([[336, 0], [1160, 0], [1160, 94], [336, 94]], "'@ [@@ @@득설@-]미-/", 0.0002621464738327477)]
[([[419, 119], [515, 119], [515, 161], [419, 161]], '4답시', 0.06275357595733133), ([[509, 145], [541, 145], [541, 159], [509, 159]], '06 .', 0.0745905191184126), ([[1012, 285], [1141, 285], [1141, 329], [1012, 329]], '464,', 0.022339781746268272)]
[([[843, 137], [939, 137], [939, 179], [843, 179]], '4답시', 0.06335833690203421), ([[931, 163], [967, 163], [967, 177], [931, 177]], '0" "', 0.028762510443385708), ([[1026, 959], [1415, 959], [1415, 1027], [1026, 1027]], '오@)-(|', 0.0003417832401619813), ([[698, 1544], [827, 1544], [827, 1589], [698, 1589]], '시좌위, ', 0.003424149579588224), ([[211.17706544256697, -13.977408945280974], [615.96514270163, 76.97799025452282], [581.822934557433, 197.97740894528098], [176.03485729837, 107.02200974547718]], '간-로때', 0.00044525155681185424), ([[950.3561364888983, 1123.251909742271], [1343.89354151496, 1080.5450401282862], [1346.6438635111017, 1202.748090257729], [954.1064584850402, 1245.4549598717138]], '8장:내애', 0.0010081145333200132)]
[([[548, 156], [787, 156], [787, 201], [548, 201]], '04! 426꾸', 0.07948169727598435)]
[]
[]
[]
[([[1027, 1435], [1415, 1435], [1415, 1503], [1027, 1503]], '조끗~-(령', 5.740534482582335e-05)]
[([[751, 65], [831, 65], [831, 103], [751, 103]], '두니나,', 0.10493803024291992), ([[823, 87], [851, 87], [851, 99], [823, 99]], "00 '", 0.05656426315911408), ([[181, 577], [259, 577], [259, 613], [181, 613]], '답44,', 0.06821200996637344), ([[303, 691], [446, 691], [446, 720], [303, 720]], '095디 9 9', 0.003774653060269153), ([[473, 1394], [567, 1394], [567, 1430], [473, 1430]], '444,', 0.09351282566785812), ([[923, 1829], [1025, 1829], [1025, 1889], [923, 1889]], '&3', 0.0016913810776811049)]
[]
[([[523, 119], [641, 119], [641, 163], [523, 163]], '7:긋시', 0.016856824979186058), ([[679, 119], [889, 119], [889, 163], [679, 163]], '1 14세설 1:', 0.0017973085546046249), ([[462, 167], [952, 167], [952, 218], [462, 218]], "7:47 >어4 -어'' 이4시동", 0.0025129606376260672), ([[418, 222], [768, 222], [768, 270], [418, 270]], '4 름42- -: 7서--', 0.0006917951593241873), ([[782, 222], [996, 222], [996, 270], [782, 270]], "1'- 14설", 0.013529551978660874), ([[478, 274], [934, 274], [934, 322], [478, 322]], '(42긋 이8 7서-6- 어', 0.0017369041337374417), ([[546, 325], [864, 325], [864, 375], [546, 375]], '동! 이> 7서시,', 0.0008228906941126035)]
[([[763, 135], [855, 135], [855, 179], [763, 179]], '841,', 0.10336953401565552), ([[889, 130], [1184, 130], [1184, 180], [889, 180]], '베어 00 >어4', 0.019439017273779415), ([[738, 182], [1204, 182], [1204, 232], [738, 232]], '1시7긋시) 70 00 7위47?', 0.002072156551100574)]
[([[161, 165], [555, 165], [555, 209], [161, 209]], '7: (나낮:드시7 -4담', 0.0006428815330565309), ([[131, 211], [582, 211], [582, 262], [131, 262]], "들어꼴' 킬나지- 7:드새", 0.00017365864144733994), ([[185, 264], [518, 264], [518, 316], [185, 316]], '5어2 (답4볍-시6', 0.0013752450888774312), ([[890, 282], [1326, 282], [1326, 333], [890, 333]], '91시(긋 1- 2서-설시7니>', 4.29010095804877e-05), ([[985, 339], [1229, 339], [1229, 383], [985, 383]], '(}4과긋),', 0.007966553865970241), ([[1031, 1099], [1417, 1099], [1417, 1167], [1031, 1167]], '9@보꼬-(|)', 0.00039346430099708115)]
[([[205, 127], [633, 127], [633, 169], [205, 169]], "50 1'네 4-- 킬-1-위", 0.0018583432463787225), ([[198, 172], [629, 172], [629, 216], [198, 216]], '7서어 -시 동! 어애 족4>,', 0.0003416770068370633)]
[([[315, 109], [589, 109], [589, 153], [315, 153]], "1'니 45긋 44내", 0.0218811211492842), ([[283, 158], [621, 158], [621, 203], [283, 203]], '7읽긋 동-시설> 4)', 0.0002758333283482469), ([[295, 209], [605, 209], [605, 253], [295, 253]], '(어시올-포악--', 0.00021736112710844474), ([[375, 258], [523, 258], [523, 300], [375, 300]], '1 답4히설', 0.005435343347588614)]
[]
[([[548, 74], [848, 74], [848, 122], [548, 122]], '8-8216 엇-어', 0.05201186478581077), ([[596, 124], [800, 124], [800, 174], [596, 174]], '이어시,?', 0.0778402663890061)]
[([[1027, 259], [1413, 259], [1413, 327], [1027, 327]], '7-)예3투', 0.000316377017305889), ([[247.4456572971349, 232.42719491825306], [655.6076217097402, 174.68869019896766], [663.5543427028651, 302.57280508174694], [255.39237829025978, 360.31130980103234]], '없0여::대거', 0.0007726486760321285)]
[([[630, 69], [725, 69], [725, 111], [630, 111]], '나/,', 0.10071292759518098)]
[([[240, 137], [400, 137], [400, 186], [240, 186]], "1 (4'", 0.8984397747055627), ([[127, 189], [499, 189], [499, 233], [127, 233]], '나시)긋랑-`4) +2', 0.0006018947959307722), ([[749, 409], [793, 409], [793, 475], [749, 475]], '3', 0.9986491000347542), ([[748, 718], [780, 718], [780, 768], [748, 768]], '6', 0.9945014215685752), ([[463, 791], [505, 791], [505, 849], [463, 849]], '4', 0.999967631373782), ([[619, 1009], [659, 1009], [659, 1059], [619, 1059]], '8', 0.9999973773973494), ([[595, 1613], [1117, 1613], [1117, 1657], [595, 1657]], "1까'5 히어7 -4-- 48어)>", 0.0009536714866092109), ([[584, 1660], [1138, 1660], [1138, 1708], [584, 1708]], "4드2 터나-84)'$ (답47-6", 0.00020036819865494563), ([[588, 1707], [1137, 1707], [1137, 1762], [588, 1762]], '어꼴 -서2 >17서 전맵2 52악설시),', 3.8564170386417356e-05), ([[576, 1757], [1147, 1757], [1147, 1809], [576, 1809]], '50 베어담 15 5서톤 50 (4니서?', 0.004181709243661307), ([[600.7837889641103, 424.2486714420854], [750.8328890305065, 399.7834214043599], [760.2162110358897, 487.7513285579146], [609.1671109694935, 512.21657859564]], '2 -', 0.7055488228797913)]
[([[358, 124], [568, 124], [568, 172], [358, 172]], '1$ 까서서2긋', 0.0005261686027591107), ([[264, 174], [662, 174], [662, 224], [264, 224]], '5어서긋7후-시6 --긋', 0.00011402577259695318), ([[293, 229], [635, 229], [635, 273], [293, 273]], '6-1`6 이꼴 두어2', 0.0030414669100884426), ([[402, 276], [525, 276], [525, 330], [402, 330]], '되2?', 0.04930806742324893), ([[977.9496390815747, 330.0345140399346], [1319.6394011770321, 382.62225950910255], [1292.0503609184254, 513.9654859600654], [950.360598822968, 462.37774049089745]], '@`설', 0.003052395584044404)]
[([[1027, 1802], [1416, 1802], [1416, 1874], [1027, 1874]], '{@의-(', 0.0028551070303865)]
[([[736, 165], [1140, 165], [1140, 214], [736, 214]], '7장-- 1- 4:나4내', 0.0026844532419060194), ([[792, 218], [1080, 218], [1080, 266], [792, 266]], "9답'$ 베어서긋", 0.002284556205504198), ([[607, 387], [651, 387], [651, 425], [607, 425]], '0', 0.999709865636774), ([[778, 741], [1071, 741], [1071, 1061], [778, 1061]], '/(', 0.03430910597999315), ([[587, 1632], [878, 1632], [878, 1680], [587, 1680]], '7}47 817-위, ', 0.004623490896995132)]
[([[178, 1191], [377, 1191], [377, 1301], [178, 1301]], '97설?', 0.01815740205347538), ([[737.9328167443059, 1356.0475475362264], [944.5654264692945, 1392.7998577245155], [922.0671832556941, 1491.9524524637736], [715.4345735307055, 1456.2001422754845]], '97설?', 0.026874538511037827)]
[([[518, 1168], [848, 1168], [848, 1218], [518, 1218]], '1 7어-) +-새 70', 0.004818194452479712), ([[556, 1222], [808, 1222], [808, 1270], [556, 1270]], '60 베어서긋 ,,', 0.009241193695770599)]
[([[1252, 112], [1424, 112], [1424, 310], [1252, 310]], '종', 0.007174210456016239)]
[([[825, 3], [1246, 3], [1246, 80], [825, 80]], '88@_-@즐', 0.0011615226873211851), ([[519, 130], [841, 130], [841, 173], [519, 173]], '1 64.-5 >어4\'2"', 0.001544291449088349), ([[499, 177], [857, 177], [857, 219], [499, 219]], '7읽 어`네> 이꼴긋 어', 0.00047036860311909485), ([[537, 223], [813, 223], [813, 265], [537, 265]], '씨샌 91)설 시어>', 0.0002274217799714849), ([[398, 306], [472, 306], [472, 380], [398, 380]], '8', 0.9482555682459157), ([[201.93798788721148, 461.04345222397995], [409.5110434233108, 501.4681743446156], [384.0620121127885, 608.9565477760201], [175.4889565766892, 567.5318256553844]], '222', 0.791520021586914), ([[899.9264062639025, 977.1805157042443], [1153.695666076633, 953.5591611697128], [1156.0735937360976, 1057.8194842957557], [902.3043339233669, 1081.4408388302872]], '지물아아', 0.0008553503430448472)]
[([[294, 87], [744, 87], [744, 138], [294, 138]], "이:거 -어꼴' 조톤 -4--", 0.0002920340256823294), ([[242, 141], [794, 141], [794, 194], [242, 194]], '74니 1- 047 4) 5-밟) 4', 0.0026302904842057926), ([[276, 194], [762, 194], [762, 242], [276, 242]], '[어-`7 담서2긋 "톤 (4시', 8.308773523386964e-05), ([[342, 244], [694, 244], [694, 294], [342, 294]], '44네 462긋긋 이?', 0.010420123465859165)]
[([[144.33495174858797, 40.210196016104135], [419.5929961120658, -9.209331843826233], [434.66504825141203, 136.78980398389587], [159.40700388793422, 186.20933184382622]], '-7설2', 0.003489404683932662), ([[933.9633121103225, 370.0414013790304], [1167.5078820745546, 409.4569947771648], [1143.0366878896775, 520.9585986209696], [909.4921179254454, 482.5430052228352]], '51설?', 0.030815310776233673), ([[419.30619754990585, 861.2616075045198], [648.0817772209653, 817.4446383112755], [662.6938024500942, 939.7383924954802], [432.9182227790347, 983.5553616887245]], '-규설?', 0.0006959756719879806)]
[]
[([[382, 130], [504, 130], [504, 160], [382, 160]], '뉘4_?>;!', 0.0008047400585432432), ([[678.0029455144984, 302.03829168847943], [894.6513999660933, 351.0096690989234], [865.9970544855016, 457.96170831152057], [649.3486000339067, 408.9903309010766]], '5-?', 0.053261615335941315)]
[([[968, 233], [1333, 233], [1333, 301], [968, 301]], '양@-+3', 0.0015171129010370045), ([[492.4522809788061, 48.20414206859765], [893.5699285818955, 4.388103062020266], [896.5477190211939, 141.79585793140237], [496.43007141810455, 184.61189693797974]], '|--::', 0.002079724819308192)]
[([[571, 659], [655, 659], [655, 761], [571, 761]], '> ', 0.5360116470780836), ([[936, 756], [984, 756], [984, 846], [936, 846]], '틀', 0.16613152883673266), ([[358.43681886092946, 776.2425920635801], [482.59120736519833, 729.9474543461703], [508.56318113907054, 808.7574079364199], [383.40879263480167, 855.0525456538297]], '스 /', 0.2050859932818931), ([[230.7707458564553, 1150.178624310023], [494.21861405972385, 1122.1658599326968], [497.22925414354467, 1239.821375689977], [233.78138594027615, 1267.8341400673032]], '스시', 0.0466834322773127)]
[([[479.0803242346687, 617.032571708829], [744.8231210098179, 675.8628131650304], [714.9196757653312, 783.967428291171], [449.1768789901821, 725.1371868349696]], '&다?', 0.002668239542915599), ([[884.9620219253908, 847.1607381299619], [1145.4773410595906, 822.8950313512815], [1148.037978074609, 935.8392618700381], [887.5226589404093, 960.1049686487185]], '조-?', 0.03762345621852848)]
[([[270, 226], [558, 226], [558, 274], [270, 274]], "1'니 나-긋 44내", 0.018086119896200393), ([[234, 276], [592, 276], [592, 326], [234, 326]], '7:톤 ,-시> 40', 0.0007695694320384161), ([[250, 330], [578, 330], [578, 378], [250, 378]], '(어`올-.악-`:', 4.870719900323778e-05), ([[323, 387], [507, 387], [507, 429], [323, 429]], '1 :4벼설,,', 0.007917328263039399)]
[([[884, 172], [1134, 172], [1134, 220], [884, 220]], "7:-- 1-시'7", 0.004972729007699328), ([[917, 222], [1096, 222], [1096, 273], [917, 273]], '6000,', 0.16914343791331402), ([[384, 591], [701, 591], [701, 640], [384, 640]], "1 -어' 7} 시책", 0.00811391656098825), ([[306, 645], [780, 645], [780, 694], [306, 694]], '괜 14- $4>-`6 7서47', 0.0006210700446016419), ([[374, 697], [708, 697], [708, 747], [374, 747]], '70 $렇42설 서설 ', 0.0024205821011377194), ([[793, 947], [829, 947], [829, 987], [793, 987]], '0', 0.9995649334241676), ([[940, 1688], [1416, 1688], [1416, 1762], [940, 1762]], '데@의(어물', 0.0005084616557355183)]
[([[276, 99], [480, 99], [480, 143], [276, 143]], '요:47(답4', 0.0014063574381446033), ([[251, 145], [504, 145], [504, 196], [251, 196]], '7:-시니-6?', 0.025729618262236912), ([[826, 1324], [1102, 1324], [1102, 1372], [826, 1372]], ">어4'2크 히어7", 0.002760575762850275), ([[770, 1378], [1160, 1378], [1160, 1426], [770, 1426]], '(어시꼬설`7247-`6!', 0.00015928922031295246)]
[([[192, 84], [450, 84], [450, 116], [192, 116]], '이1) $이서더위-시6', 0.00029083981366661904), ([[250, 118], [393, 118], [393, 156], [250, 156]], '}4물꾸맵`?', 0.0006742610114184184), ([[693, 265], [785, 265], [785, 301], [693, 301]], '시-꼴0,', 0.0385439516919719)]
[([[239, 99], [558, 99], [558, 150], [239, 150]], '04? 7}-- 1좌', 0.0009806575735004015), ([[253, 155], [543, 155], [543, 199], [253, 199]], '나시긋,꾸플-7긋),', 0.00011198412041452059), ([[900, 230], [1246, 230], [1246, 281], [900, 281]], '1 7:어나6전 어4', 0.005249128361850211), ([[890, 284], [1256, 284], [1256, 332], [890, 332]], '록긋2긋 6어-`6 70', 0.0003229770993189418), ([[926, 336], [1210, 336], [1210, 384], [926, 384]], '8 5나_악어괴-', 0.00449638160122123)]
[([[328.93909114856257, -16.97654004248615], [895.5077016448224, 57.16388964373064], [856.0609088514375, 256.97654004248614], [289.49229835517764, 181.83611035626936]], '{굵', 0.006308153794522986)]
[([[317, 171], [409, 171], [409, 213], [317, 213]], '4장시,', 0.060588642954826355), ([[928, 832], [1079, 832], [1079, 875], [928, 875]], '룻좌위,', 0.0027379414532333612)]
[([[948, 74], [1418, 74], [1418, 146], [948, 146]], '밥@필-(어', 9.500034089549118e-05), ([[336, 332], [473, 332], [473, 385], [336, 385]], '룻?', 0.013141646931263498)]
[([[294, 154], [724, 154], [724, 202], [294, 202]], "42설시' %어4 6어,4", 0.0011420855177607912), ([[388, 205], [634, 205], [634, 256], [388, 256]], '60 베어서.?', 0.021139687939996592), ([[1014, 316], [1118, 316], [1118, 360], [1014, 360]], '이4 ,', 0.10045752674341202)]
[([[733, 81], [931, 81], [931, 125], [733, 125]], '요-내니내', 0.002218524725427514), ([[708, 130], [954, 130], [954, 178], [708, 178]], "17'$ 7서47", 0.006001267878843014), ([[334, 1499], [542, 1499], [542, 1554], [334, 1554]], '7-* 1-혼', 0.0021980040366335763), ([[244, 1552], [664, 1552], [664, 1602], [244, 1602]], '1) 어4 6.- -.)', 0.001538645785177956), ([[274, 1603], [636, 1603], [636, 1656], [274, 1656]], '4 뉴-6전7 464-밟?', 0.03133837489701665)]
[([[701, 123], [1071, 123], [1071, 165], [701, 165]], '꼴) 담어랑2뒤긋5 74서시,', 2.1515797245050328e-05), ([[715, 169], [1061, 169], [1061, 211], [715, 211]], '록긋 :4긋 -이- 이5', 0.00021378610745414556), ([[707, 215], [1065, 215], [1065, 255], [707, 255]], '20어,좌 70 5킬42긋', 0.00032953669011357605), ([[355, 349], [619, 349], [619, 389], [355, 389]], "'-4 (4 6긋-", 0.012071061488138714), ([[371, 393], [603, 393], [603, 435], [371, 435]], '50+긋 2올꼬모', 0.00011052911421967503), ([[431, 441], [539, 441], [539, 481], [431, 481]], '답설,', 0.007050228655574683), ([[288, 1709], [522, 1709], [522, 1760], [288, 1760]], '7서4끝 >어4,', 0.018841384412409477), ([[359, 1759], [441, 1759], [441, 1799], [359, 1799]], '912', 0.06371187066691056)]
[([[320, 0], [1138, 0], [1138, 93], [320, 93]], '7@ [@@ @@득@@_미-', 0.001903176538571536)]
[([[429, 337], [1026, 337], [1026, 562], [429, 562]], '[@애', 0.009558829071548088), ([[412, 562], [1022, 562], [1022, 730], [412, 730]], "유0어[.'~", 0.00013289382277743738), ([[762, 1006], [1246, 1006], [1246, 1110], [762, 1110]], '`리[|-', 0.001032553641678925), ([[770, 1097], [1222, 1097], [1222, 1197], [770, 1197]], '[쥐용양하|[|@', 2.1829371393436364e-05), ([[473, 1201], [963, 1201], [963, 1311], [473, 1311]], '[.걸응@ 792', 0.0016896901640611275), ([[961, 1231], [1017, 1231], [1017, 1271], [961, 1271]], '9', 0.8293152573778606), ([[1025, 1324], [1416, 1324], [1416, 1396], [1025, 1396]], '{@의~-(어', 0.0003170981696315893)]
[]
[([[641, 291], [891, 291], [891, 477], [641, 477]], '5', 0.0912820409477968)]
[([[642, 100], [1092, 100], [1092, 148], [642, 148]], "17'5 >어42 베나-84시-", 0.0018179860807654258), ([[653, 153], [1074, 153], [1074, 202], [653, 202]], '(답47-`6 이 >어4,', 0.0008467585791117024), ([[669, 203], [1066, 203], [1066, 255], [669, 255]], "42설시' >어4 ,4-?", 0.001808472600539339), ([[1031, 261], [1417, 261], [1417, 329], [1031, 329]], '다-(', 0.015739628296300972), ([[561, 475], [822, 475], [822, 532], [561, 532]], '서어_서어톤2 ,', 0.0003459650365917245), ([[482, 530], [904, 530], [904, 580], [482, 580]], "답톤'$ (어47-6 어", 0.003974406334353249), ([[511, 583], [868, 583], [868, 632], [511, 632]], '맘어4 조악불4 >어-2', 8.744493480144691e-05), ([[536, 634], [844, 634], [844, 685], [536, 685]], '8톤-모 52악긋시),', 6.448818007266903e-05)]
[([[1028, 1016], [1417, 1016], [1417, 1085], [1028, 1085]], '{@보-(|떠', 5.893440865476196e-05), ([[145.92810721152568, 47.526807403797655], [488.69171173728944, -16.27870942254711], [504.0718927884743, 116.47319259620235], [160.30828826271056, 182.2787094225471]], '자이-,', 0.005068184807896614), ([[638.0003998800399, 336.20195941219595], [825.6246479222632, 316.93882936298326], [828.9996001199601, 404.79804058780405], [641.3753520777368, 425.06117063701674]], '0설', 0.13033712263144479), ([[353.8377223398316, 381.51316701949486], [647.1451115041273, 341.95439305207753], [653.1622776601683, 430.48683298050514], [359.85488849587273, 469.04560694792247]], '[짜-0:', 0.005119662419306779), ([[822.9158860913229, 576.0392280602566], [1139.6383908094865, 621.7262384771117], [1114.084113908677, 743.9607719397434], [797.3616091905136, 698.2737615228883]], '어--쪽', 0.005821108352392912)]
[]
[([[195, 178], [574, 178], [574, 226], [195, 226]], '}44 , "후시 악악)', 0.005093398909834902), ([[194, 229], [572, 229], [572, 283], [194, 283]], '1 주4-네 45맵맵?', 0.005473363629239202), ([[829, 369], [1053, 369], [1053, 413], [829, 413]], '(어어긋 [시,', 0.007443072539742368), ([[611, 780], [755, 780], [755, 872], [611, 872]], '[신3', 0.0032850980654211223), ([[1217, 1449], [1269, 1449], [1269, 1485], [1217, 1485]], '5', 0.8174339950808331), ([[929.9267143356549, 705.0524862236803], [1157.7380576620235, 739.6137649639948], [1139.0732856643451, 828.9475137763197], [911.2619423379765, 794.3862350360052]], '(묘설쪽', 0.0005350636783987284), ([[408.8956847392515, 1102.0611626532639], [548.4594594594595, 1129.7567567567567], [528.1043152607484, 1211.9388373467361], [389.5405405405405, 1184.2432432432433]], '고궁', 0.002787564091048475)]
[([[418, 124], [516, 124], [516, 172], [418, 172]], "17'5,", 0.4092264946300811), ([[550, 124], [772, 124], [772, 173], [550, 173]], '9 과어 사어토,', 0.005653836502747475), ([[364, 172], [836, 172], [836, 224], [364, 224]], '맑4> [ 60 베어어톤, 512?', 0.00689077516114213), ([[917, 150], [1263, 150], [1263, 212], [917, 212]], '@라-(어', 0.00015856539630251223), ([[860, 1234], [964, 1234], [964, 1258], [860, 1258]], '생후._신`드', 1.3976318199100933e-05), ([[862, 1254], [960, 1254], [960, 1278], [862, 1278]], '이구도예-)구', 0.0001701198165526893), ([[1001, 1241], [1183, 1241], [1183, 1277], [1001, 1277]], '*설히이 (위4', 0.0019188253403535057)]
[([[752, 84], [1094, 84], [1094, 138], [752, 138]], '>톤- >어4 트4>', 0.0009623273530403641), ([[1107, 87], [1213, 87], [1213, 131], [1107, 131]], '>-4', 0.0046342918446931804), ([[709, 133], [1255, 133], [1255, 193], [709, 193]], "어'- +4톤 70 45* 서톤", 0.005947568182429589), ([[804, 192], [1160, 192], [1160, 244], [804, 244]], '52어어 시어> 어시', 0.003565313279420509), ([[185, 333], [471, 333], [471, 394], [185, 394]], '7서4시슷 >어4,', 0.008742026654635611), ([[272, 392], [384, 392], [384, 440], [272, 440]], '812!', 0.004891813267022371), ([[529, 631], [712, 631], [712, 742], [529, 742]], '저이', 0.015571147787502244), ([[331, 1245], [525, 1245], [525, 1431], [331, 1431]], '시', 0.57129951707822)]
[([[337, 133], [658, 133], [658, 182], [337, 182]], "17'5 4-:설4)>", 0.0076601828176912105), ([[428, 184], [578, 184], [578, 240], [428, 240]], '9 과?', 0.11094781696741264), ([[398, 438], [422, 438], [422, 464], [398, 464]], '0', 0.9999775887791316), ([[1119, 430], [1328, 430], [1328, 545], [1119, 545]], '[?', 0.4580727602675605), ([[975, 639], [1393, 639], [1393, 707], [975, 707]], '@이--(', 0.01992722348604162), ([[806, 1686], [1218, 1686], [1218, 1736], [806, 1736]], "이후둠 악--' 1 6.-", 0.0024551143676539333), ([[812, 1739], [1208, 1739], [1208, 1794], [812, 1794]], '4> 서톤--46권5?', 0.0037403103012593297)]
[([[470, 115], [714, 115], [714, 167], [470, 167]], '룻? 5톤', 0.02154286194393595), ([[384, 169], [802, 169], [802, 219], [384, 219]], "이1-'' 태7맵시 2설4-", 0.00034659692884025543), ([[416, 224], [760, 224], [760, 272], [416, 272]], '서> 세톤꼬546설5', 8.16336634216135e-05), ([[838, 630], [1228, 630], [1228, 678], [838, 678]], '847 1 5설시7 7서.어', 0.0037142697241730254), ([[840, 681], [1194, 681], [1194, 732], [840, 732]], '7:-- 서어:시-6', 0.0008992350803569934), ([[358, 1744], [738, 1744], [738, 1792], [358, 1792]], '이1) $어서.불전-시6', 0.0006324206233950704), ([[443, 1795], [652, 1795], [652, 1848], [443, 1848]], '답4야?맵밟?', 0.0001851527102614969)]
[([[879, 113], [1197, 113], [1197, 157], [879, 157]], '5어이나-- 1 72>', 0.0013484929307096387), ([[923, 161], [1154, 161], [1154, 215], [923, 215]], '(4네니-6?', 0.03635792931456707), ([[777, 1003], [934, 1003], [934, 1108], [777, 1108]], '자"?', 0.12955351952152014), ([[975, 1307], [1341, 1307], [1341, 1373], [975, 1373]], '자보시어3(어', 1.3651932687154848e-05)]
[]
[([[1026, 1304], [1415, 1304], [1415, 1373], [1026, 1373]], '9이꼬-(|', 0.0002062402786600875)]
[([[660, 96], [924, 96], [924, 144], [660, 144]], '05 (어나2-긋', 0.0020216674979092763), ([[618, 148], [964, 148], [964, 196], [618, 196]], "1'씨 9나_잊2악-긋)", 0.0001265104537785302), ([[685, 203], [899, 203], [899, 247], [685, 247]], '4시) 트4),', 0.013498933089207833)]
[([[1103, 763], [1291, 763], [1291, 925], [1103, 925]], '색', 0.03990342850029216)]
[([[912, 22], [1064, 22], [1064, 166], [912, 166]], '[', 0.01850176193663544), ([[1188, 78], [1332, 78], [1332, 228], [1188, 228]], '사', 0.10146109082697397), ([[622, 316], [742, 316], [742, 420], [622, 420]], '=', 0.078471547325635)]
[([[938, 207], [1415, 207], [1415, 281], [938, 281]], '리리다형', 0.004308067727833986)]
[]
[([[889, 924], [1153, 924], [1153, 1064], [889, 1064]], '8버어', 0.0018996526148374454), ([[1027, 1057], [1418, 1057], [1418, 1130], [1027, 1130]], '짜의~-(어', 0.00020052316456596625), ([[138.12514945598048, 195.12610597425547], [318.01594784298265, 177.36004090746457], [321.8748505440195, 296.8738940257445], [142.98405215701735, 314.63995909253543]], '서공', 0.010772395188523569)]
[([[189, 633], [331, 633], [331, 677], [189, 677]], '4서시,!', 0.1034369972552323), ([[483, 779], [625, 779], [625, 823], [483, 823]], ':꼬후!', 0.0007201822591014206), ([[1214, 1200], [1324, 1200], [1324, 1296], [1214, 1296]], '@', 0.3044455632982057), ([[523.9970181379946, 88.18389794517094], [669.2783436417757, 66.7564493134463], [678.0029818620054, 163.81610205482906], [532.7216563582243, 186.2435506865537]], '[', 0.08388116692409486), ([[1107.985819683832, 221.04685258538456], [1260.5063543891638, 258.74170022108206], [1234.014180316168, 350.95314741461544], [1081.4936456108362, 314.25829977891794]], '[', 0.7244154937269265), ([[53.97806759312884, 859.4232365759509], [358.0189622706485, 820.4590314888428], [363.02193240687114, 915.5767634240491], [59.98103772935149, 955.5409685111572]], '@장딴오-', 0.00021585461258825665), ([[1013.0725499096816, 1138.0358938348922], [1247.781953640467, 1188.7228156829349], [1220.9274500903184, 1290.9641061651078], [986.218046359533, 1239.2771843170651]], '&장로4', 0.001314628985710442)]
[([[59, 0], [511, 0], [511, 158], [59, 158]], '덜@여국- ', 6.80102618947375e-05), ([[680, 120], [822, 120], [822, 168], [680, 168]], '시꼬위,', 0.007251509930938482), ([[1033, 1117], [1417, 1117], [1417, 1183], [1033, 1183]], '@버--(|)', 0.0005698119109450988), ([[811, 1204], [1283, 1204], [1283, 1375], [811, 1375]], '8@.과`', 0.00010702566151449807), ([[301, 1418], [480, 1418], [480, 1468], [301, 1468]], '후야위,', 0.0008029632153920829), ([[151, 1612], [282, 1612], [282, 1662], [151, 1662]], '}44', 0.11382154440325047), ([[1032, 1688], [1168, 1688], [1168, 1736], [1032, 1736]], '4위시,,', 0.03862771833682249), ([[549, 1721], [649, 1721], [649, 1765], [549, 1765]], '답44,', 0.14979954063892365)]
[([[567, 233], [725, 233], [725, 275], [567, 275]], '위시꼬위,,', 0.004071735819119281), ([[911, 1537], [1071, 1537], [1071, 1581], [911, 1581]], '룻꼬위,', 0.0019758811686187983), ([[67.97953650770397, 812.0401136478405], [408.817944000665, 857.8319797981071], [387.020463492296, 964.9598863521595], [46.182055999334985, 919.1680202018929]], '생장로때', 0.000273058598395437), ([[887.827593008602, 1694.182798750752], [1239.1105090533058, 1668.273947686515], [1238.172406991398, 1778.817201249248], [886.8894909466942, 1805.726052313485]], '8이로--', 0.0007188274424890447)]
[([[1095, 786], [1369, 786], [1369, 926], [1095, 926]], '벼|`_', 9.618040348868817e-05), ([[1027, 1074], [1418, 1074], [1418, 1146], [1027, 1146]], '{@의-(|', 0.00026126686344603886), ([[229.93334012846233, 131.15337886069761], [484.9485586897861, 101.70397743721026], [490.0666598715377, 225.84662113930239], [235.0514413102139, 254.29602256278974]], '음다름저', 0.00020900338131468743)]
[([[192, 78], [448, 78], [448, 126], [192, 126]], '45족.2 1묵,', 0.0010161139882380035), ([[880, 162], [1136, 162], [1136, 217], [880, 217]], '15 1+ +-?', 0.026822668492777188), ([[326, 1730], [602, 1730], [602, 1778], [326, 1778]], "1-17'5 5-시.,", 0.01482351437281638), ([[871.8729288648519, 1789.053045967431], [1028.2183457485116, 1819.7398687030968], [1005.1270711351481, 1918.946954032569], [847.7816542514885, 1888.2601312969032]], '@', 0.13148911172665123)]
[([[749, 187], [867, 187], [867, 229], [749, 229]], '847', 0.05494857634101588), ([[290, 404], [608, 404], [608, 452], [290, 452]], "17'$ 어디 -악니트", 0.0006373966280629954), ([[260, 456], [640, 456], [640, 504], [260, 504]], "1'씨 4시> 8설-홍긋2,,", 0.0006908053180381521)]
[([[1113, 91], [1260, 91], [1260, 143], [1113, 143]], '시야전,', 0.0005592313827946782), ([[1251, 121], [1287, 121], [1287, 137], [1251, 137]], '0 0 .', 0.20903834225607754), ([[214, 952], [324, 952], [324, 1000], [214, 1000]], '시좌답', 0.0037598561737746546), ([[53.714721699712456, 13.202441518389733], [220.40201702733984, -17.977865883249308], [235.28527830028756, 94.79755848161027], [68.59798297266016, 126.97786588324931]], '댐네선', 0.0025488698645672967)]
[([[616, 88], [980, 88], [980, 144], [616, 144]], "록맵네네, 1까'5 히어-", 0.0006910413398190065), ([[650, 148], [934, 148], [934, 196], [650, 196]], '5-시. 89 설', 0.005729727225625221), ([[1029, 131], [1417, 131], [1417, 197], [1029, 197]], '예)-(|)', 0.0015642333782410766), ([[876, 699], [1231, 699], [1231, 751], [876, 751]], '1 족4- 10 5설긋', 0.000979923157531181), ([[834, 754], [1272, 754], [1272, 806], [834, 806]], '샌어4 4-족맵2 7}47', 0.0009203686988236959), ([[820, 808], [1286, 808], [1286, 860], [820, 860]], "(4-내 족:-네긋 >어4'2톤", 0.00047370974190043134), ([[845, 864], [1259, 864], [1259, 916], [845, 916]], '6설디디1`6 두나(니맵),', 0.0001300632556206599)]
[([[233, 97], [461, 97], [461, 141], [233, 141]], '4나오2% 나잊', 0.0002415796090185891), ([[195, 143], [498, 143], [498, 203], [195, 203]], '40 5---},', 0.00419377851799002), ([[245, 202], [442, 202], [442, 254], [245, 254]], '킬-설4-긋,', 0.005364809998872396), ([[918, 274], [1234, 274], [1234, 327], [918, 327]], "1'씨 시?히어45", 0.0011448154674580425), ([[904, 1450], [1362, 1450], [1362, 1623], [904, 1623]], '-_0--?}', 0.000167033085033636), ([[37.11892565334341, 438.323272874711], [402.9598392021505, 395.9046838902081], [406.8810743466566, 507.676727125289], [41.04016079784954, 550.095316109792]], '동키다예', 0.0009134272113442421)]
[([[786, 142], [1028, 142], [1028, 190], [786, 190]], "샌어4 이어'7", 0.0074351406409746195), ([[733, 197], [1085, 197], [1085, 241], [733, 241]], '}4 7) >어22>', 0.00043841349821309173), ([[197, 391], [535, 391], [535, 435], [197, 435]], '1 (4시 -42 7뉘긋', 0.018221259176009308), ([[179, 441], [551, 441], [551, 485], [179, 485]], '맑나--: :2어어 44-', 0.00030677925267886874), ([[207, 493], [519, 493], [519, 537], [207, 537]], '7서 14> 관밑2긋,', 0.00011418880103801988), ([[865, 1075], [1291, 1075], [1291, 1139], [865, 1139]], '@오오흑-#@/', 2.2918289525148623e-05), ([[91.6720961520827, 1457.1702538341624], [454.48105080242624, 1422.1956508277756], [457.3279038479173, 1556.8297461658376], [93.51894919757378, 1591.8043491722244]], '@.리-`', 9.682636316163984e-05)]
[([[873, 0], [1287, 0], [1287, 139], [873, 139]], '&장_리-코쩌', 6.694661362695363e-05), ([[414, 287], [872, 287], [872, 336], [414, 336]], '괜 5꾸맵밟7 -)4박5 70', 0.00021262813935070705), ([[397, 343], [523, 343], [523, 387], [397, 387]], '후4쩌긋', 0.0009266464039683342), ([[532, 339], [887, 339], [887, 387], [532, 387]], '4 50나)꾸2어어5', 0.009518016796883032), ([[380, 394], [526, 394], [526, 442], [380, 442]], '2어어,', 0.01784021221101284), ([[543, 395], [905, 395], [905, 439], [543, 439]], '847 1 64.꼬5 +긋', 0.00406705673384124), ([[422, 444], [866, 444], [866, 492], [422, 492]], "이0설-시' (42설 7}47", 0.0015182989906463433), ([[436, 496], [842, 496], [842, 546], [436, 546]], "17 이어톤-시'7 애어2혼,", 0.00022412541674203637), ([[47, 634], [424, 634], [424, 781], [47, 781]], '커-옛때', 0.0019450492691248655), ([[810.4042899712305, 980.2427368475214], [1187.9600154488226, 943.7049079737668], [1189.5957100287696, 1060.7572631524786], [812.0399845511773, 1097.2950920262333]], '8@로섭--', 0.0007965808490092191)]
[([[1029, 461], [1417, 461], [1417, 527], [1029, 527]], '조*-(|', 1.989336245909184e-05), ([[334.84856391521663, 834.1550910149947], [668.5124585579637, 803.4874380064897], [670.1514360847834, 932.8449089850053], [336.4875414420364, 963.5125619935103]], '(름설,,', 0.00209481149045245)]
[]
[([[573, 217], [605, 217], [605, 288], [573, 288]], '~', 0.0978127748624047), ([[1029, 869], [1415, 869], [1415, 937], [1029, 937]], '떼@--(어`', 0.0002289233197707204)]
[([[616, 46], [876, 46], [876, 94], [616, 94]], '이1- 베 60', 0.08204377275611781), ([[659, 99], [832, 99], [832, 152], [659, 152]], '베어서톤?', 0.0018359224583465864), ([[500, 1560], [924, 1560], [924, 1608], [500, 1608]], '1 64꼬5 +긋 4-설', 0.006454518276318358), ([[476, 1612], [944, 1612], [944, 1664], [476, 1664]], '나+ 담174 +-5 1긋 ,', 0.0004070847848542092)]
[([[842, 1836], [1274, 1836], [1274, 1910], [842, 1910]], '하@화~-_어', 0.00035093204022204117), ([[859.3029437251523, 347.120606076066], [1025.8054752735725, 336.0824386768632], [1026.6970562748477, 440.879393923934], [860.1945247264275, 452.9175613231368]], '혀"?', 0.00716036511623419)]
