2554035
8
[([[125, 144], [493, 144], [493, 206], [125, 206]], '임신있어도 식스는', 0.1510685488757128), ([[167, 201], [447, 201], [447, 263], [167, 263]], '포기 못해에행', 0.5717492012611111), ([[148, 304], [430, 304], [430, 358], [148, 358]], '불근자지에 마구', 0.8303479500729711), ([[148, 352], [428, 352], [428, 406], [148, 406]], '박히면서 기분이', 0.9991077180784946), ([[154, 400], [424, 400], [424, 454], [154, 454]], '좋아지고 싶어~', 0.9938643357545505)]
[([[387, 247], [479, 247], [479, 291], [387, 291]], '아기', 0.9987282450988184), ([[365, 311], [507, 311], [507, 363], [365, 363]], '다처!', 0.6478316831261486), ([[254, 404], [332, 404], [332, 456], [254, 456]], '좁만', 0.4666936472977274), ([[202, 458], [382, 458], [382, 512], [202, 512]], '살살해쥐~', 0.8389955303556351), ([[291, 579], [373, 579], [373, 647], [291, 647]], '으욕', 0.9257795059981289), ([[248, 656], [338, 656], [338, 728], [248, 728]], '흐응', 0.9621165550260251), ([[46, 1182], [370, 1182], [370, 1350], [46, 1350]], '편어', 0.039497880722280165), ([[787, 1293], [1043, 1293], [1043, 1549], [787, 1549]], '퍽', 0.7255614539908528), ([[39, 1511], [271, 1511], [271, 1769], [39, 1769]], '퍽', 0.5310417996611818)]
[([[203, 1089], [295, 1089], [295, 1191], [203, 1191]], '굶', 0.28571548569233585), ([[228, 1258], [324, 1258], [324, 1364], [228, 1364]], '3', 0.0578467453906093), ([[35, 1455], [121, 1455], [121, 1557], [35, 1557]], '칼', 0.5065948937417488), ([[949.3192981846383, 970.0144864005387], [1070.7260197735236, 994.0596955334499], [919.6807018153617, 1729.9855135994612], [798.2739802264764, 1704.94030446655]], "'", 0.20269487179419698)]
[([[51, 89], [191, 89], [191, 149], [51, 149]], '@하양', 0.3994179890864805), ([[258, 120], [444, 120], [444, 168], [258, 168]], '아파 ~ !', 0.8439071744037572), ([[98, 270], [312, 270], [312, 342], [98, 342]], '정액이랑', 0.5382551550865173), ([[339, 271], [449, 271], [449, 339], [339, 339]], '같이', 0.9997893565496657), ([[70, 334], [236, 334], [236, 406], [70, 406]], '아기가', 0.9999381261181032), ([[264, 334], [480, 334], [480, 406], [264, 406]], '나와아아', 0.562999963760376), ([[144, 456], [226, 456], [226, 508], [144, 508]], '괜히', 0.9996861889896127), ([[253, 454], [400, 454], [400, 511], [253, 511]], '임신세스', 0.2874963581562042), ([[178, 510], [264, 510], [264, 566], [178, 566]], '햇어', 0.9921991308635681), ([[296, 528], [362, 528], [362, 554], [296, 554]], '77', 0.5051215894068496), ([[107, 659], [219, 659], [219, 703], [107, 703]], '아가야', 0.9998843740297245), ([[105, 699], [207, 699], [207, 743], [105, 743]], '미안해', 0.999870884449875), ([[232, 716], [298, 716], [298, 744], [232, 744]], '까끼', 0.5355197040854484), ([[205, 1091], [289, 1091], [289, 1189], [205, 1189]], '굶', 0.2157502092716621), ([[223, 1251], [333, 1251], [333, 1365], [223, 1365]], '톤', 0.046234010920930046), ([[35, 1451], [145, 1451], [145, 1561], [35, 1561]], '칼', 0.9087921391595479), ([[949.3012138458498, 970.0152667238152], [1070.7231668968311, 995.0586024525476], [918.6987861541502, 1733.9847332761847], [797.2768331031688, 1708.9413975474524]], '{', 0.40571974980652215)]
[]
[]
[([[299, 1121], [315, 1121], [315, 1145], [299, 1145]], '7', 0.7055305635369677)]
[]
