2555720
18
[]
[]
[]
[]
[]
[]
[]
[]
[]
[([[291.16441898096247, 1456.0134303079335], [482.59947314566625, 1546.1445025946753], [352.83558101903753, 1818.9865696920665], [161.40052685433372, 1728.8554974053247]], '(', 0.14165369107050996), ([[489.8977778369124, 1889.033778741672], [695.6361065130907, 1937.1268667927136], [655.1022221630876, 2087.966221258328], [449.3638934869093, 2038.8731332072864]], '아)', 0.10199760286444196)]
[([[435.33408790818373, 8.015846071857872], [537.5473088378667, -13.766307336556382], [587.6659120918163, 245.98415392814212], [485.45269116213325, 267.7663073365564]], '월', 0.7921011415962518), ([[764.6724061545951, 67.00671017212231], [827.6432014791028, 80.87770521652868], [771.3275938454049, 326.9932898278777], [709.3567985208972, 312.1222947834713]], '8', 0.9976814135371548), ([[126.00194742151712, 417.0311587442738], [220.56303135727714, 355.00990945332944], [368.9980525784829, 608.9688412557263], [274.4369686427229, 670.9900905466706]], '응', 0.6977325101663077)]
[([[247, 85], [309, 85], [309, 219], [247, 219]], '쁨', 0.012526748304321489), ([[112, 318], [140, 318], [140, 364], [112, 364]], '름', 0.21466311828420714), ([[1173, 447], [1222, 447], [1222, 551], [1173, 551]], '@', 0.2102118905714292), ([[15, 495], [127, 495], [127, 617], [15, 617]], '(', 0.12748917288298856), ([[407, 467], [557, 467], [557, 710], [407, 710]], '총', 0.1503045588192755), ([[115, 649], [177, 649], [177, 725], [115, 725]], '군', 0.006682488432695699), ([[125, 713], [189, 713], [189, 785], [125, 785]], '용', 0.09580540157003625), ([[928, 910], [1041, 910], [1041, 1144], [928, 1144]], '쭉', 0.08814184381867562), ([[838, 1061], [952, 1061], [952, 1280], [838, 1280]], '풀', 0.32022422257114513), ([[358, 1296], [414, 1296], [414, 1360], [358, 1360]], '주', 0.16667268922476186), ([[394, 1336], [442, 1336], [442, 1392], [394, 1392]], '흐', 0.006584116195276268), ([[425, 1375], [487, 1375], [487, 1455], [425, 1455]], '틈', 0.19171035065376518), ([[761.3391813995449, 4.043860496586827], [801.4878571201568, -8.976142625599898], [833.6608186004551, 88.95613950341317], [793.5121428798432, 102.9761426255999]], '읽', 0.04203609480761572), ([[964.2435857346211, 56.040988758513805], [1014.9312746521865, 48.27168830851143], [1030.756414265379, 161.9590112414862], [980.0687253478135, 169.72831169148856]], '응', 0.6435196114380801), ([[725.347727437143, 92.04272852228728], [764.9501095328293, 83.09110074704859], [784.652272562857, 177.9572714777127], [745.0498904671707, 185.90889925295141]], '읽', 0.004671972331045604), ([[665.0315649975117, 119.05883297959579], [722.59981071461, 93.02251749568582], [770.9684350024883, 216.9411670204042], [713.40018928539, 241.9774825043142]], '@', 0.05103407269716009), ([[61.679940837737036, 619.3438047645323], [115.96226335892206, 594.2443876766414], [145.32005916226296, 667.6561952354677], [91.03773664107794, 692.7556123233586]], '젓', 0.001671386869002714), ([[978.3641784200731, 767.0405916765708], [1017.2883132528017, 761.1688253019938], [1030.6358215799269, 854.9594083234292], [990.7116867471983, 860.8311746980062]], '올', 0.014065966113367745), ([[273.2925571035913, 974.0250551606376], [350.90007395282873, 962.4297559556653], [372.7074428964087, 1134.9749448393623], [295.09992604717127, 1146.5702440443347]], '줄', 0.8499358297698656), ([[331.3816999397877, 1115.0239292232616], [389.46703833706533, 1094.0136444361829], [444.6183000602123, 1259.9760707767384], [386.53296166293467, 1280.9863555638171]], '틀', 0.8229155538685973), ([[233.13744424563063, 1136.0265967792163], [331.32193630695303, 1107.193892228928], [387.86255575436934, 1325.9734032207837], [289.67806369304697, 1354.806107771072]], '품', 0.06044794337412562), ([[754.4616397706227, 1529.0242014539122], [798.6281087071083, 1518.0329672824716], [828.5383602293773, 1651.9757985460878], [783.3718912928917, 1662.9670327175284]], '움', 0.44731799145871776), ([[411.34108937006994, 1627.027181377846], [469.77057724862567, 1617.198393998243], [492.65891062993006, 1763.972818622154], [434.22942275137433, 1773.801606001757]], '올', 0.44194468020941713)]
[([[1158, 52], [1208, 52], [1208, 140], [1158, 140]], '닭', 0.00793902964875276), ([[486, 495], [567, 495], [567, 645], [486, 645]], '호', 0.009353337892304359), ([[1188, 996], [1238, 996], [1238, 1094], [1188, 1094]], '흙', 0.23247082418695086), ([[1229.431145444232, -3.972972835563713], [1280.8630901348065, 9.409081289070635], [1255.568854555768, 112.97297283556371], [1204.1369098651935, 100.59091871092937]], '풀', 0.049442630992851955), ([[1117.521532469686, 5.028719498394095], [1151.2842579527944, 12.716379192858051], [1132.478467530314, 95.9712805016059], [1098.7157420472056, 88.28362080714194]], '톱', 0.04197311529178993), ([[603.6141870792338, 160.00744535215495], [681.1847320829105, 180.4490612662446], [613.3858129207662, 438.99255464784505], [536.8152679170895, 418.5509387337554]], '움', 0.11722017828128628), ([[120.19149399277805, 519.0468483378912], [167.52878778910573, 496.02000118380437], [222.80850600722195, 618.9531516621088], [174.47121221089427, 641.9799988161957]], '묵', 0.0036669228964414935), ([[197.28243011179245, 699.0257785539152], [275.79329540830133, 686.3980470339642], [299.71756988820755, 857.9742214460848], [222.2067045916987, 870.6019529660358]], '탕', 0.019884501265885257), ([[712.5776323284738, 1264.0059476608208], [822.5734085442803, 1252.2223963896636], [861.4223676715262, 1648.9940523391792], [751.4265914557197, 1660.7776036103364]], '물', 0.7094846491156801), ([[203.5288257747717, 1371.01110642516], [274.8532933362178, 1363.1732353335428], [299.4711742252283, 1602.98889357484], [228.1467066637822, 1610.8267646664572]], '물', 0.1693026770441799)]
[([[833, 233], [881, 233], [881, 277], [833, 277]], '(', 0.40667553294441916), ([[1065, 115], [1280, 115], [1280, 299], [1065, 299]], '목', 0.008550893383918956), ([[886, 250], [960, 250], [960, 340], [886, 340]], '욕', 0.7113943452795866), ([[754, 520], [877, 520], [877, 735], [754, 735]], '찍', 0.05918951276973616), ([[95, 645], [283, 645], [283, 899], [95, 899]], '0', 0.330701281655422), ([[439, 757], [525, 757], [525, 843], [439, 843]], '쥐', 0.09851266377140533), ([[443, 831], [559, 831], [559, 941], [443, 941]], '것', 0.7037221586515443), ([[233, 945], [345, 945], [345, 1057], [233, 1057]], '쭉', 0.47540478965038346), ([[480, 1174], [582, 1174], [582, 1286], [480, 1286]], '향', 0.06278580243335696), ([[108, 1610], [189, 1610], [189, 1781], [108, 1781]], '월', 0.06700215419741173), ([[291.3874735072032, 182.01443835270794], [378.4434278216597, 141.0075648253694], [498.6125264927968, 419.98556164729206], [411.5565721783403, 459.9924351746306]], '용', 0.9729930897720784), ([[834.4866798987476, 277.01884662296766], [888.7927282316483, 296.8980634953421], [840.5133201012524, 426.98115337703234], [786.2072717683517, 406.1019365046579]], '올', 0.04004700729646182), ([[1225.5459233908134, 1118.010314597897], [1300.6011460772868, 1147.4883510155012], [1217.4540766091866, 1357.989685402103], [1142.3988539227132, 1327.5116489844988]], '응', 0.27063478280709674)]
[([[1211, 61], [1271, 61], [1271, 167], [1211, 167]], '흙', 0.08044723556281852), ([[1101, 223], [1154, 223], [1154, 356], [1101, 356]], '춤', 0.25488986253919066), ([[565, 489], [627, 489], [627, 575], [565, 575]], '음', 0.05860006572633858), ([[718, 500], [772, 500], [772, 632], [718, 632]], '줄', 0.24599854956483114), ([[580, 568], [636, 568], [636, 630], [580, 630]], '셈', 0.8201131078506627), ([[48, 638], [174, 638], [174, 794], [48, 794]], '다', 0.019371986225507953), ([[428, 734], [502, 734], [502, 826], [428, 826]], '위', 0.9951110183398129), ([[454, 826], [530, 826], [530, 918], [454, 918]], '우', 0.9160935296667141), ([[952, 822], [1000, 822], [1000, 886], [952, 886]], '유', 0.6690424143637443), ([[117, 899], [177, 899], [177, 971], [117, 971]], '우', 0.9946727366064465), ([[332, 1024], [412, 1024], [412, 1130], [332, 1130]], '응', 0.07574529749023728), ([[60, 1612], [212, 1612], [212, 1734], [60, 1734]], "'오다", 0.05336524204830156), ([[688.1447151510638, 40.04585090489371], [749.5924793943209, 23.16010144334357], [780.8552848489362, 148.9541490951063], [720.4075206056791, 166.83989855665644]], '용', 0.9913800360639158), ([[604.5663544365292, 241.01569122410265], [649.7856432242935, 248.68584984904007], [624.4336455634708, 390.9843087758974], [579.2143567757065, 383.31415015095996]], '출', 0.11086586089312789), ([[85.36203822173688, 326.025477771711], [144.7752939548733, 316.1994659558598], [167.63796177826313, 466.974522228289], [108.22470604512671, 476.8005340441402]], '울', 0.038970714911422455), ([[475.41406998582266, 1284.052456785922], [625.7291465441866, 1195.0110786962584], [769.5859300141774, 1482.947543214078], [619.2708534558134, 1571.9889213037416]], '%', 0.19991430532780985), ([[1197.105689394628, 1278.0364144304376], [1279.9248935362384, 1304.732010110912], [1171.894310605372, 1630.9635855695624], [1089.0751064637616, 1603.267989889088]], '용', 0.153912088345721), ([[-16.581433889714287, 1313.010568032857], [96.97776101247206, 1279.0299034629566], [188.58143388971428, 1619.989431967143], [74.02223898752794, 1653.9700965370434]], '통', 0.018685836041038906)]
[([[1087, 521], [1129, 521], [1129, 565], [1087, 565]], '약', 0.2871532879755847), ([[318, 1036], [444, 1036], [444, 1170], [318, 1170]], '피', 0.05020311686006118), ([[342, 1160], [462, 1160], [462, 1288], [342, 1288]], '편', 0.19163861468099697), ([[750, 1240], [826, 1240], [826, 1338], [750, 1338]], '털', 0.021962755734023176), ([[969, 1134], [1091, 1134], [1091, 1349], [969, 1349]], '좁근', 0.009404720432740642), ([[756, 1332], [832, 1332], [832, 1410], [756, 1410]], '퍽', 0.998053187860851), ([[16, 1348], [120, 1348], [120, 1468], [16, 1468]], '양', 0.6676010592148032), ([[190, 1382], [270, 1382], [270, 1468], [190, 1468]], '저', 0.0071407914238088566), ([[768, 1478], [842, 1478], [842, 1564], [768, 1564]], '표', 0.9795108475835015), ([[912, 1464], [988, 1464], [988, 1574], [912, 1574]], '[', 0.015617084760785938), ([[1035, 1511], [1099, 1511], [1099, 1589], [1035, 1589]], '옷', 0.9581947122351266), ([[1058, 1398], [1162, 1398], [1162, 1540], [1058, 1540]], '8', 0.026402867842737265), ([[1044.0759931346036, 418.05354095759], [1100.0866100281773, 399.0741386180009], [1136.9240068653964, 519.9464590424101], [1080.9133899718227, 538.9258613819991]], '둘', 0.359308922865754), ([[1064.2898965714264, 1187.0168176570953], [1176.3862897520435, 1171.655647027101], [1205.7101034285736, 1427.9831823429047], [1093.6137102479565, 1442.344352972899]], '홍', 0.12960470957266157), ([[70.20498313363683, 1439.0287672441882], [156.74388464205006, 1426.656725480438], [176.79501686636317, 1598.9712327558118], [90.25611535794994, 1610.343274519562]], '및', 0.07116908194773064), ([[299.22782928376586, 1483.0198881050578], [410.3817126653596, 1459.386170267553], [457.77217071623414, 1706.9801118949422], [347.6182873346404, 1730.613829732447]], '숲', 0.9956038735794124), ([[22.077056563362007, 1589.0474486646115], [80.54776313405502, 1555.0166846014977], [156.92294343663798, 1703.9525513353885], [98.45223686594498, 1736.9833153985023]], '홍', 0.144972264953247)]
[]
[([[431, 557], [473, 557], [473, 625], [431, 625]], '약', 0.08505636586684151), ([[762, 762], [836, 762], [836, 852], [762, 852]], '슈', 0.05824981295948306), ([[510, 958], [564, 958], [564, 1052], [510, 1052]], '5', 0.04666808601820094), ([[780.6538892008158, 452.0085618564784], [833.9355971836185, 461.64529550840234], [796.3461107991842, 667.9914381435216], [743.0644028163815, 658.3547044915977]], '%', 0.1269639591731817)]
