2558030
16
[([[1071, 16], [1245, 16], [1245, 571], [1071, 571]], '약', 0.006586674938511783), ([[1037, 563], [1247, 563], [1247, 1133], [1037, 1133]], '밟', 0.05948798100558239), ([[51, 1005], [235, 1005], [235, 1781], [51, 1781]], '물', 0.00750222209917184), ([[774, 1680], [1280, 1680], [1280, 1813], [774, 1813]], '예색질름햇볕', 0.004240611849795305)]
[([[313, 83], [483, 83], [483, 459], [313, 459]], '', 0.0), ([[137, 985], [251, 985], [251, 1149], [137, 1149]], '총', 0.17929987670897507), ([[651, 1029], [821, 1029], [821, 1167], [651, 1167]], '05', 0.29312560541794996), ([[111, 1129], [295, 1129], [295, 1323], [111, 1323]], '%', 0.06879652922589319), ([[687, 1151], [859, 1151], [859, 1313], [687, 1313]], '*', 0.11181331339003364), ([[765, 1289], [853, 1289], [853, 1381], [765, 1381]], '4_', 0.10868255562766259)]
[([[230, 116], [410, 116], [410, 188], [230, 188]], '너진짜', 0.9870106313172351), ([[240, 174], [409, 174], [409, 255], [240, 255]], '발냄새', 0.9850999853426115), ([[252, 246], [408, 246], [408, 322], [252, 322]], '맡느거', 0.6459394737285342), ([[233, 307], [444, 307], [444, 394], [233, 394]], '좋아하늘', 0.5099707841873169), ([[264, 384], [374, 384], [374, 456], [264, 456]], '구나', 0.9029109925352329)]
[]
[([[978, 50], [1102, 50], [1102, 124], [978, 124]], '아하', 0.9731996197358057), ([[982, 121], [1124, 121], [1124, 188], [982, 188]], '엉덩이', 0.9980767124639446), ([[953, 162], [1145, 162], [1145, 238], [953, 238]], '찌걱찌적', 0.38018175959587097), ([[942, 214], [1150, 214], [1150, 290], [942, 290]], "기분 좋아'", 0.23587138641318028), ([[515, 527], [653, 527], [653, 675], [515, 675]], '7', 0.5090810918805033), ([[595, 635], [713, 635], [713, 745], [595, 745]], '8', 0.03165018133755049), ([[249.0861424129282, 203.75505634327078], [323.57794400802555, 178.18353691227327], [339.9138575870718, 232.24494365672922], [264.42205599197445, 257.81646308772673]], '00', 0.999627947896142), ([[171.8739011716143, 193.02758390093223], [445.17172116378595, 250.01344209594697], [398.1260988283857, 442.9724160990678], [124.82827883621405, 385.98655790405303]], '나+"', 0.7058816091974339)]
[([[1025, 75], [1093, 75], [1093, 217], [1025, 217]], '웃', 0.46675882171280136), ([[315, 643], [703, 643], [703, 827], [315, 827]], '7하8', 0.14419556696713193)]
[([[925, 37], [1141, 37], [1141, 171], [925, 171]], '매번', 0.9949513452982818), ([[91, 85], [333, 85], [333, 245], [91, 245]], '많이', 0.9962344045717407), ([[756, 125], [1280, 125], [1280, 307], [756, 307]], '감사하니다{', 0.44690450361417106), ([[49, 237], [399, 237], [399, 401], [49, 401]], '사용해', 0.9857473222822573), ([[509, 193], [717, 193], [717, 397], [509, 397]], '', 0.0), ([[858, 246], [1175, 246], [1175, 393], [858, 393]], '@이나', 0.45882508342954526), ([[22, 386], [439, 386], [439, 563], [22, 563]], '주세움', 0.4895854161828205), ([[707, 321], [1168, 321], [1168, 616], [707, 616]], '영정6령 답', 0.0013767188774963814), ([[1047.9526108696944, 448.03229608904854], [1289.1407437426647, 500.663672476915], [1252.0473891303056, 643.9677039109515], [1011.8592562573355, 592.3363275230851]], '여기;', 0.1748144505842358)]
[([[501, 195], [717, 195], [717, 401], [501, 401]], '=', 0.6168246559335024)]
[]
[([[1149, 123], [1255, 123], [1255, 165], [1149, 165]], '알로라~!', 0.9859888442967135), ([[73, 205], [153, 205], [153, 241], [73, 241]], '우와아 ', 0.6422818303108215), ([[1155, 153], [1224, 153], [1224, 238], [1155, 238]], '튿들늘', 0.07069203259368186), ([[1164, 192], [1192, 192], [1192, 232], [1164, 232]], '발', 0.9982817407831703), ([[1212, 158], [1243, 158], [1243, 226], [1212, 226]], '대', 0.08965165769660999), ([[81, 237], [143, 237], [143, 273], [81, 273]], "마오:'", 0.5315447449684143), ([[1149, 225], [1253, 225], [1253, 269], [1149, 269]], '방송 보러', 0.9997897348034634), ([[57, 265], [181, 265], [181, 307], [57, 307]], "'엄청 냄새나 ", 0.4045472088014311), ([[1163, 259], [1241, 259], [1241, 301], [1163, 301]], '와취서', 0.6492417941292842), ([[73, 303], [153, 303], [153, 339], [73, 339]], '보여서 .', 0.40217166974099877), ([[1161, 293], [1243, 293], [1243, 335], [1161, 335]], '고마워', 0.2333787170927571), ([[71, 335], [125, 335], [125, 371], [71, 371]], '야해:', 0.444280290403539), ([[564, 340], [642, 340], [642, 498], [564, 498]], '8', 0.042915980125744824), ([[91, 563], [177, 563], [177, 657], [91, 657]], '=', 0.9293611337668359), ([[665, 597], [741, 597], [741, 641], [665, 641]], '오늘은', 0.9994245720511207), ([[639, 631], [769, 631], [769, 673], [639, 673]], '가게 일이나', 0.7337451921333987), ([[653, 665], [753, 665], [753, 709], [653, 709]], '시런갈은', 0.8289089798927307), ([[639, 701], [769, 701], [769, 743], [639, 743]], '것들 때문에', 0.9885831177137473), ([[661, 735], [741, 735], [741, 775], [661, 775]], '바빠서', 0.9980631573463276), ([[642, 806], [670, 806], [670, 846], [642, 846]], '땀', 0.9997030717046052), ([[661, 765], [751, 765], [751, 851], [661, 851]], '열핏', 0.3563773052086628), ([[795, 1049], [1015, 1049], [1015, 1141], [795, 1141]], '요락.', 0.3874062373146766), ([[1093, 1173], [1187, 1173], [1187, 1215], [1093, 1215]], '이것 화', 0.9431872292482882), ([[1091, 1209], [1191, 1209], [1191, 1253], [1091, 1253]], '발바닥도', 0.9964194893836975), ([[1091, 1243], [1193, 1243], [1193, 1287], [1091, 1287]], '이렇게나', 0.5994428992271423), ([[1086, 1278], [1188, 1278], [1188, 1320], [1086, 1320]], '모락모락', 0.9150021483528354), ([[558, 1314], [588, 1314], [588, 1348], [558, 1348]], '내', 0.9999821186865034), ([[1129, 1315], [1185, 1315], [1185, 1359], [1129, 1359]], '풀풀', 0.9059617040106172), ([[531, 1345], [615, 1345], [615, 1389], [531, 1389]], '발 활기', 0.8083274577688779), ([[1071, 1309], [1189, 1309], [1189, 1399], [1071, 1399]], '콤0략품', 0.0009640369680710137), ([[521, 1381], [621, 1381], [621, 1425], [521, 1425]], '방송에서', 0.5835795477338336), ([[517, 1415], [623, 1415], [623, 1459], [517, 1459]], '잔뜩 자위', 0.9535832893816086), ([[527, 1449], [609, 1449], [609, 1493], [527, 1493]], '하면서', 0.9921935683616745), ([[20, 1482], [48, 1482], [48, 1522], [20, 1522]], '부', 0.1942980551870912), ([[114, 1618], [382, 1618], [382, 1746], [114, 1746]], '풀 푸움', 0.38192276153116717), ([[44.94300360487353, 645.03106128285], [174.83993997116153, 610.6629015958392], [228.05699639512648, 850.96893871715], [98.16006002883846, 885.3370984041608]], '크', 0.09336239247546985), ([[1115.3247095837755, 600.0114036797539], [1337.2472790679099, 804.5647218578993], [1219.6752904162245, 935.9885963202461], [997.7527209320901, 730.4352781421007]], '벼쇼', 0.002867733919677907), ([[32.497847507813844, 1396.01577537424], [94.65547985117625, 1403.8839992230435], [75.50215249218616, 1570.98422462576], [12.344520148823753, 1564.1160007769565]], '딸', 0.009107149705759099), ([[699.3754762921543, 1493.0121930791513], [805.4703848256303, 1451.0069159285704], [924.6245237078457, 1780.9878069208487], [818.5296151743697, 1822.9930840714296]], '물', 0.8847604996592509)]
[([[518, 22], [590, 22], [590, 106], [518, 106]], '응', 0.603976443935835), ([[1165, 101], [1229, 101], [1229, 189], [1165, 189]], '굶륭', 0.005978157153155739), ([[1168, 176], [1224, 176], [1224, 224], [1168, 224]], '볼계', 0.5321458535956344), ([[55, 127], [144, 127], [144, 316], [55, 316]], '굵', 0.4090221826834437), ([[1153, 327], [1213, 327], [1213, 439], [1153, 439]], '뿐', 0.022763086415822364), ([[241, 531], [301, 531], [301, 625], [241, 625]], '4', 0.286687853169898), ([[726, 860], [806, 860], [806, 1002], [726, 1002]], '품', 0.40557830136345174), ([[676, 1410], [854, 1410], [854, 1584], [676, 1584]], '망', 0.003269909258648132), ([[289, 1604], [379, 1604], [379, 1779], [289, 1779]], '움', 0.6001102918876455), ([[718, 1628], [796, 1628], [796, 1728], [718, 1728]], '붐', 0.17054806619123397), ([[797.0237203470788, 233.06841446425915], [849.0636007041272, 221.31108737282915], [866.9762796529212, 317.93158553574085], [815.9363992958728, 328.68891262717085]], '닭', 0.08147953126445007), ([[204.30722401321688, 859.0240257903232], [280.17993850215436, 850.5190722435768], [295.6927759867831, 1022.9759742096768], [219.82006149784561, 1030.4809277564232]], '올', 0.20201455931909695), ([[1135.3009300182812, 869.0306022084062], [1193.5689290811056, 856.1553545944727], [1220.6990699817188, 998.9693977915938], [1162.4310709188944, 1011.8446454055273]], '응', 0.3114394682698709), ([[-13.861083865849048, 1231.0309342646983], [66.5498804903526, 1192.0126053103133], [155.86108386584905, 1393.9690657353017], [75.4501195096474, 1433.9873946896867]], '푹', 0.01319449142726109), ([[1104.9639391574055, 1567.0538159110922], [1167.6086257045056, 1533.0185384461086], [1239.0360608425945, 1682.9461840889078], [1176.3913742954944, 1716.9814615538914]], '호', 0.39632417179041113)]
[([[898, 102], [974, 102], [974, 292], [898, 292]], '올', 0.9703781514042618), ([[8, 6], [248, 6], [248, 691], [8, 691]], '월', 0.18494486136718535), ([[559, 577], [761, 577], [761, 733], [559, 733]], ':모', 0.016930270448385683), ([[1000, 740], [1280, 740], [1280, 888], [1000, 888]], '9', 0.8400856101457634), ([[1071, 895], [1215, 895], [1215, 1031], [1071, 1031]], '내', 0.2617203070801821), ([[1123, 1025], [1233, 1025], [1233, 1109], [1123, 1109]], '에', 0.9182277289336902), ([[24, 1094], [92, 1094], [92, 1231], [24, 1231]], '양', 0.7612578143127848), ([[247, 1433], [315, 1433], [315, 1523], [247, 1523]], '게', 0.9953516030354912), ([[233, 1555], [293, 1555], [293, 1677], [233, 1677]], '"', 0.10018295179838876), ([[22, 1658], [74, 1658], [74, 1730], [22, 1730]], '1', 0.9921994339702565), ([[693, 1687], [743, 1687], [743, 1727], [693, 1727]], '아', 0.9802052930499485), ([[1061.3787788858697, 85.00877255978287], [1230.197969978455, 104.06311883224637], [1185.6212211141303, 482.99122744021713], [1016.8020300215451, 464.93688116775365]], '#', 0.008203454457182069), ([[214.43002360009672, 149.02033040135413], [277.9633749357631, 140.24466900373574], [298.5699763999033, 304.9796695986459], [234.0366250642369, 313.75533099626426]], '응', 0.2905011829217621), ([[913.401328905286, 421.0199335792905], [978.0845847457543, 412.2447440678317], [998.598671094714, 588.9800664207095], [933.9154152542457, 597.7552559321683]], '올', 0.5615462534706239), ([[383.1623379025173, 793.011696910121], [594.4203849728148, 741.6950745300239], [691.8376620974826, 1210.9883030898789], [480.5796150271853, 1261.304925469976]], '푹', 0.40942345652729273), ([[171.04305733260531, 1307.0382166575664], [341.51854940268, 1351.6350305115766], [310.9569426673947, 1455.9617833424336], [140.48145059732, 1410.3649694884234]], '뒷다', 0.06631293229063809)]
[([[278, 732], [400, 732], [400, 866], [278, 866]], '[', 0.02021039299742733), ([[0, 1094], [307, 1094], [307, 1314], [0, 1314]], '친개 드', 0.006416612304747105), ([[751, 1101], [859, 1101], [859, 1241], [751, 1241]], '뼈', 0.005583234684265526), ([[601.8955064904045, 41.02653500041272], [762.9850969776152, -16.65213018854964], [859.1044935095955, 294.9734649995873], [698.0149030223848, 352.6521301885496]], '곁', 0.28931079442964247), ([[952.0558940650569, 409.02347070764506], [1062.5105682463138, 323.00686123712416], [1287.944105934943, 647.9765292923549], [1177.4894317536862, 732.9931387628758]], '7', 0.00499911541636916)]
[([[65, 181], [147, 181], [147, 225], [65, 225]], '모두들', 0.9975435401665639), ([[1098, 174], [1200, 174], [1200, 222], [1098, 222]], '이것 화,', 0.40135909335057907), ([[49, 219], [163, 219], [163, 263], [49, 263]], '내 발바닥', 0.9966823501343473), ([[1094, 209], [1207, 209], [1207, 261], [1094, 261]], '내 침으로', 0.983536076294296), ([[65, 257], [147, 257], [147, 299], [65, 299]], '보지로', 0.9915080610536201), ([[1096, 250], [1204, 250], [1204, 298], [1096, 298]], '발바닥이', 0.9934310913085938), ([[48, 292], [164, 292], [164, 340], [48, 340]], '잔뜩 사정', 0.9995621904191744), ([[1106, 286], [1196, 286], [1196, 334], [1106, 334]], '훨씬 더', 0.9942567191813433), ([[43, 329], [167, 329], [167, 377], [43, 377]], '햇율까나?', 0.2533504589300615), ([[1097, 327], [1201, 327], [1201, 369], [1097, 369]], '꾸리꾸리', 0.9927768111228943), ([[1094, 362], [1200, 362], [1200, 410], [1094, 410]], '해끗어"', 0.057312291115522385), ([[1046, 1042], [1158, 1042], [1158, 1090], [1046, 1090]], '지금부터', 0.9995807409286499), ([[1046, 1080], [1162, 1080], [1162, 1128], [1046, 1128]], '더 격렬히', 0.6414281054792367), ([[1060, 1118], [1146, 1118], [1146, 1166], [1060, 1166]], '발바닥', 0.9964496553879154), ([[1047, 1159], [1159, 1159], [1159, 1203], [1047, 1203]], '빨테니깐', 0.6896864175796509), ([[1032, 1190], [1171, 1190], [1171, 1245], [1032, 1245]], '여러분들도', 0.9810818359430499), ([[1060, 1234], [1145, 1234], [1145, 1277], [1060, 1277]], '잔~똑', 0.8291852813996845), ([[1034, 1272], [1144, 1272], [1144, 1320], [1034, 1320]], '사정해쥐', 0.9522007703781128), ([[489, 1300], [685, 1300], [685, 1530], [489, 1530]], '{', 0.8068429679099154), ([[187.8852488522683, 628.0230222248928], [668.8985233177839, 698.3667510221269], [622.1147511477317, 923.9769777751072], [142.10147668221606, 853.6332489778731]], '간닦뇨', 0.0002612138574468691), ([[407.49844320300394, 947.0096789578014], [502.2668157061294, 932.1991583653869], [542.501556796996, 1231.9903210421985], [446.7331842938706, 1245.800841634613]], '초', 0.4018455157813925), ([[-57.7321097396145, 1485.0134041085241], [65.48295092052985, 1414.0058318900647], [261.7321097396145, 1797.9865958914759], [137.51704907947015, 1867.9941681099353]], '@', 0.6052739791483788), ([[564.7936773549478, 1449.0291212474203], [820.5852563390039, 1490.3874384528958], [778.2063226450522, 1705.9708787525797], [522.4147436609961, 1664.6125615471042]], '@요', 0.023442070264939815)]
[]
[]
