2560197
19
[([[179, 119], [439, 119], [439, 187], [179, 187]], '방송촌나[고 혜변', 0.04746508890779351), ([[1047, 139], [1223, 139], [1223, 207], [1047, 207]], '오물당중3', 0.03750181466848427), ([[170, 190], [436, 190], [436, 242], [170, 242]], '자위해버리니깐', 0.23601287882272143), ([[1023, 205], [1250, 205], [1250, 267], [1023, 267]], '짓_폐요', 0.001627846504561603), ([[0, 347], [327, 347], [327, 415], [0, 415]], '방송하습젯만으로되', 0.0689794433491875), ([[10, 418], [318, 418], [318, 474], [10, 474]], ' 기 신작해버리계', 0.04269477441456273), ([[36, 482], [284, 482], [284, 536], [36, 536]], '도비린 폐코네 .', 0.05093192196525691), ([[914, 714], [978, 714], [978, 816], [914, 816]], '봉', 0.09825193548250866), ([[1074, 794], [1172, 794], [1172, 1027], [1074, 1027]], '@', 0.6450801747134314), ([[855, 1319], [989, 1319], [989, 1531], [855, 1531]], '쇼', 0.2910835941784775), ([[320.26190718873653, 764.0547781645348], [356.93556053944997, 755.0883071678876], [375.73809281126347, 840.9452218354652], [339.06443946055003, 848.9116928321124]], '3', 0.9775568659270597), ([[314.44793277839256, 1004.0138622900117], [395.49488619022424, 994.2866651831548], [420.55206722160744, 1224.9861377099883], [339.50511380977576, 1234.7133348168452]], '한', 0.09417211344248244)]
[]
[]
[]
[]
[]
[]
[]
[]
[]
[]
[([[937, 119], [1231, 119], [1231, 181], [937, 181]], '@)짓6버리고문', 0.00884490860111281), ([[953, 179], [1215, 179], [1215, 247], [953, 247]], '음 0당송속문기', 0.0017315251416489762), ([[60, 252], [310, 252], [310, 308], [60, 308]], '모문도 폐코라의', 0.21072843382830855), ([[850, 238], [924, 238], [924, 324], [850, 324]], '잎', 0.4827478122094), ([[974, 246], [1197, 246], [1197, 309], [974, 309]], '잃어랜:면', 0.03189465173626741), ([[91, 315], [277, 315], [277, 375], [91, 375]], '야합 소리로', 0.6855841081466659), ([[947, 313], [1223, 313], [1223, 375], [947, 375]], '어동제되흉편권', 0.03066419675196378), ([[71, 379], [295, 379], [295, 439], [71, 439]], '자운하버리는', 0.043144931730976145), ([[1031, 389], [1139, 389], [1139, 433], [1031, 433]], '면나', 0.1561403669674865), ([[113, 441], [237, 441], [237, 507], [113, 507]], '겪쳐다나-', 0.01104685702945035), ([[933, 631], [999, 631], [999, 695], [933, 695]], '5', 0.7101952352795458), ([[971, 701], [1275, 701], [1275, 763], [971, 763]], '떼-코라 몇만명의', 0.5674699816307587), ([[264, 700], [360, 700], [360, 816], [264, 816]], '8', 0.7999978483627643), ([[1060, 768], [1186, 768], [1186, 824], [1060, 824]], '반찬이', 0.9014217183865543), ([[1024, 834], [1218, 834], [1218, 888], [1024, 888]], '되는건국나', 0.08541519929289622), ([[914, 1540], [1002, 1540], [1002, 1618], [914, 1618]], '네', 0.23663013920259246), ([[50.44515163630365, 771.0140023988122], [129.21474678682333, 753.0672789185902], [178.55484836369635, 990.9859976011878], [100.78525321317669, 1008.9327210814098]], '법', 0.16575896471113438), ([[387.5176948604781, 1067.019416269929], [431.67180520473187, 1058.0377288080049], [459.4823051395219, 1202.980583730071], [414.32819479526813, 1211.9622711919951]], '9', 0.5007875115654912), ([[923.4748195407873, 1600.0172570199672], [984.4697792956058, 1623.1620624825746], [929.5251804592127, 1767.9827429800328], [869.5302207043942, 1745.8379375174254]], '~', 0.039789481125407145)]
[([[951, 145], [1211, 145], [1211, 211], [951, 211]], '잠네더- 입', 0.003381098126154173), ([[25, 227], [357, 227], [357, 287], [25, 287]], '모문가 폐-코로만으로', 0.1378802962159201), ([[1021, 209], [1139, 209], [1139, 275], [1021, 275]], '이안공', 0.07318533360274944), ([[113, 291], [273, 291], [273, 353], [113, 353]], '자원하-길', 0.29477326907981244), ([[957, 275], [1203, 275], [1203, 339], [957, 339]], '화젊의면&움', 0.00879881068436484), ([[95, 355], [291, 355], [291, 417], [95, 417]], '원하문 폐콩', 0.3304962961209195), ([[1011, 339], [1145, 339], [1145, 399], [1011, 399]], '폐코육', 0.3139894280441122), ([[111, 717], [255, 717], [255, 761], [111, 761]], '폐고라도', 0.9239898920059204), ([[442, 666], [472, 666], [472, 744], [442, 744]], '3', 0.34253795827852684), ([[456, 752], [490, 752], [490, 784], [456, 784]], '9', 0.15883778204359178), ([[23, 773], [347, 773], [347, 837], [23, 837]], '소유사기틀 생생각하면', 0.3963426918440509), ([[424, 774], [480, 774], [480, 824], [424, 824]], '0', 0.9045063881808488), ([[23, 839], [249, 839], [249, 901], [23, 901]], '자위 할 까', 0.4728789371907355), ([[1016, 694], [1138, 694], [1138, 990], [1016, 990]], '도', 0.02629477154450144), ([[285, 1663], [349, 1663], [349, 1729], [285, 1729]], '@', 0.7820478322964988), ([[974, 1684], [1052, 1684], [1052, 1736], [974, 1736]], '0', 0.6991170036517502), ([[962.5116231869935, 488.00917677402555], [1055.6124045781319, 525.2621107326805], [955.4883768130065, 779.9908232259745], [862.3875954218682, 743.7378892673195]], '{', 0.6733562410702234), ([[238.52888649687492, 838.0079289571853], [336.4009815603765, 812.0057435428588], [424.4711135031251, 1162.9920710428146], [327.5990184396235, 1188.994256457141]], '"', 0.034923713883126206), ([[132.2162886660929, 1366.0153609853692], [263.790342627311, 1316.0156221379934], [379.7837113339071, 1660.9846390146308], [248.209657372689, 1709.9843778620066]], '숲', 0.031505369976347675), ([[1016.4881839254798, 1329.0077063259293], [1143.123603401936, 1355.655667984734], [1071.5118160745203, 1694.9922936740707], [944.876396598064, 1667.344332015266]], '주', 0.02758341212401505)]
[([[1036, 208], [1204, 208], [1204, 264], [1036, 264]], '9090', 0.7433633804321289), ([[1023, 271], [1215, 271], [1215, 331], [1023, 331]], '55입!', 0.005956630688160658), ([[85, 219], [339, 219], [339, 579], [85, 579]], '(육', 0.21733141591228564), ([[61, 827], [223, 827], [223, 1039], [61, 1039]], '월', 0.1464580553416619), ([[258, 1542], [362, 1542], [362, 1642], [258, 1642]], '터', 0.022747720288421647), ([[887, 1256], [1037, 1256], [1037, 1620], [887, 1620]], '5', 0.21841976095587157), ([[280, 1622], [353, 1622], [353, 1749], [280, 1749]], '승', 0.20173234575918375), ([[913.4614309951199, 119.01319230044584], [997.2475367554142, 137.9463662273235], [950.5385690048801, 344.98680769955416], [866.7524632445858, 327.0536337726765]], '#', 0.04439719239175943), ([[1097.6297174967308, 641.0040330999448], [1222.483799606241, 657.2850280730091], [1158.3702825032692, 1133.9959669000552], [1032.516200393759, 1117.7149719269908]], '{', 0.117060139243784)]
[([[290, 96], [401, 96], [401, 391], [290, 391]], '@', 0.306071267322082), ([[1021, 223], [1235, 223], [1235, 285], [1021, 285]], '아짐 조꼼만', 0.01390817398443751), ([[1076, 296], [1146, 296], [1146, 344], [1076, 344]], '꼬(', 0.0031160136200996634), ([[94, 328], [298, 328], [298, 400], [94, 400]], '불물끊안게', 0.022539861218960705), ([[33, 399], [357, 399], [357, 461], [33, 461]], '편여 가라안질양는', 0.07543933275684446), ([[127, 473], [205, 473], [205, 511], [127, 511]], '폐고', 0.8085931961975119), ([[868, 552], [944, 552], [944, 752], [868, 752]], '5', 0.015790589704574254), ([[342, 766], [398, 766], [398, 854], [342, 854]], '8', 0.0918508521473349), ([[112, 1278], [238, 1278], [238, 1478], [112, 1478]], '("', 0.40927824912093425), ([[1028, 1356], [1180, 1356], [1180, 1590], [1028, 1590]], '!', 0.00973343535154303), ([[223, 1689], [301, 1689], [301, 1749], [223, 1749]], '0', 0.4932771314776261), ([[1152.5926765771776, 672.0063828119642], [1251.8650491844244, 707.6491062546954], [1143.4073234228224, 1016.9936171880358], [1043.1349508155756, 982.3508937453046]], '?', 0.793586124788451), ([[121.73486127803237, 1512.0471411256337], [229.64347792751593, 1447.0121827135797], [352.2651387219676, 1679.9528588743663], [243.35652207248407, 1744.9878172864203]], '국', 0.08113001564460376)]
[([[987, 101], [1257, 101], [1257, 169], [987, 169]], '집율등정당6', 0.078916610300004), ([[167, 189], [353, 189], [353, 249], [167, 249]], '도망 못료게', 0.08861194920287259), ([[983, 169], [1259, 169], [1259, 235], [983, 235]], '옆-집치3 2문문', 0.0007126506830361119), ([[175, 253], [349, 253], [349, 315], [175, 315]], '광안 힘예', 0.4103521583292445), ([[1050, 240], [1156, 240], [1156, 292], [1050, 292]], '폐화(', 0.05536914249056345), ([[205, 319], [319, 319], [319, 381], [205, 381]], '둘러선', 0.31537425967030225), ([[67, 687], [455, 687], [455, 779], [67, 779]], '역들로씨받이 교미 3', 0.029274977590451768), ([[103, 779], [311, 779], [311, 841], [103, 841]], '당하논거네 (', 0.24010133789088947), ([[823, 1145], [909, 1145], [909, 1323], [823, 1323]], '#', 0.12298690923222466), ([[1036.4671926365513, 591.0118343224055], [1128.0115459054048, 582.3840372220104], [1150.5328073634487, 839.9881656775945], [1058.9884540945952, 848.6159627779896]], '국', 0.007777373029809687), ([[929.4176078067985, 713.0212269531401], [989.1326042184608, 722.1500669803596], [967.5823921932015, 865.9787730468599], [907.8673957815392, 856.8499330196404]], '놓', 0.13456454865394463), ([[404.3069948509526, 736.0401557181925], [449.2080086047575, 749.7230076476235], [424.6930051490474, 833.9598442818075], [379.7919913952425, 820.2769923523765]], '8', 0.07801406940876632), ([[79.52038353981354, 826.0095884953386], [171.68921025460824, 848.0373464293069], [110.47961646018646, 1099.9904115046616], [17.310789745391773, 1077.9626535706932]], '@', 0.0031314027257002414)]
[([[1027, 142], [1204, 142], [1204, 202], [1027, 202]], '앗)굶 엇', 0.07636426748695843), ([[103, 175], [245, 175], [245, 289], [103, 289]], '안왜', 0.23564164433436002), ([[830, 69], [988, 69], [988, 346], [830, 346]], '행', 0.9635171198220291), ([[1054, 208], [1172, 208], [1172, 260], [1054, 260]], '그만뒤 .', 0.9751979181137437), ([[68, 290], [282, 290], [282, 342], [68, 342]], '적어도 밖에 옷', 0.7722932889682125), ([[1008, 266], [1216, 266], [1216, 322], [1008, 322]], '이렇제 억치로', 0.4558828203762174), ([[62, 346], [288, 346], [288, 396], [62, 396]], "'아기 생겨버리논", 0.35132598189390124), ([[1084, 324], [1142, 324], [1142, 380], [1084, 380]], '"옷', 0.5592663147918789), ([[138, 400], [210, 400], [210, 454], [138, 454]], '폐끗', 0.2758018192000077), ([[315, 337], [425, 337], [425, 599], [315, 599]], '8', 0.014646883753503204), ([[179, 801], [305, 801], [305, 841], [179, 841]], '폐-코라', 0.45217981774748695), ([[188, 852], [292, 852], [292, 908], [188, 908]], '아이돌', 0.9967289591061735), ([[155, 911], [325, 911], [325, 971], [155, 971]], '할 수 없제', 0.875402111308044), ([[172, 976], [308, 976], [308, 1026], [172, 1026]], '돼버리는', 0.6546884179115295), ([[180, 1034], [302, 1034], [302, 1088], [180, 1088]], '폐고 옷', 0.581019998538079), ([[40, 1282], [282, 1282], [282, 1562], [40, 1562]], '태', 0.01282046203689019), ([[903, 1458], [1053, 1458], [1053, 1759], [903, 1759]], '좀', 0.4856852426829761), ([[1095.4980931469388, 618.0050387175564], [1279.6173761888606, 677.4782797639242], [1120.5019068530612, 1165.9949612824435], [936.3826238111394, 1106.5217202360757]], '#', 0.9443394591908181)]
[([[735, 215], [779, 215], [779, 261], [735, 261]], '사', 0.00832664451917342), ([[735, 44], [821, 44], [821, 219], [735, 219]], '털', 0.04052587561596965), ([[1030, 112], [1208, 112], [1208, 286], [1030, 286]], '건로', 0.2877730902263565), ([[217, 271], [301, 271], [301, 365], [217, 365]], '으', 0.5218017522384457), ([[977, 291], [1139, 291], [1139, 399], [977, 399]], '다', 0.9982100397594564), ([[122, 734], [342, 734], [342, 1174], [122, 1174]], '"', 0.0699139819574981), ([[1084, 850], [1230, 850], [1230, 1050], [1084, 1050]], '혜', 0.02502239686653085), ([[108, 1418], [230, 1418], [230, 1550], [108, 1550]], '제', 0.2700013530548553), ([[937, 1336], [1094, 1336], [1094, 1688], [937, 1688]], '8', 0.034184119989062234), ([[123, 1534], [245, 1534], [245, 1718], [123, 1718]], '때', 0.18732847631417826)]
[([[1008, 200], [1216, 200], [1216, 254], [1008, 254]], '아직 문록:0', 0.030134853293526973), ([[137, 139], [229, 139], [229, 383], [137, 383]], '망', 0.008443183289661926), ([[1002, 256], [1222, 256], [1222, 308], [1002, 308]], '깊앞으로 &면만', 0.01369714526622726), ([[1080, 318], [1144, 318], [1144, 350], [1080, 350]], '디0', 0.2159569932132732), ([[400, 1224], [450, 1224], [450, 1304], [400, 1304]], '(', 0.9974898374782839), ([[1016, 1198], [1176, 1198], [1176, 1547], [1016, 1547]], '빛', 0.39428850639160373), ([[1158.6504366813926, 748.0087336278551], [1216.5520957482443, 754.4818095078624], [1195.3495633186074, 961.9912663721449], [1137.4479042517557, 956.5181904921376]], '표', 0.0971015432930935), ([[341.2229487538726, 1028.0232441896717], [436.4010611728613, 1017.7676387989591], [454.7770512461274, 1220.9767558103283], [359.5989388271387, 1231.232361201041]], '명', 0.0627773942014267)]
