2562989
22
[([[141, 99], [205, 99], [205, 139], [141, 139]], '좋아,', 0.813388798652067), ([[87, 137], [265, 137], [265, 179], [87, 179]], '실험 성공이야!', 0.5217673679661132), ([[826, 248], [906, 248], [906, 302], [826, 302]], '후후', 0.9981789615062421), ([[1135, 349], [1221, 349], [1221, 385], [1135, 385]], '게다가', 0.9999059849380576), ([[121, 363], [289, 363], [289, 405], [121, 405]], '텅비드의 독이', 0.9720941184063757), ([[1123, 387], [1235, 387], [1235, 425], [1123, 425]], '이렇게나', 0.5993853807449341), ([[134, 402], [275, 402], [275, 443], [134, 443]], '가슴 크기틀', 0.6345209109348866), ([[106, 437], [301, 437], [301, 481], [106, 481]], '키워주는 호늘이', 0.47894204584450095), ([[1093, 423], [1263, 423], [1263, 463], [1093, 463]], '효과가 좋다니', 0.9583221896600593), ([[125, 479], [285, 479], [285, 519], [125, 519]], '있을 줄 이야!', 0.4983298787630511), ([[65, 779], [155, 779], [155, 817], [65, 817]], '이정도', 0.9986677258064651), ([[69, 819], [151, 819], [151, 855], [69, 855]], '크기면', 0.9995165852368575), ([[59, 905], [203, 905], [203, 945], [59, 945]], '새로운 옷도', 0.9415999517249939), ([[57, 943], [207, 943], [207, 985], [57, 985]], '입을수 있어', 0.32734660809254457), ([[700, 1722], [782, 1722], [782, 1770], [700, 1770]], '뛰야,', 0.8395368620810365), ([[669, 1772], [817, 1772], [817, 1822], [669, 1822]], '나한테 월', 0.287422614243746), ([[66, 1824], [140, 1824], [140, 1912], [66, 1912]], '스', 0.9788871729612787), ([[642, 1822], [852, 1822], [852, 1874], [642, 1874]], '집어넣논거야', 0.7989208897680049), ([[63, 1935], [127, 1935], [127, 2037], [63, 2037]], '흙', 0.08157820782547365)]
[([[333, 129], [453, 129], [453, 171], [333, 171]], '그만해에', 0.9984509348869324), ([[114, 154], [198, 154], [198, 208], [114, 208]], '안에', 0.9955804813578123), ([[345, 171], [439, 171], [439, 211], [345, 211]], '에에에', 0.9964978792463696), ([[1094, 160], [1236, 160], [1236, 216], [1094, 216]], '엄마한데', 0.37875673174858093), ([[94, 210], [216, 210], [216, 264], [94, 264]], '싫어~!', 0.7659140825271606), ([[1093, 212], [1233, 212], [1233, 260], [1093, 260]], '질내사정', 0.9929606914520264), ([[1096, 262], [1234, 262], [1234, 310], [1096, 310]], '당하면서', 0.999862551689148), ([[1070, 312], [1258, 312], [1258, 360], [1070, 360]], '가버리다니!', 0.5362226853757677), ([[1173, 509], [1259, 509], [1259, 553], [1173, 553]], '아파!', 0.8542959098473515), ([[0, 958], [376, 958], [376, 1322], [0, 1322]], '심)', 0.0218026979350866), ([[1097, 651], [1353, 651], [1353, 1163], [1097, 1163]], '평', 0.8096794111908281), ([[990, 1190], [1070, 1190], [1070, 1282], [990, 1282]], '뿐름', 0.0971629620153794), ([[89, 1425], [181, 1425], [181, 1463], [89, 1463]], '질 안에', 0.5779203772544861), ([[75, 1457], [191, 1457], [191, 1543], [75, 1543]], '평교', 0.03123992083278629), ([[498, 1401], [572, 1401], [572, 1580], [498, 1580]], '즉', 0.12355441115036925), ([[79, 1537], [191, 1537], [191, 1577], [79, 1577]], '가득이야', 0.9933688640594482), ([[668, 1740], [724, 1740], [724, 1772], [668, 1772]], '나는', 0.9822141009328443), ([[611, 1773], [779, 1773], [779, 1813], [611, 1813]], '엄마의 아이름', 0.6833507000696264), ([[607, 1811], [785, 1811], [785, 1851], [607, 1851]], '낭제되논걸까?', 0.27282706083274694), ([[975, 1973], [1261, 1973], [1261, 2033], [975, 2033]], '어서낳고싶어 . <', 0.22458547776253918), ([[997.831587524326, 720.0684939567712], [1101.788534316657, 739.2290813709577], [1083.168412475674, 824.9315060432288], [979.211465683343, 805.7709186290423]], '부로릇', 0.5200720318137293)]
[([[687, 105], [849, 105], [849, 149], [687, 149]], '남동생이 곧', 0.9341232403331439), ([[81, 127], [255, 127], [255, 187], [81, 187]], '3개월 후', 0.9610821640282835), ([[669, 149], [869, 149], [869, 193], [669, 193]], '나올 것 같구나', 0.5660485336620535), ([[963, 177], [1097, 177], [1097, 219], [963, 219]], '너도 이제', 0.9997679010771933), ([[941, 221], [1119, 221], [1119, 265], [941, 265]], '느껴지니..?', 0.8591809463025631), ([[552, 532], [680, 532], [680, 586], [552, 586]], '아아', 0.9999316384961238), ([[719, 1007], [767, 1007], [767, 1043], [719, 1043]], '네,', 0.9971069188960301), ([[890, 1004], [982, 1004], [982, 1056], [890, 1056]], "헤헤'", 0.3736345702387066), ([[681, 1043], [808, 1043], [808, 1091], [681, 1091]], '느껴져요', 0.6294465661048889), ([[552, 1186], [676, 1186], [676, 1230], [552, 1230]], '남동생이', 0.9985374808311462), ([[553, 1233], [679, 1233], [679, 1275], [553, 1275]], '건강하게', 0.9994757175445557), ([[508, 1274], [724, 1274], [724, 1322], [508, 1322]], '자라고있나보요', 0.4359341857446019), ([[1105, 1831], [1229, 1831], [1229, 1875], [1105, 1875]], '남동생이', 0.9984134435653687), ([[1060, 1871], [1275, 1871], [1275, 1920], [1060, 1920]], '2명이나 생겨서', 0.9758385478086155), ([[1070, 1918], [1264, 1918], [1264, 1966], [1070, 1966]], '기분이 좋아요', 0.9965237523045077), ([[16, 1958], [466, 1958], [466, 2058], [16, 2058]], '리요물튼`야꾸', 0.0019004867991739142)]
[]
[]
[]
[]
[]
[([[738.1969598663178, 134.11659097064663], [906.8354021888465, 119.13467093639832], [909.8030401336822, 238.88340902935337], [742.1645978111535, 253.86532906360168]], '시', 0.6241886560451491)]
[]
[]
[([[91, 89], [217, 89], [217, 129], [91, 129]], '독때문에', 0.9913977384567261), ([[77, 129], [233, 129], [233, 171], [77, 171]], '움직일 수가', 0.9981132991956393), ([[107, 171], [201, 171], [201, 213], [107, 213]], '없어!', 0.3512926370707913), ([[687, 181], [779, 181], [779, 221], [687, 221]], '원가가', 0.96626085936393), ([[682, 221], [782, 221], [782, 263], [682, 263]], '몸 안을', 0.783024251461029), ([[637, 263], [831, 263], [831, 305], [637, 305]], '마구 돌아다녀!', 0.8400250655870154), ([[1041, 321], [1141, 321], [1141, 361], [1041, 361]], '이느낌', 0.9989074749326498), ([[1015, 361], [1197, 361], [1197, 405], [1015, 405]], '나에게 원가지', 0.22458988022621237), ([[1011, 403], [1203, 403], [1203, 447], [1011, 447]], '심으려느거야?', 0.44903963373805816), ([[205, 970], [294, 970], [294, 1213], [205, 1213]], '푹', 0.9481384429892756), ([[648, 946], [825, 946], [825, 1229], [648, 1229]], '꼭 {', 0.1028179329653726), ([[62, 1146], [116, 1146], [116, 1248], [62, 1248]], '푹', 0.4069712327160211), ([[565, 1333], [699, 1333], [699, 1377], [565, 1377]], '이런 기분', 0.9995519004691142), ([[553, 1377], [713, 1377], [713, 1421], [553, 1421]], '처음이야]]', 0.29977635567429867), ([[872, 1328], [996, 1328], [996, 1428], [872, 1428]], '품틀', 0.30150180461142156), ([[1200, 1446], [1324, 1446], [1324, 1546], [1200, 1546]], '품들', 0.45477465391952504), ([[615, 1561], [743, 1561], [743, 1605], [615, 1605]], '원가가 .', 0.5651211522185495), ([[633, 1607], [729, 1607], [729, 1651], [633, 1651]], '몸에서', 0.9321960210800171), ([[599, 1651], [765, 1651], [765, 1695], [599, 1695]], '나오려고해!', 0.844219922590962), ([[825, 1918], [1256, 1918], [1256, 2027], [825, 2027]], '나, 나외버려~', 0.37931777371669273), ([[105.12649295349733, 1894.2553746325905], [225.79873761250394, 1880.0789488524974], [230.87350704650265, 1943.7446253674095], [109.20126238749604, 1958.9210511475026]], '8405', 0.3734521058001958), ([[444.6076433315133, 1914.4975796624806], [558.8892028869175, 1893.522113410337], [566.3923566684867, 1948.5024203375194], [452.11079711308247, 1969.477886589663]], '하아', 0.6245884363577298)]
[]
[([[36, 0], [240, 0], [240, 138], [36, 138]], '(0', 0.384392436165522)]
[]
[([[859, 117], [987, 117], [987, 161], [859, 161]], '드들어와', 0.9690418243408203), ([[95, 97], [131, 97], [131, 245], [95, 245]], '하', 0.055100574853750084), ([[1079, 171], [1227, 171], [1227, 213], [1079, 213]], '텅비드에게', 0.9615836532392372), ([[1065, 209], [1240, 209], [1240, 257], [1065, 257]], '질내사정으로', 0.7931110925974105), ([[1095, 253], [1207, 253], [1207, 295], [1095, 295]], '가버럿~', 0.6565946936607361), ([[119, 474], [332, 474], [332, 606], [119, 606]], '나양!', 0.04332249353669748), ([[1061, 437], [1327, 437], [1327, 671], [1061, 671]], "')'", 0.7162051796913147), ([[180, 1040], [212, 1040], [212, 1078], [180, 1078]], '희', 0.7899814834327437), ([[188, 1088], [220, 1088], [220, 1122], [188, 1122]], '9', 0.3360405414988499), ([[0, 1229], [309, 1229], [309, 1463], [0, 1463]], "'벼", 0.03611769925262912), ([[1082, 1536], [1162, 1536], [1162, 1626], [1082, 1626]], '붐름', 0.31248808638977127), ([[124, 1632], [198, 1632], [198, 1680], [124, 1680]], '몸이', 0.9848589896862912), ([[108, 1682], [214, 1682], [214, 1730], [108, 1730]], '뜨거워', 0.4996883239302598), ([[695, 1735], [781, 1735], [781, 1845], [695, 1845]], '마', 0.40899077235998504), ([[1165, 1721], [1225, 1721], [1225, 1803], [1165, 1803]], '주', 0.9993040580842525), ([[684, 1838], [794, 1838], [794, 1890], [684, 1890]], '태어난', 0.9131289124488831), ([[1162, 1804], [1214, 1804], [1214, 1886], [1162, 1886]], '특', 0.39536287348795796), ([[667, 1890], [811, 1890], [811, 1938], [667, 1938]], '기분이야', 0.9997090697288513), ([[1069.6915060305273, 708.0259519692856], [1308.9993368531125, 657.6682140094041], [1369.3084939694727, 1025.9740480307144], [1130.0006631468875, 1075.331785990596]], '승', 0.427537463068294), ([[1276.618507052044, 1491.0243550059424], [1302.3720440378622, 1495.3321365930456], [1289.381492947956, 1574.9756449940576], [1263.6279559621378, 1570.6678634069544]], '못', 0.02772566473532212), ([[800.8038311742151, 1501.0717987459852], [900.2404192419937, 1514.3347117711294], [886.1961688257849, 1603.9282012540148], [787.7595807580063, 1591.6652882288706]], '#로릇', 0.09310803743203701)]
[([[114, 134], [229, 134], [229, 178], [114, 178]], '아름다워', 0.4978678524494171), ([[1114, 162], [1236, 162], [1236, 218], [1114, 218]], '엄마과}', 0.3955630958080292), ([[791, 197], [931, 197], [931, 239], [791, 239]], '이아름다운', 0.9984594091910576), ([[790, 235], [933, 235], [933, 278], [790, 278]], '물건올 나만', 0.981754999604383), ([[1053, 211], [1299, 211], [1299, 271], [1053, 271]], '원리적움원해', 0.22856554980781638), ([[799, 277], [923, 277], [923, 315], [799, 315]], '볼수 없어', 0.9896373576869009), ([[105, 341], [215, 341], [215, 379], [105, 379]], '이렇게나', 0.7719823718070984), ([[101, 379], [219, 379], [219, 417], [101, 417]], '근 자지가', 0.4951815005415925), ([[120, 420], [202, 420], [202, 452], [120, 452]], '나에게', 0.9509051520780367), ([[837, 415], [895, 415], [895, 455], [837, 455]], '분명', 0.999652221921401), ([[1014, 398], [1110, 398], [1110, 472], [1014, 472]], '움질', 0.24385202951778953), ([[103, 455], [215, 455], [215, 495], [103, 495]], '생기다니', 0.9996529817581177), ([[813, 453], [921, 453], [921, 493], [813, 493]], '컬리에도', 0.2933318614959717), ([[799, 491], [937, 491], [937, 533], [799, 533]], '좋아할꺼야', 0.6815884314476716), ([[1293, 571], [1345, 571], [1345, 615], [1293, 615]], '질', 0.17025586125331316), ([[286, 720], [388, 720], [388, 816], [286, 816]], '불곧', 0.1957218680530871), ([[592, 768], [692, 768], [692, 864], [592, 864]], "불끈'", 0.627529888250922), ([[1033, 883], [1081, 883], [1081, 925], [1033, 925]], '움질', 0.10156289511564627), ([[1203, 1052], [1301, 1052], [1301, 1131], [1203, 1131]], '움질', 0.5011586840025054), ([[1079, 1213], [1247, 1213], [1247, 1273], [1079, 1273]], '기분좁', 0.00792290207854106), ([[1059, 1265], [1249, 1265], [1249, 1325], [1059, 1325]], '만들어출', 0.1633719801902771), ([[577, 1493], [719, 1493], [719, 1529], [577, 1529]], '어서 여기로', 0.9883621568005382), ([[591, 1529], [705, 1529], [705, 1569], [591, 1569]], '우리 딸올', 0.38991221235928386), ([[576, 1569], [720, 1569], [720, 1607], [576, 1607]], '불러보야지!', 0.3982387338597956), ([[697, 1713], [781, 1713], [781, 1817], [697, 1817]], '뚜', 0.30532364224180597), ([[1193, 1889], [1279, 1889], [1279, 1993], [1193, 1993]], '뚜', 0.810019590973102)]
[([[86, 108], [368, 108], [368, 156], [86, 156]], '갑자기 야근하시더니', 0.7628752213315095), ([[84, 152], [365, 152], [365, 200], [84, 200]], '아식올 챙겨달라는건', 0.42088030609177246), ([[119, 199], [335, 199], [335, 241], [119, 241]], '도대체 뛰야 .?', 0.6903727835688817), ([[1131, 187], [1227, 187], [1227, 229], [1131, 229]], '이것만', 0.9969755943830012), ([[1097, 231], [1261, 231], [1261, 275], [1097, 275]], '빨리 드리고', 0.9987711903194072), ([[1127, 277], [1231, 277], [1231, 319], [1127, 319]], '집가서', 0.999562970773456), ([[109, 297], [339, 297], [339, 341], [109, 341]], '요새엄마가 많이', 0.873640983059293), ([[1117, 321], [1243, 321], [1243, 365], [1117, 365]], '씻어야지', 0.9917864203453064), ([[113, 341], [335, 341], [335, 385], [113, 385]], '바쁘신건 알지만', 0.9194536459280238), ([[78, 382], [370, 382], [370, 430], [78, 430]], '아밤에 이런 심부름은', 0.9245496435050763), ([[159, 429], [263, 429], [263, 473], [159, 473]], '곤란해.', 0.8267525645152732), ([[162, 666], [260, 666], [260, 708], [162, 708]], '게다가', 0.9999754293314397), ([[148, 708], [274, 708], [274, 756], [148, 756]], '연구실은', 0.9996581673622131), ([[151, 755], [275, 755], [275, 797], [151, 797]], '냄새나서', 0.9997853636741638), ([[162, 796], [262, 796], [262, 844], [162, 844]], '싫은데', 0.8225640395084537), ([[558, 1054], [692, 1054], [692, 1150], [558, 1150]], '테험', 0.04638500466163352), ([[994, 1146], [1128, 1146], [1128, 1242], [994, 1242]], '테올', 0.06170195679630497), ([[415, 1667], [541, 1667], [541, 1711], [415, 1711]], '텅비드가', 0.9898121356964111), ([[384, 1708], [568, 1708], [568, 1758], [384, 1758]], '왜여기있지?', 0.9350688378704386), ([[693, 1807], [769, 1807], [769, 1851], [693, 1851]], '잠깐.', 0.9962588268095128), ([[643, 1851], [833, 1851], [833, 1893], [643, 1893]], '다시보니 저건', 0.900264307361306), ([[658, 1894], [798, 1894], [798, 1942], [658, 1942]], '텅비드가.', 0.9611520626464234)]
[([[501, 257], [597, 257], [597, 297], [501, 297]], '우리 딸.', 0.5543509233967877), ([[509, 297], [615, 297], [615, 335], [509, 335]], '옷니. ?', 0.21867482991584938), ([[1083, 415], [1181, 415], [1181, 475], [1083, 475]], '하아', 0.9593588084698607), ([[733, 441], [833, 441], [833, 503], [733, 503]], '하야', 0.34943453292211896), ([[227, 751], [417, 751], [417, 791], [227, 791]], '내 모습 어떠니?', 0.9683759334335983), ([[227, 789], [413, 789], [413, 829], [227, 829]], '아름답지 않니?', 0.976588491048652), ([[301, 943], [441, 943], [441, 983], [301, 983]], '기분도 매우', 0.9947450588954536), ([[28, 936], [202, 936], [202, 1062], [28, 1062]], '통몽', 0.034479640325430605), ([[303, 981], [441, 981], [441, 1021], [303, 1021]], '좋아져다다', 0.26564046742462566), ([[1070, 1205], [1187, 1205], [1187, 1248], [1070, 1248]], '우리 딸도', 0.7169162614056485), ([[1073, 1243], [1183, 1243], [1183, 1285], [1073, 1285]], '기분중게', 0.8757346272468567), ([[1077, 1283], [1179, 1283], [1179, 1323], [1077, 1323]], '해출께~', 0.5410216450691223), ([[568, 1374], [680, 1374], [680, 1424], [568, 1424]], '싫어~', 0.9606299151952556), ([[1049, 1417], [1113, 1417], [1113, 1459], [1049, 1459]], '자~', 0.9999430179363306), ([[1012, 1464], [1150, 1464], [1150, 1512], [1012, 1512]], '이리오럼', 0.9602644443511963), ([[635, 1579], [755, 1579], [755, 1645], [635, 1645]], '팬약', 0.026633332226447447), ([[73, 1653], [161, 1653], [161, 1691], [73, 1691]], '엄마]!!', 0.3050460960056528), ([[51, 1689], [181, 1689], [181, 1731], [51, 1731]], '정신차려]', 0.3912131266064908), ([[121, 1853], [257, 1853], [257, 1893], [121, 1893]], '제정신으로', 0.9624037087840387), ([[123, 1891], [261, 1891], [261, 1931], [123, 1931]], '돌아외야해', 0.8086429940131683), ([[783, 1903], [841, 1903], [841, 1939], [783, 1939]], '이거', 0.9998716231131011), ([[782, 1944], [842, 1944], [842, 1974], [782, 1974]], '놔~', 0.9751736037680294), ([[747.8711994204448, 139.16279623289137], [903.8199847426347, 113.02162840667766], [916.1288005795552, 231.83720376710863], [760.1800152573653, 258.9783715933223]], '사', 0.2562826896109982)]
[([[542, 92], [643, 92], [643, 140], [542, 140]], '거기능', 0.47420763725879583), ([[529, 139], [657, 139], [657, 181], [529, 181]], '안돼에에', 0.974155604839325), ([[1165, 183], [1231, 183], [1231, 225], [1165, 225]], '이거', 0.9998450717002342), ([[1135, 227], [1261, 227], [1261, 271], [1135, 271]], '놓아주요', 0.9064639210700989), ([[129, 713], [237, 713], [237, 753], [129, 753]], '걱정마련', 0.4636412560939789), ([[129, 791], [239, 791], [239, 831], [129, 831]], '텅비드는', 0.995857298374176), ([[117, 829], [251, 829], [251, 869], [117, 869]], '도와주려는', 0.5928392510211677), ([[143, 869], [229, 869], [229, 905], [143, 905]], '거란다', 0.9187970161437988), ([[105, 1011], [271, 1011], [271, 1051], [105, 1051]], '넣으려는 것은', 0.4112300876133822), ([[109, 1049], [249, 1049], [249, 1089], [109, 1089]], '이거 린다  .', 0.13622317782975585), ([[1235, 1191], [1251, 1191], [1251, 1213], [1235, 1213]], '5', 0.6575084036311161), ([[1266, 1182], [1342, 1182], [1342, 1236], [1266, 1236]], '협립', 0.011300424225810426), ([[677, 1225], [753, 1225], [753, 1261], [677, 1261]], '어때~', 0.9945367574691772), ([[625, 1261], [801, 1261], [801, 1301], [625, 1301]], '아름답지않니?', 0.9936594365905407), ([[751, 1417], [809, 1417], [809, 1457], [751, 1457]], '분명', 0.9998637841030555), ([[673, 1457], [891, 1457], [891, 1495], [673, 1495]], '기분 좋아질꺼란다', 0.7986086939039402), ([[838, 1708], [916, 1708], [916, 1762], [838, 1762]], '털럽', 0.27155954295357954), ([[1240, 1904], [1320, 1904], [1320, 2018], [1240, 2018]], '우', 0.023295266835196893)]
[([[1079, 111], [1159, 111], [1159, 151], [1079, 151]], '빼죄', 0.5763694885399133), ([[105, 131], [163, 131], [163, 169], [105, 169]], '싫어', 0.9765392135202315), ([[77, 167], [189, 167], [189, 207], [77, 207]], '어어어어', 0.9996346235275269), ([[79, 207], [191, 207], [191, 247], [79, 247]], '어어어~!', 0.7821435511850917), ([[530, 294], [661, 294], [661, 350], [530, 350]], '아아미 ', 0.08785468339920044), ([[1171, 289], [1257, 289], [1257, 327], [1171, 327]], '이런게', 0.9670162191035911), ([[1129, 325], [1299, 325], [1299, 367], [1129, 367]], '다 들어갈리가', 0.8874934397004467), ([[1171, 367], [1257, 367], [1257, 405], [1171, 405]], '없어진', 0.24238091559093478), ([[103, 600], [249, 600], [249, 641], [103, 641]], '엄마 자지가', 0.997381188152643), ([[106, 635], [245, 635], [245, 679], [106, 679]], '들어외아아', 0.6556279458720501), ([[152, 856], [356, 856], [356, 904], [152, 904]], '너 . 너무 커', 0.6435130203060876), ([[189, 907], [271, 907], [271, 951], [189, 951]], '아앗', 0.8321406062438754), ([[89, 1117], [145, 1117], [145, 1153], [89, 1153]], '자~', 0.9998878069327183), ([[671, 1139], [735, 1139], [735, 1175], [671, 1175]], '이제', 0.9998991862268245), ([[57, 1155], [181, 1155], [181, 1197], [57, 1197]], '시작이야', 0.9998854398727417), ([[669, 1177], [733, 1177], [733, 1219], [669, 1219]], '전부', 0.9999549031699311), ([[651, 1219], [753, 1219], [753, 1261], [651, 1261]], '들어가!', 0.3754834234714508), ([[231, 1327], [321, 1327], [321, 1371], [231, 1371]], '8400', 0.5099424719810486), ([[513, 1323], [605, 1323], [605, 1367], [513, 1367]], '8404', 0.12412775307893753), ([[706, 1828], [910, 1828], [910, 1878], [706, 1878]], '엄마의 사랑을', 0.6684300812062112), ([[688, 1876], [928, 1876], [928, 1924], [688, 1924]], '전부 받아주럼에!', 0.10781124608465055), ([[1005, 1897], [1075, 1897], [1075, 1939], [1005, 1939]], '아앗.', 0.9236222395684829), ([[943.2635137157511, 1076.1081097260087], [1115.1188911844267, 1064.492928892452], [1116.736486284249, 1183.8918902739913], [943.8811088155733, 1195.507071107548]], '하', 0.20357362160613324)]
[([[63, 103], [193, 103], [193, 147], [63, 147]], '저 . 전부', 0.755505616677148), ([[67, 147], [193, 147], [193, 191], [67, 191]], '들어건어', 0.18644289672374725), ([[533, 247], [599, 247], [599, 291], [533, 291]], '분명', 0.9998693472696205), ([[517, 291], [615, 291], [615, 335], [517, 335]], '아프데', 0.8523623513017211), ([[669, 342], [724, 342], [724, 497], [669, 497]], '주', 0.013441958546198729), ([[399, 655], [437, 655], [437, 697], [399, 697]], '아', 0.9999879598979966), ([[1172, 614], [1222, 614], [1222, 712], [1172, 712]], '푹', 0.9943542522155759), ([[397, 699], [439, 699], [439, 743], [397, 743]], '아', 0.9999791384831305), ([[797, 809], [916, 809], [916, 865], [797, 865]], '하아', 0.340603132057317), ([[1292, 670], [1377, 670], [1377, 907], [1292, 907]], '푹', 0.9409908296093228), ([[143, 1101], [335, 1101], [335, 1145], [143, 1145]], '허리가 저절로', 0.9975189725575996), ([[177, 1145], [301, 1145], [301, 1189], [177, 1189]], '흔들려서', 0.9974426627159119), ([[136, 1188], [314, 1188], [314, 1236], [136, 1236]], '멈출 수없어.', 0.8521691197446186), ([[1018, 1206], [1048, 1206], [1048, 1244], [1018, 1244]], '희', 0.34467405631676584), ([[1185, 1163], [1227, 1163], [1227, 1253], [1185, 1253]], '푹', 0.39860686249611277), ([[123, 1355], [239, 1355], [239, 1397], [123, 1397]], '우리 딸의', 0.6073890841839782), ([[83, 1393], [277, 1393], [277, 1433], [83, 1433]], '안쪽은 따뜻하고', 0.5535090270412198), ([[101, 1433], [259, 1433], [259, 1473], [101, 1473]], '기분 종구나~', 0.9954883194953541), ([[675, 1419], [797, 1419], [797, 1461], [675, 1461]], '선물.. .?', 0.37183813044649444), ([[711, 1589], [785, 1589], [785, 1631], [711, 1631]], '설마.', 0.9420598082653285), ([[81, 1623], [223, 1623], [223, 1663], [81, 1663]], '엄마도 딸을', 0.5853017325614632), ([[695, 1633], [829, 1633], [829, 1677], [695, 1677]], '딸올 임신', 0.6900407996758757), ([[81, 1661], [223, 1661], [223, 1701], [81, 1701]], '위해 선물올', 0.882130613231583), ([[661, 1677], [863, 1677], [863, 1721], [661, 1721]], '시키려느거야?', 0.8608414978217603), ([[89, 1699], [215, 1699], [215, 1741], [89, 1741]], '넣어줄께~', 0.3303523023545681), ([[710, 1904], [912, 1904], [912, 1958], [710, 1958]], '아  안돼]!', 0.26058661782220105), ([[413.3516732326157, 967.2308563141551], [527.1808119775451, 957.9735850824242], [528.6483267673842, 1013.7691436858449], [415.8191880224549, 1023.0264149175758]], '당*이다', 0.009758735075592995), ([[568.0440559000835, 1091.3277621102425], [681.0470708522594, 1076.755454452119], [684.9559440999165, 1131.6722378897575], [572.9529291477406, 1146.244545547881]], '하아', 0.414699246185808)]
