2563611
16
[([[114, 34], [162, 34], [162, 86], [114, 86]], '7', 0.7242868454612825), ([[1149, 35], [1217, 35], [1217, 109], [1149, 109]], '속', 0.9819687670054158), ([[136, 90], [186, 90], [186, 142], [136, 142]], '7', 0.5518420708065186), ([[451, 109], [553, 109], [553, 129], [451, 129]], '이 년이 자기가', 0.8698531576944442), ([[666, 72], [796, 72], [796, 146], [666, 146]], '스음', 0.06567900441568161), ([[463, 131], [539, 131], [539, 151], [463, 151]], '여신이라고', 0.9725742488786847), ([[444, 152], [558, 152], [558, 176], [444, 176]], '지걸이던 소문의', 0.31818017215649563), ([[466, 174], [538, 174], [538, 198], [466, 198]], '여자인가?', 0.9998225224430439), ([[341, 185], [391, 185], [391, 223], [341, 223]], '름0', 0.09125774426407021), ([[518, 296], [568, 296], [568, 320], [518, 320]], '끌리게', 0.6976917010919721), ([[510, 318], [576, 318], [576, 342], [510, 342]], '생겨논데', 0.22662416100502014), ([[500, 340], [584, 340], [584, 364], [500, 364]], '한번 데리고', 0.9994749978322527), ([[501, 365], [581, 365], [581, 385], [501, 385]], '놀아불까요', 0.9687436672445258), ([[522, 386], [564, 386], [564, 410], [522, 410]], '형님?', 0.999793526309748), ([[902, 408], [944, 408], [944, 432], [902, 432]], '줄지', 0.7087581513688083), ([[890, 432], [958, 432], [958, 456], [890, 456]], '아지트로', 0.9994753003120422), ([[890, 456], [958, 456], [958, 480], [890, 480]], '데려가서', 0.9991464018821716), ([[102, 508], [136, 508], [136, 532], [102, 532]], '불올', 0.9463940488362446), ([[922, 508], [958, 508], [958, 532], [922, 532]], '전부', 0.9998789563968591), ([[78, 530], [158, 530], [158, 554], [78, 554]], '자유자재로', 0.9999049441439906), ([[904, 532], [978, 532], [978, 556], [904, 556]], '벗긴 다음', 0.5591771859646073), ([[94, 552], [142, 552], [142, 576], [94, 576]], '다루는', 0.9384075786165241), ([[900, 556], [984, 556], [984, 580], [900, 580]], '묶어놓거라', 0.7737918253804819), ([[94, 574], [144, 574], [144, 600], [94, 600]], '능력올', 0.9712268520372772), ([[83, 599], [153, 599], [153, 619], [83, 619]], '가진 여신', 0.9826979442305834), ([[78, 620], [162, 620], [162, 644], [78, 644]], '품리트 비체', 0.6591061176211018), ([[138, 682], [190, 682], [190, 706], [138, 706]], '봉인이', 0.8719903140539857), ([[138, 704], [188, 704], [188, 728], [138, 728]], '풀리고', 0.9985689794846897), ([[146, 726], [180, 726], [180, 750], [146, 750]], '힘올', 0.5742234689966712), ([[128, 748], [198, 748], [198, 772], [128, 772]], '회복 중인', 0.999835891887733), ([[868, 750], [928, 750], [928, 776], [868, 776]], '그렇게', 0.5792829303866102), ([[130, 770], [196, 770], [196, 794], [130, 794]], '상태이다', 0.999916136264801), ([[848, 778], [950, 778], [950, 806], [848, 806]], '하켓습니다;', 0.6035726454122824), ([[874, 804], [924, 804], [924, 834], [874, 834]], '형님!', 0.6379635334014893), ([[67, 917], [295, 917], [295, 955], [67, 955]], '강도단의 비밀아지트', 0.9081279604691032), ([[84, 1228], [120, 1228], [120, 1252], [84, 1252]], '감히', 0.999969991575738), ([[403, 1225], [439, 1225], [439, 1245], [403, 1245]], '내가', 0.9996944490225572), ([[75, 1253], [125, 1253], [125, 1273], [75, 1273]], '나에게', 0.9396750804231107), ([[378, 1244], [464, 1244], [464, 1268], [378, 1268]], "'신이라 것올", 0.5894017826631216), ([[69, 1275], [135, 1275], [135, 1295], [69, 1295]], '이런 짓율', 0.7089211682620783), ([[396, 1268], [446, 1268], [446, 1292], [396, 1292]], '알고도', 0.999274407868424), ([[77, 1297], [127, 1297], [127, 1317], [77, 1317]], '하고도', 0.9999665508744591), ([[386, 1290], [454, 1290], [454, 1314], [386, 1314]], '이런 짓율', 0.8698169881185391), ([[671, 1291], [725, 1291], [725, 1311], [671, 1311]], '니 년이', 0.9537787024736821), ([[68, 1318], [136, 1318], [136, 1342], [68, 1342]], '무사활 줄', 0.9022110399959938), ([[376, 1312], [466, 1312], [466, 1336], [376, 1336]], '하는 것이나!', 0.2955424119099006), ([[538, 1302], [618, 1302], [618, 1330], [538, 1330]], '그렇다면', 0.9990979433059692), ([[679, 1313], [715, 1313], [715, 1333], [679, 1333]], '진짜', 0.9986983321190382), ([[74, 1340], [130, 1340], [130, 1364], [74, 1364]], '아느내!', 0.43069207668304443), ([[556, 1330], [600, 1330], [600, 1358], [556, 1358]], '한번', 0.9999735318817311), ([[664, 1334], [728, 1334], [728, 1358], [664, 1358]], '신이라면', 0.9952398538589478), ([[373, 1355], [437, 1355], [437, 1391], [373, 1391]], '당장', 0.999629886440427), ([[556, 1358], [600, 1358], [600, 1386], [556, 1386]], '나름', 0.3538610009576362), ([[714, 1372], [782, 1372], [782, 1396], [714, 1396]], '인간 몇명', 0.9184850782955607), ([[356, 1388], [450, 1388], [450, 1438], [356, 1438]], '풀"!', 0.029482687710862557), ([[536, 1386], [618, 1386], [618, 1414], [536, 1414]], '만족시켜', 0.9982178211212158), ([[708, 1394], [788, 1394], [788, 1418], [708, 1418]], '만족시키논', 0.5459266183702862), ([[544, 1414], [612, 1414], [612, 1440], [544, 1440]], '보시지!', 0.7107533812522888), ([[715, 1419], [781, 1419], [781, 1439], [715, 1439]], '일 따위는', 0.703370721696449), ([[720, 1438], [778, 1438], [778, 1462], [720, 1462]], '쉽잖아?', 0.4052058756351471), ([[822, 1484], [950, 1484], [950, 1536], [822, 1536]], '이것운?', 0.9523552656173706)]
[]
[]
[]
[([[103.73725830020305, 361.1608081014213], [205.97399214550228, 303.1222370905252], [281.26274169979695, 462.8391918985787], [179.02600785449772, 519.8777629094749]], '~', 0.799255065615867)]
[([[364, 390], [562, 390], [562, 596], [364, 596]], ' ', 0.5251140311011113)]
[]
[([[327, 265], [423, 265], [423, 329], [327, 329]], '4)', 0.07009550201940443)]
[([[687, 75], [747, 75], [747, 95], [687, 95]], '나 . 나는', 0.4078045796222946), ([[670, 94], [764, 94], [764, 118], [670, 118]], '신이 맞는데 ..', 0.43558481569247776), ([[1054, 94], [1138, 94], [1138, 118], [1054, 118]], '일단 무사히', 0.9091423552438501), ([[1022, 116], [1168, 116], [1168, 142], [1022, 142]], '나갈러면 이 녀석들올', 0.7334077418109511), ([[1032, 140], [1160, 140], [1160, 164], [1032, 164]], '만족시키고 동시에', 0.9690930849329306), ([[662, 158], [744, 158], [744, 182], [662, 182]], '사실 아직은', 0.9990952609220863), ([[1038, 162], [1152, 162], [1152, 186], [1038, 186]], '여신이라는 것올', 0.5631660238716256), ([[648, 180], [760, 180], [760, 206], [648, 206]], '힘이 안돌아와서', 0.7794185390327896), ([[1056, 184], [1136, 184], [1136, 208], [1056, 208]], '증명해야해', 0.9966356630646555), ([[660, 202], [744, 202], [744, 228], [660, 228]], '이 녀석들올', 0.8879746831296677), ([[644, 226], [762, 226], [762, 250], [644, 250]], '흔내줄 수가 없어', 0.9093735480809987), ([[1054, 254], [1100, 254], [1100, 278], [1054, 278]], '일단..', 0.484029084444046), ([[1034, 276], [1122, 276], [1122, 300], [1034, 300]], '한번 해보자!', 0.9968526965205067), ([[144, 356], [250, 356], [250, 386], [144, 386]], '만약 우리흘', 0.41908446260752097), ([[138, 384], [256, 384], [256, 414], [138, 414]], '만족시키다면', 0.7924551415806693), ([[142, 460], [210, 460], [210, 490], [142, 490]], '니 년올', 0.8552671074867249), ([[136, 488], [216, 488], [216, 516], [136, 516]], '여신으로', 0.9990719556808472), ([[400, 490], [438, 490], [438, 514], [400, 514]], '설마', 0.9996097424904951), ([[136, 516], [216, 516], [216, 546], [136, 546]], '인정하고', 0.9999746084213257), ([[382, 512], [454, 512], [454, 536], [382, 536]], '못하켓나?', 0.9026935676629806), ([[136, 544], [216, 544], [216, 574], [136, 574]], '신도들도', 0.9748251438140869), ([[136, 572], [216, 572], [216, 598], [136, 598]], '모아주지', 0.992021663356841), ([[384, 580], [444, 580], [444, 604], [384, 604]], '그렇다면', 0.9994841814041138), ([[1110, 542], [1231, 542], [1231, 615], [1110, 615]], '쓸음', 0.0826427503628509), ([[379, 603], [451, 603], [451, 623], [379, 623]], '여신이라고', 0.536546613934112), ([[382, 622], [446, 622], [446, 646], [382, 646]], '부릎 수는', 0.762277793323195), ([[387, 643], [441, 643], [441, 663], [387, 663]], '없젯네 ~', 0.4040613214120031), ([[67, 791], [129, 791], [129, 811], [67, 811]], '켜객  ', 0.15399214413139675), ([[54, 812], [142, 812], [142, 836], [54, 836]], '이게 뛰야 ?', 0.5836657155797991), ([[54, 854], [143, 854], [143, 880], [54, 880]], '숨올 실 수가', 0.4437538357898598), ([[70, 878], [128, 878], [128, 902], [70, 902]], '없어뇨', 0.04963734800632775), ([[622, 948], [716, 948], [716, 976], [622, 976]], '요으응', 0.1844430078110015), ([[1116, 948], [1242, 948], [1242, 980], [1116, 980]], '맨래로아직은', 0.04024682469820727), ([[626, 976], [712, 976], [712, 1008], [626, 1008]], '이렇계나', 0.13653452694416046), ([[1136, 978], [1222, 978], [1222, 1008], [1136, 1008]], '머립만해', 0.1378379762172699), ([[46, 982], [138, 982], [138, 1054], [46, 1054]], '품육', 0.12175859180018277), ([[615, 1004], [723, 1004], [723, 1036], [615, 1036]], '많이따다내', 0.12196692401279126), ([[1116, 1032], [1242, 1032], [1242, 1064], [1116, 1064]], '나머지 녀설로', 0.40658492938489194), ([[636, 1060], [702, 1060], [702, 1090], [636, 1090]], '몸유명', 0.0675927040071155), ([[1130, 1062], [1230, 1062], [1230, 1090], [1130, 1090]], '만족시키면', 0.9954506756149643), ([[626, 1090], [710, 1090], [710, 1120], [626, 1120]], '안쪽까지', 0.7369094491004944), ([[1126, 1088], [1234, 1088], [1234, 1120], [1126, 1120]], '바로 여기센', 0.5158119742781913), ([[430, 1118], [524, 1118], [524, 1146], [430, 1146]], '목구멍까지', 0.9792398190995836), ([[603, 1113], [732, 1113], [732, 1149], [603, 1149]], '젠문한 액체로', 0.15395158105114304), ([[1110, 1116], [1246, 1116], [1246, 1148], [1110, 1148]], '탈출할 수 있어', 0.5923578994379004), ([[63, 1099], [147, 1099], [147, 1239], [63, 1239]], '푹', 0.7465844126213348), ([[397, 1143], [558, 1143], [558, 1174], [397, 1174]], '비집고 들어오지마!', 0.8903394921540989), ([[624, 1141], [714, 1141], [714, 1178], [624, 1178]], '범먹이야', 0.3616064488887787), ([[410, 1196], [544, 1196], [544, 1228], [410, 1228]], '분탁이야아아야', 0.5173620559858438), ([[35, 1637], [171, 1637], [171, 1771], [35, 1771]], '폐', 0.08716297086124403), ([[431, 1635], [563, 1635], [563, 1771], [431, 1771]], '영', 0.9383551927411169), ([[682, 1605], [865, 1605], [865, 1727], [682, 1727]], '홍권', 0.12234313145350822), ([[1064.7821690518404, 1639.0464145791077], [1237.0020289877123, 1666.2577016185592], [1210.2178309481596, 1801.9535854208923], [1038.9979710122877, 1775.7422983814408]], '흥권', 0.5655808553590862)]
[([[89, 67], [129, 67], [129, 87], [89, 87]], '형님!', 0.5423160312223513), ([[604, 64], [656, 64], [656, 88], [604, 88]], '확실히', 0.9999229846455916), ([[74, 88], [142, 88], [142, 112], [74, 112]], '엄청 기분', 0.9893742725782104), ([[580, 86], [680, 86], [680, 110], [580, 110]], '저 정도크기의', 0.9920767733491863), ([[66, 110], [152, 110], [152, 134], [66, 134]], '중앞습니다!', 0.4020687343433366), ([[605, 111], [653, 111], [653, 131], [605, 131]], '자지도', 0.9999578789034177), ([[1128, 104], [1226, 104], [1226, 128], [1128, 128]], '이딴 냄새나고', 0.9658063764806915), ([[588, 132], [670, 132], [670, 156], [588, 156]], '삼길 정도면', 0.9975793641131444), ([[1128, 126], [1226, 126], [1226, 150], [1128, 150]], '역겨운 우유릎', 0.4834311669064603), ([[595, 155], [663, 155], [663, 175], [595, 175]], '나도 즐길', 0.7857339954054338), ([[1146, 148], [1210, 148], [1210, 172], [1146, 172]], '삼키라니', 0.9986235499382019), ([[68, 182], [118, 182], [118, 206], [68, 206]], '형님도', 0.9975191840008338), ([[594, 176], [664, 176], [664, 200], [594, 200]], '수 있켓군', 0.08672606560561655), ([[75, 207], [111, 207], [111, 225], [75, 225]], '어서', 0.9998758376420713), ([[60, 226], [126, 226], [126, 250], [60, 250]], '씨보십쇼', 0.22040832042694092), ([[1140, 214], [1190, 214], [1190, 242], [1140, 242]], '싫어 .', 0.5433986186981201), ([[590, 244], [670, 244], [670, 268], [590, 268]], '자지밀크는', 0.92502921749259), ([[588, 266], [672, 266], [672, 290], [588, 290]], '전부 삼켜서', 0.9830509435798659), ([[590, 290], [670, 290], [670, 314], [590, 314]], '청소하라고', 0.9999784619185637), ([[600, 312], [660, 312], [660, 336], [600, 336]], '여신님~', 0.8845504397601739), ([[715, 337], [783, 337], [783, 381], [715, 381]], '물낌', 0.014229618767446583), ([[783, 417], [849, 417], [849, 459], [783, 459]], '꿀거', 0.17093258432619937), ([[79, 459], [141, 459], [141, 607], [79, 607]], '즉', 0.6498529635963592), ([[106, 704], [182, 704], [182, 734], [106, 734]], '자~그럼', 0.9996494054794312), ([[89, 728], [199, 728], [199, 793], [89, 793]], '본일자로로', 0.0023687706686039275), ([[545, 689], [661, 689], [661, 823], [545, 823]], '솜', 0.11484115081117352), ([[90, 788], [198, 788], [198, 818], [90, 818]], '넘어가불까?', 0.9545729733876422), ([[96, 870], [168, 870], [168, 902], [96, 902]], '인간의', 0.9999788705966753), ([[737, 873], [839, 873], [839, 909], [737, 909]], '자 잠깐!', 0.981788555413592), ([[96, 904], [166, 904], [166, 934], [96, 934]], '쾌락을', 0.2785353210643848), ([[734, 908], [846, 908], [846, 940], [734, 940]], '멈추거라]', 0.1812584590568204), ([[85, 936], [177, 936], [177, 966], [85, 966]], '보여주지', 0.6108598452695808), ([[684, 1034], [752, 1034], [752, 1064], [684, 1064]], '입으로', 0.9997815510109774), ([[668, 1066], [768, 1066], [768, 1098], [668, 1098]], '하는 것만', 0.7159178368262825), ([[648, 1098], [790, 1098], [790, 1130], [648, 1130]], '허락햇느니라!', 0.7494270352839397), ([[760, 1122], [919, 1122], [919, 1186], [760, 1186]], '안델다@', 0.0861772745847702), ([[101, 1181], [185, 1181], [185, 1223], [101, 1223]], '허락?', 0.9999514093442825), ([[285, 1177], [417, 1177], [417, 1219], [285, 1219]], '그냥 나름', 0.6874339455931088), ([[91, 1227], [195, 1227], [195, 1269], [91, 1269]], '니 년의', 0.692185181365598), ([[275, 1221], [431, 1221], [431, 1263], [275, 1263]], '만족시켜라', 0.9993112873913598), ([[65, 1271], [219, 1271], [219, 1313], [65, 1313]], '허락따위논', 0.7017316904516663), ([[81, 1315], [207, 1315], [207, 1357], [81, 1357]], '필요없지', 0.9998670220375061), ([[34, 1382], [146, 1382], [146, 1454], [34, 1454]], '물론', 0.03284078091547305), ([[269, 1697], [421, 1697], [421, 1787], [269, 1787]], '불끈', 0.9517606803143945)]
[([[76, 86], [156, 86], [156, 112], [76, 112]], '아 안돼!', 0.35857837568539574), ([[66, 114], [168, 114], [168, 142], [66, 142]], '치우거라]', 0.4282189639314227), ([[104, 188], [210, 188], [210, 218], [104, 218]], '수컷 자지가', 0.9990950806418966), ([[106, 216], [212, 216], [212, 246], [106, 246]], '들어오다니!', 0.8856211431119134), ([[1080, 306], [1238, 306], [1238, 354], [1080, 354]], '이약 사화', 0.00802057693791638), ([[680, 370], [772, 370], [772, 402], [680, 402]], '인간이랑', 0.9436686038970947), ([[668, 400], [783, 400], [783, 437], [668, 437]], '셋스라니', 0.2989335358142853), ([[1095, 413], [1209, 413], [1209, 453], [1095, 453]], '싫다구]', 0.061012089252471924), ([[137, 599], [157, 599], [157, 621], [137, 621]], '극', 0.9974869800504536), ([[290, 608], [380, 608], [380, 638], [290, 638]], '내게 힘이', 0.9204124107640138), ([[762, 600], [794, 600], [794, 650], [762, 650]], '욕', 0.9247549293561406), ([[136, 654], [180, 654], [180, 680], [136, 680]], '내가', 0.9997526912508043), ([[270, 636], [412, 636], [412, 666], [270, 666]], '작은 힘만이라도', 0.978204140548033), ([[1092, 610], [1270, 610], [1270, 708], [1092, 708]], '떠력', 0.032945318377798335), ([[284, 664], [400, 664], [400, 694], [284, 694]], '남아있없다면', 0.827731522104664), ([[126, 682], [188, 682], [188, 708], [126, 708]], '어째서', 0.9998316546878526), ([[298, 692], [384, 692], [384, 722], [298, 722]], '이런 일은', 0.9998781848598287), ([[118, 710], [198, 710], [198, 740], [118, 740]], '인간들의', 0.9995967745780945), ([[288, 720], [396, 720], [396, 750], [288, 750]], '없엎올렌데!', 0.0901421671933418), ([[852, 684], [970, 684], [970, 756], [852, 756]], '제력', 0.08940393527405009), ([[100, 738], [218, 738], [218, 766], [100, 766]], '성처리도구가', 0.9999410638863971), ([[118, 766], [198, 766], [198, 794], [118, 794]], '되야하는', 0.9101899266242981), ([[122, 794], [192, 794], [192, 822], [122, 822]], '것이나?', 0.7659037709236145), ([[1160, 808], [1244, 808], [1244, 860], [1160, 860]], "'언", 0.06662057426596657), ([[812, 956], [976, 956], [976, 1058], [812, 1058]], '체력', 0.29885747308012683), ([[1139, 985], [1211, 985], [1211, 1025], [1139, 1025]], '찌력', 0.2666541252365083), ([[1081, 1077], [1206, 1077], [1206, 1146], [1081, 1146]], '@제력', 0.21863636374473572), ([[728, 1252], [784, 1252], [784, 1278], [728, 1278]], '호오~', 0.7646023631095886), ([[700, 1280], [814, 1280], [814, 1310], [700, 1310]], '이년 조임이', 0.9912852497802137), ([[1144, 1232], [1242, 1232], [1242, 1372], [1144, 1372]], '주', 0.9896843815573817), ([[700, 1308], [814, 1308], [814, 1336], [700, 1336]], '장난 아니데?', 0.7547298846361626), ([[41, 1333], [157, 1333], [157, 1401], [41, 1401]], '찌적', 0.5592818148231999), ([[680, 1418], [752, 1418], [752, 1450], [680, 1450]], '안쪽도', 0.991481731028995), ([[326, 1464], [424, 1464], [424, 1520], [326, 1520]], "'찌격@", 0.14840926229953766), ([[642, 1448], [792, 1448], [792, 1520], [642, 1520]], '어떤여지보다', 0.21753158251941404), ([[1147, 1409], [1239, 1409], [1239, 1543], [1147, 1543]], '우', 0.994625299529023), ([[652, 1516], [782, 1516], [782, 1548], [652, 1548]], '기분 종구만!', 0.8576811658021994), ([[343, 1523], [529, 1523], [529, 1631], [343, 1631]], "'찌적", 0.7166730489244364), ([[1149, 1583], [1239, 1583], [1239, 1719], [1149, 1719]], '육', 0.9081540325766788), ([[726.3315670795698, 831.0562457694622], [758.0619249023556, 826.1435358809192], [767.6684329204302, 897.9437542305378], [736.9380750976444, 902.8564641190808]], '흙', 0.9964816577258375)]
[([[432, 56], [514, 56], [514, 84], [432, 84]], '이렇게나', 0.7651661038398743), ([[724, 46], [780, 46], [780, 74], [724, 74]], '그런', 0.9995492270715093), ([[432, 84], [510, 84], [510, 110], [432, 110]], '잘조이논', 0.5969663858413696), ([[730, 72], [774, 72], [774, 100], [730, 100]], '나는', 0.9928623287370717), ([[710, 98], [792, 98], [792, 126], [710, 126]], '이런 일올', 0.3728556577736112), ([[410, 112], [534, 112], [534, 142], [410, 142]], '여자틀 얻다니', 0.45229380238503625), ([[710, 124], [794, 124], [794, 152], [710, 152]], '하는 신이', 0.37878184685383226), ([[434, 140], [508, 140], [508, 166], [434, 166]], '턱키~0', 0.53911954164505), ([[711, 148], [791, 148], [791, 179], [711, 179]], '아니데외', 0.08937539160251617), ([[494, 194], [578, 194], [578, 220], [494, 220]], '이 정도면', 0.9969166070605557), ([[496, 222], [574, 222], [574, 248], [496, 248]], '여신으로', 0.9065126674779794), ([[476, 250], [598, 250], [598, 280], [476, 280]], '인정해줄 수도', 0.9537186136096146), ([[502, 278], [572, 278], [572, 308], [502, 308]], '있을 것', 0.45405338531646494), ([[724, 268], [794, 268], [794, 300], [724, 300]], '싫어', 0.9962802100087375), ([[500, 306], [572, 306], [572, 334], [500, 334]], '같은데?', 0.8236978650093079), ([[634, 386], [716, 386], [716, 416], [634, 416]], '우리들의', 0.9997376799583435), ([[642, 416], [704, 416], [704, 444], [642, 444]], '부엌을', 0.05043970072387017), ([[615, 444], [733, 444], [733, 472], [615, 472]], '텅령비워주는', 0.43226928421451155), ([[632, 472], [712, 472], [712, 498], [632, 498]], '여자라면', 0.9998950362205505), ([[970, 444], [1048, 444], [1048, 516], [970, 516]], '"름', 0.126683802688553), ([[1083, 475], [1161, 475], [1161, 543], [1083, 543]], '흙', 0.20555992685462687), ([[618, 556], [708, 556], [708, 586], [618, 586]], '우리들의', 0.574109283185927), ([[608, 586], [714, 586], [714, 618], [608, 618]], '여신님으로', 0.9392813312373844), ([[598, 616], [726, 616], [726, 648], [598, 648]], '불러도 쫓지~', 0.4602178123416928), ([[1136, 614], [1198, 614], [1198, 644], [1136, 644]], '그런데', 0.4395903539159081), ([[1142, 644], [1188, 644], [1188, 668], [1142, 668]], '왜뇨', 0.09287411630728638), ([[1110, 668], [1222, 668], [1222, 698], [1110, 698]], '미분이 종지?', 0.19817450420104166), ([[1090, 718], [1188, 718], [1188, 770], [1090, 770]], '하아', 0.515924437220341), ([[1142, 800], [1220, 800], [1220, 828], [1142, 828]], '그대들의', 0.0748552680015564), ([[1148, 826], [1212, 826], [1212, 856], [1148, 856]], '마음이', 0.9755942760567093), ([[1130, 848], [1229, 848], [1229, 884], [1130, 884]], '잔지밀크클', 0.06211761912835532), ([[1158, 878], [1202, 878], [1202, 908], [1158, 908]], '통해', 0.996587812863864), ([[808, 896], [910, 896], [910, 950], [808, 950]], '=*0을', 0.0025692309718579054), ([[1140, 904], [1220, 904], [1220, 932], [1140, 932]], '전해지늄', 0.7710818648338318), ([[1017, 932], [1116, 932], [1116, 982], [1017, 982]], '[하아', 0.6209444890075058), ([[1136, 925], [1225, 925], [1225, 963], [1136, 963]], '없갈군내', 0.012993022799491882), ([[1132, 1042], [1198, 1042], [1198, 1074], [1132, 1074]], '이렇체', 0.03841502223818285), ([[1103, 1069], [1223, 1069], [1223, 1101], [1103, 1101]], '자지밀크들이', 0.554376539685096), ([[1124, 1098], [1206, 1098], [1206, 1128], [1124, 1128]], '모인만큼', 0.8583230495775884), ([[1124, 1126], [1206, 1126], [1206, 1158], [1124, 1158]], '인간틀의', 0.19346453249454498), ([[74, 1164], [202, 1164], [202, 1196], [74, 1196]], '인간의 자지가', 0.9463572849774998), ([[714, 1166], [792, 1166], [792, 1194], [714, 1194]], '조금씩', 0.9951590782564562), ([[1132, 1154], [1198, 1154], [1198, 1184], [1132, 1184]], '존경올', 0.5083808898925781), ([[52, 1191], [222, 1191], [222, 1224], [52, 1224]], '지올 찌름 때마다', 0.27010413288561225), ([[702, 1194], [806, 1194], [806, 1224], [702, 1224]], '자지밀크과', 0.47413474767179736), ([[1100, 1182], [1230, 1182], [1230, 1214], [1100, 1214]], '반계되늄권가?', 0.2539256027749925), ([[54, 1220], [218, 1220], [218, 1252], [54, 1252]], '움체가 자지밀크룹', 0.12790322749718921), ([[682, 1220], [828, 1220], [828, 1252], [682, 1252]], '세어나와 나에체', 0.2837123220303742), ([[84, 1250], [192, 1250], [192, 1280], [84, 1280]], '원하는 듯이', 0.8121375250975748), ([[676, 1248], [836, 1248], [836, 1280], [676, 1280]], '흘러들어오는문내', 0.33360949293080616), ([[76, 1278], [200, 1278], [200, 1308], [76, 1308]], '기뻐하는구나', 0.631626224006797), ([[117, 1519], [235, 1519], [235, 1587], [117, 1587]], '제력', 0.5247438549797677), ([[604, 1555], [723, 1555], [723, 1616], [604, 1616]], '@규력', 0.3011085333137516), ([[43, 1647], [241, 1647], [241, 1759], [43, 1759]], '제력', 0.14378979124573266), ([[579, 1639], [763, 1639], [763, 1751], [579, 1751]], '제적', 0.3741973420674671)]
[([[79, 57], [177, 57], [177, 93], [79, 93]], '1주일 후', 0.8946684434426057), ([[584, 68], [682, 68], [682, 96], [584, 96]], '자지밀크틀', 0.2504887472244518), ([[979, 51], [1049, 51], [1049, 89], [979, 89]], '하아', 0.9999922449886813), ([[602, 96], [664, 96], [664, 120], [602, 120]], '바처서', 0.9955124823308048), ([[891, 93], [1179, 93], [1179, 137], [891, 137]], '인간의 맛있는 밀크어', 0.6981435566852687), ([[594, 122], [674, 122], [674, 152], [594, 152]], '신양심올', 0.3909127414226532), ([[72, 150], [180, 150], [180, 180], [72, 180]], '자 그대들올', 0.7465379195777213), ([[586, 150], [684, 150], [684, 180], [586, 180]], '보여주거라', 0.9757850838024029), ([[86, 180], [166, 180], [166, 208], [86, 208]], '자지들올', 0.9747893214225769), ([[104, 208], [146, 208], [146, 234], [104, 234]], '모두', 0.9999843214083535), ([[76, 236], [178, 236], [178, 264], [76, 264]], '가져오거라', 0.786697596896513), ([[218, 304], [313, 304], [313, 354], [218, 354]], '자해', 0.09818366450785311), ([[1161, 429], [1231, 429], [1231, 471], [1161, 471]], '항얘', 0.04041040254420333), ([[371, 393], [559, 393], [559, 595], [371, 595]], '의', 0.05674343266150661), ([[826, 488], [926, 488], [926, 542], [826, 542]], '히08', 0.01358173067305584), ([[1110, 542], [1210, 542], [1210, 598], [1110, 598]], '330벼', 0.029985222965478897), ([[588, 682], [670, 682], [670, 712], [588, 712]], '우리들의', 0.9998494386672974), ([[92, 718], [168, 718], [168, 744], [92, 744]], '여신님-!', 0.8630892084436201), ([[562, 712], [694, 712], [694, 740], [562, 740]], '여신님이시여"', 0.47667928039600954), ([[90, 746], [172, 746], [172, 774], [90, 774]], '저희들의', 0.9931349970533855), ([[100, 774], [164, 774], [164, 802], [100, 802]], '농후한', 0.9581668758380927), ([[82, 802], [180, 802], [180, 828], [82, 828]], '자지밀크릇', 0.3018815653393105), ([[608, 802], [730, 802], [730, 832], [608, 832]], '오늘도 이렇게', 0.42981226630328545), ([[78, 828], [186, 828], [186, 858], [78, 858]], '받아주십쇼!', 0.8388427901756226), ([[616, 830], [720, 830], [720, 860], [616, 860]], '인간을 위해', 0.854279292636223), ([[620, 858], [718, 858], [718, 888], [620, 888]], '힘씨주서서', 0.5843375202351049), ([[616, 886], [722, 886], [722, 916], [616, 916]], '감사합니다!', 0.8663401312182302), ([[957, 914], [1108, 914], [1108, 970], [957, 970]], '그대들의', 0.999687135219574), ([[852, 968], [1216, 968], [1216, 1020], [852, 1020]], '신양심이 느껴지논구나', 0.616481715961644), ([[56, 1130], [380, 1130], [380, 1162], [56, 1162]], "시간이 흘러 마을에 '플리트빗치'라는", 0.6629487173925981), ([[68, 1160], [366, 1160], [366, 1190], [68, 1190]], '쾌락의 여신이 앉다는 소문이 퍼저', 0.26985158890002375), ([[1162, 1322], [1264, 1322], [1264, 1376], [1162, 1376]], '하아', 0.9021437148271769), ([[970, 1468], [1072, 1468], [1072, 1522], [970, 1522]], '하아', 0.9609185974377553), ([[1158, 1488], [1256, 1488], [1256, 1542], [1158, 1542]], '하아', 0.6522261520032017), ([[1010, 1664], [1198, 1664], [1198, 1694], [1010, 1694]], '수많은 남성 신도들이', 0.9931281958138455), ([[990, 1690], [1221, 1690], [1221, 1726], [990, 1726]], "'플리트빗치교'에 입단하여", 0.8306021438795088), ([[1012, 1722], [1196, 1722], [1196, 1752], [1012, 1752]], '여신님에계 신양심올', 0.3308690976280967), ([[1022, 1750], [1188, 1750], [1188, 1780], [1022, 1780]], '분출하기 시작햇다', 0.8114307920706781)]
[([[578, 30], [642, 30], [642, 54], [578, 54]], '인간들의', 0.9994461536407471), ([[578, 52], [644, 52], [644, 76], [578, 76]], '신양심이', 0.8632307052612305), ([[577, 77], [645, 77], [645, 97], [577, 97]], '육체 안에', 0.9984127836224508), ([[829, 63], [901, 63], [901, 107], [829, 107]], '당인', 0.06202243028825271), ([[560, 96], [660, 96], [660, 120], [560, 120]], '가득 모없구나', 0.40084077843138455), ([[1081, 89], [1183, 89], [1183, 151], [1081, 151]], '하양', 0.1820520914908694), ([[612, 150], [678, 150], [678, 174], [612, 174]], '지금까지', 0.9878577589988708), ([[596, 172], [694, 172], [694, 196], [596, 196]], '살면서 이렇게', 0.7468638028492661), ([[607, 197], [683, 197], [683, 217], [607, 217]], '인간들에게', 0.5187962951556943), ([[604, 218], [686, 218], [686, 242], [604, 242]], '많은 사랑울', 0.6697929612448518), ([[610, 240], [680, 240], [680, 264], [610, 264]], '받은 적은', 0.9977621456672715), ([[604, 262], [686, 262], [686, 286], [604, 286]], '처음이구나', 0.9441427001240259), ([[64, 548], [302, 548], [302, 580], [64, 580]], '한달 뒤, 신도들의 신양심이', 0.838007319643316), ([[76, 578], [288, 578], [288, 608], [76, 608]], '여신의 몸의 육체에 모여', 0.9767322008034022), ([[793, 573], [861, 573], [861, 611], [793, 611]], '찌핏', 0.40067287106888955), ([[88, 608], [278, 608], [278, 638], [88, 638]], '작은 생명올 엉태하고', 0.8080825612855121), ([[78, 636], [284, 636], [284, 666], [78, 666]], '부풀어오르기 시작햇다.', 0.9114897495745456), ([[51, 719], [151, 719], [151, 759], [51, 759]], '렌지 ?', 0.05569483792212808), ([[520, 728], [586, 728], [586, 758], [520, 758]], '한번도', 0.292706946847442), ([[794, 718], [888, 718], [888, 772], [794, 772]], '찌핏', 0.35485703844299843), ([[494, 756], [614, 756], [614, 786], [494, 786]], '느껴보지못합', 0.5048494689417578), ([[42, 776], [132, 776], [132, 806], [42, 806]], '빗속에서', 0.5507290959358215), ([[502, 784], [604, 784], [604, 814], [502, 814]], '감각인데내', 0.22020169675321716), ([[24, 804], [150, 804], [150, 836], [24, 836]], '생명의 기운이', 0.9372561888600671), ([[808, 802], [946, 802], [946, 826], [808, 826]], '신도들의 아기들이', 0.9955766414660221), ([[818, 826], [936, 826], [936, 850], [818, 850]], '나외아아아아아', 0.6079652612164151), ([[26, 832], [148, 832], [148, 864], [26, 864]], '느껴지는규나', 0.11504007095686913), ([[556, 842], [624, 842], [624, 872], [556, 872]], '문가가', 0.17296009486019506), ([[548, 870], [632, 870], [632, 900], [548, 900]], '비깥으로', 0.6110369563102722), ([[702, 882], [866, 882], [866, 912], [702, 912]], '인간과 신의 사랑의', 0.7755655601839171), ([[548, 898], [632, 898], [632, 930], [548, 930]], '마올려교', 0.1943470537662506), ([[704, 910], [864, 910], [864, 940], [704, 940]], '결정체가 나와요~!', 0.6737400966449956), ([[543, 926], [635, 926], [635, 958], [543, 958]], '한남문과]', 0.0822674337071571), ([[801, 951], [893, 951], [893, 993], [801, 993]], '양이력소', 0.001545102335512638), ([[71, 1381], [291, 1381], [291, 1417], [71, 1417]], '그렇게, 출산을 하기', 0.6999274034214348), ([[61, 1417], [299, 1417], [299, 1455], [61, 1455]], "시작한 '플리트비체'눈", 0.6108532139358634), ([[85, 1451], [273, 1451], [273, 1491], [85, 1491]], '많은 아이름 낳고', 0.36313222890920144), ([[113, 1491], [247, 1491], [247, 1527], [113, 1527]], '그 아이들은', 0.9992169927222669), ([[71, 1525], [290, 1525], [290, 1564], [71, 1564]], '마을에 도움이 되는', 0.9595646940353596), ([[1059, 1511], [1167, 1511], [1167, 1549], [1059, 1549]], '이름통해,', 0.749723998557486), ([[997, 1547], [1233, 1547], [1233, 1583], [997, 1583]], '마을이 번영하게 되고', 0.9632026763837596), ([[89, 1561], [271, 1561], [271, 1599], [89, 1599]], '인재들로 빠르게', 0.9946201540791965), ([[117, 1599], [243, 1599], [243, 1635], [117, 1635]], '성장하엿고', 0.689447406843145), ([[1025, 1583], [1205, 1583], [1205, 1621], [1025, 1621]], '주민들은 이것올', 0.9782900364142951), ([[1023, 1619], [1205, 1619], [1205, 1657], [1023, 1657]], '여신의 은종으로', 0.9846134856751767), ([[1001, 1657], [1229, 1657], [1229, 1693], [1001, 1693]], '여겨 플리트빗치교는', 0.7014833435542226), ([[1049, 1693], [1181, 1693], [1181, 1729], [1049, 1729]], '먼 휴날까지', 0.1697246648650244), ([[1021, 1729], [1207, 1729], [1207, 1765], [1021, 1765]], '전설로 남계되다:', 0.3335597993526295), ([[1133.9973506193548, 699.0843686541932], [1227.5954085896446, 713.8340353846537], [1217.0026493806452, 769.9156313458068], [1123.4045914103554, 754.1659646153463]], '찌핏', 0.5976151649446216)]
[([[786, 84], [894, 84], [894, 116], [786, 116]], '음 @음', 0.02023560367524624), ([[63, 107], [279, 107], [279, 143], [63, 143]], "사실 '플리트비체'는", 0.48931955150573375), ([[39, 143], [299, 143], [299, 181], [39, 181]], '마을의 은밀한 공간에서', 0.6263153270904469), ([[41, 178], [298, 178], [298, 215], [41, 215]], '인간을 낭는 출산기계로', 0.32295309779049725), ([[75, 217], [265, 217], [265, 253], [75, 253]], '전락하고 말있다.', 0.7757547707141756), ([[470, 254], [546, 254], [546, 332], [470, 332]], '우움', 0.8748022938125251), ([[740, 282], [766, 282], [766, 334], [740, 334]], '육', 0.8459486786873391), ([[993, 693], [1205, 693], [1205, 729], [993, 729]], '덕분에 마을은 항상', 0.9961277892145477), ([[963, 727], [1230, 727], [1230, 765], [963, 765]], '많은 인구 수름 유지하여', 0.6427030354986805), ([[977, 765], [1219, 765], [1219, 801], [977, 801]], '활기가 넘치게 되없다:', 0.7547936720080234), ([[225, 1285], [431, 1285], [431, 1323], [225, 1323]], '오늘도 여신님에게', 0.6263216645904844), ([[197, 1321], [457, 1321], [457, 1359], [197, 1359]], '신양심올 분출하기 위해', 0.7925193130920577), ([[213, 1359], [441, 1359], [441, 1395], [213, 1395]], '마을사람들이 모이고', 0.8153830327089158), ([[853, 1379], [1011, 1379], [1011, 1417], [853, 1417]], '여신은 강제로', 0.6386960829291365), ([[815, 1417], [1053, 1417], [1053, 1453], [815, 1453]], '인간들의 마음을 받아', 0.7998689478284186), ([[803, 1451], [1065, 1451], [1065, 1489], [803, 1489]], '새로운 생명올 엉태한다', 0.6717154814966836), ([[930, 1738], [1268, 1738], [1268, 1814], [930, 1814]], '7낫. .물]-', 0.00012580357380912198), ([[839.1051750205921, 195.1365600658949], [906.8972643766976, 204.22163046596182], [901.8948249794079, 232.8634399341051], [834.1027356233024, 223.77836953403818]], '흐옥', 0.13362631431757713), ([[878.0574282752855, 295.50337089551385], [952.2305037499166, 282.6412194841879], [957.9425717247145, 320.49662910448615], [882.7694962500834, 333.3587805158121]], '나스', 0.06950181647866209)]
[([[114, 34], [162, 34], [162, 86], [114, 86]], '7', 0.6898057036778482), ([[136, 90], [186, 90], [186, 142], [136, 142]], '7', 0.6334672263549237)]
