2564471
17
[([[0, 327], [382, 327], [382, 404], [0, 404]], '[쓰하(히처', 0.0010558228773665727), ([[0, 398], [950, 398], [950, 518], [0, 518]], '월문 속 걸레년들02', 0.7634105521489799)]
[([[0, 38], [26, 38], [26, 66], [0, 66]], '7', 0.8606013807086335), ([[110, 34], [150, 34], [150, 64], [110, 64]], '"', 0.018389793047933978), ([[2, 522], [828, 522], [828, 672], [2, 672]], '[이밭하신버0', 2.902741926244366e-05), ([[11, 657], [1013, 657], [1013, 724], [11, 724]], '"시거:룹(:/|록명*머 ,-감-뭐,5/79972284', 7.006180229408149e-06), ([[13, 706], [1082, 706], [1082, 768], [13, 768]], '묘장-장설어어: 룹교믿도:/|비 명꼽>~어탁.어교-즈신쓰째우굽히0', 7.637998970593367e-09), ([[14, 754], [896, 754], [896, 808], [14, 808]], '[장:어,: 룹교믿하://->-3>굽교-히어냐하탁퍽어뵈.째디/', 1.3659617893614812e-07), ([[13, 801], [1079, 801], [1079, 863], [13, 863]], '(시,-4: 켜 째:/|교[명 꼽나물 어(|#어값/|감움째뒤굽-히0', 4.617946616945976e-09), ([[14, 848], [844, 848], [844, 902], [14, 902]], '묘어어-까: 룹교 도:/-신째>굽-어어 이형-명교/', 5.778041545679562e-07)]
[]
[]
[]
[]
[]
[]
[([[1195, 135], [1280, 135], [1280, 273], [1195, 273]], '<', 0.6844693947152933)]
[([[158, 96], [248, 96], [248, 120], [158, 120]], '임한림 중사,', 0.64025598366256), ([[661, 77], [895, 77], [895, 113], [661, 113]], '임한림 중사 벌써부터', 0.8033397437352098), ([[1110, 64], [1280, 64], [1280, 108], [1110, 108]], '(죄 직송합니다]', 0.17979303825380097), ([[120, 116], [290, 116], [290, 140], [120, 140]], '오랜만이군. 비록 우리가', 0.7247012502608914), ([[689, 108], [869, 108], [869, 145], [689, 145]], '우슨 소길 하다니', 0.3307953553802351), ([[112, 136], [298, 136], [298, 164], [112, 164]], '지금 군인 신분은 아니지만', 0.895975250072808), ([[698, 141], [857, 141], [857, 174], [698, 174]], '너무 약해적어!', 0.6663327368121225), ([[795, 291], [861, 291], [861, 335], [795, 335]], '줄기', 0.04329436861435048), ([[1147, 291], [1235, 291], [1235, 433], [1147, 433]], '액', 0.22413856830841983), ([[432, 456], [518, 456], [518, 482], [432, 482]], '항상 하당건', 0.39308120465872765), ([[409, 475], [542, 475], [542, 503], [409, 503]], '해야켓지? 그동안', 0.7176498651995191), ([[390, 498], [562, 498], [562, 524], [390, 524]], '녹술진 않있나 걱정이군:', 0.3165260493198903), ([[677, 529], [897, 529], [897, 565], [677, 565]], "'앞으로 6시간 더한다'", 0.8615976331546645), ([[716, 560], [860, 560], [860, 592], [716, 592]], '버털 수 있지?', 0.20065362086340582), ([[743, 587], [833, 587], [833, 623], [743, 623]], '대답은?', 0.9999179840087891), ([[94, 694], [180, 694], [180, 720], [94, 720]], '알켓습니다:', 0.3715003709421352), ([[83, 715], [185, 715], [185, 739], [83, 739]], '나화진 대위님', 0.9494707497199169), ([[78, 736], [196, 736], [196, 762], [78, 762]], '준비하켓습니다:', 0.9371275171932514), ([[1053, 751], [1225, 751], [1225, 793], [1053, 793]], '[알켓습리타앗 {', 0.0683996463975885), ([[1186.3718912928916, 180.03296728247156], [1282.9620270681403, 239.32603172273198], [1252.6281087071084, 286.9670327175284], [1156.0379729318597, 227.67396827726802]], '뒷', 0.018957705219044607)]
[([[686, 37], [853, 37], [853, 62], [686, 62]], '마수 우리 육변기 형벌', 0.9013595269168335), ([[718, 58], [824, 58], [824, 84], [718, 84]], '(죽올 때까지)', 0.8675799576045702), ([[62, 82], [202, 82], [202, 108], [62, 108]], '안나 프림로즈 수녀,', 0.6962579792228227), ([[68, 104], [192, 104], [192, 128], [68, 128]], '아니, 화이트로즈.', 0.8333856059215229), ([[1070, 90], [1280, 90], [1280, 166], [1070, 166]], '@샌플야로육0', 0.0015817860491390415), ([[82, 218], [196, 218], [196, 242], [82, 242]], '수녀의 신분으로', 0.9960345826268034), ([[50, 238], [220, 238], [220, 262], [50, 262]], '각종 뒷거래들 일삼은 죄', 0.3173261034260283), ([[78, 258], [198, 258], [198, 282], [78, 282]], '박의 신 이름으로', 0.3620559031784211), ([[93, 276], [180, 276], [180, 304], [93, 304]], '단죄하켓다.', 0.36518650269060493), ([[667, 311], [717, 311], [717, 353], [667, 353]], '원', 0.4463871575468694), ([[484, 452], [538, 452], [538, 476], [484, 476]], '뒷 . !?', 0.36040754822510607), ([[426, 472], [586, 472], [586, 498], [426, 498]], '대체 그 이름올 어떻게.', 0.6598917640092886), ([[422, 494], [596, 494], [596, 518], [422, 518]], '아니; 아니 제가 아니에요', 0.7609895093209108), ([[458, 514], [566, 514], [566, 538], [458, 538]], '원가 오해가 .!!', 0.7792722148128612), ([[1169, 575], [1209, 575], [1209, 613], [1169, 613]], '올뿐', 0.043211574361360645), ([[686, 584], [790, 584], [790, 638], [686, 638]], '[37 우', 0.010367596278543625), ([[106, 726], [212, 726], [212, 752], [106, 752]], '다른 할 얘기가', 0.9323145327453739), ([[100, 748], [216, 748], [216, 772], [100, 772]], '있으면 재판장에', 0.9089476516550454), ([[110, 768], [200, 768], [200, 792], [110, 792]], '가서 하도록.', 0.7264797021085356), ([[1042, 845], [1156, 845], [1156, 921], [1042, 921]], '0 (', 0.5765044689178467), ([[695.2103500411844, 631.2731201317898], [818.3665631459995, 622.3167184270003], [818.7896499588156, 674.7268798682102], [695.6334368540005, 683.6832815729997]], '%이)', 0.18771059818919092), ([[727.4615384615385, 671.3076923076923], [820.6027785768852, 665.2621891570319], [821.5384615384615, 702.6923076923077], [728.3972214231148, 709.7378108429681]], "아)'", 0.010819355307635552), ([[800.8654661990258, 702.0322051028551], [1024.0747567778708, 747.4382731052191], [984.1345338009742, 917.9677948971449], [759.9252432221292, 872.5617268947809]], '서억', 0.08312008737836751), ([[1036.0169070331804, 757.0538540019409], [1173.5859434521112, 787.3015606293364], [1153.9830929668196, 865.9461459980591], [1016.4140565478887, 836.6984393706636]], '(4배', 0.051116369926594754)]
[([[76, 120], [196, 120], [196, 144], [76, 144]], '민아야; 도와취서', 0.8283955030205215), ([[738, 96], [858, 96], [858, 146], [738, 146]], '떠부청음반~', 0.003126656527217039), ([[953, 71], [1017, 71], [1017, 163], [953, 163]], '힘', 0.35689610081703904), ([[1177, 79], [1221, 79], [1221, 123], [1177, 123]], '몸', 0.09841469591265195), ([[88, 140], [186, 140], [186, 164], [88, 164]], '고마위 . 니가', 0.8197241529121535), ([[758, 140], [826, 140], [826, 164], [758, 164]], '반햇거든', 0.33638909459114075), ([[80, 160], [184, 160], [184, 184], [80, 184]], '아니없으면난.', 0.5462235411194334), ([[942, 282], [978, 282], [978, 312], [942, 312]], '휴!', 0.018174997922056638), ([[742, 466], [820, 466], [820, 560], [742, 560]], '".', 0.0027742828877019535), ([[1068, 594], [1184, 594], [1184, 618], [1068, 618]], '이제와서 말하는', 0.8874106266836005), ([[641, 583], [725, 583], [725, 667], [641, 667]], '타', 0.0020085164638356107), ([[1058, 614], [1194, 614], [1194, 638], [1058, 638]], '거지만 언니 상황도', 0.9476660159269631), ([[1054, 634], [1196, 634], [1196, 658], [1054, 658]], '내가다 의도한 거야', 0.9902491389759439), ([[441, 721], [531, 721], [531, 741], [441, 741]], '괜찮아 언니', 0.9991341110579594), ([[667, 693], [733, 693], [733, 761], [667, 761]], '태%', 0.020498868429410642), ([[807, 683], [875, 683], [875, 763], [807, 763]], '%6', 0.021772847634532466), ([[950, 708], [1092, 708], [1092, 758], [950, 758]], '내단늘완제해글계', 0.00614899641106419), ([[426, 740], [546, 740], [546, 764], [426, 764]], '채훈 그 개새끼능', 0.6102333115730514), ([[408, 760], [560, 760], [560, 784], [408, 784]], '어자피 나락자으니까', 0.5970301098509703), ([[988, 752], [1044, 752], [1044, 776], [988, 776]], '사랑해', 0.9999750852050034), ([[440, 780], [534, 780], [534, 806], [440, 806]], '일단 좀 자자:', 0.9671810082451932)]
[([[804, 56], [914, 56], [914, 80], [804, 80]], '류다희 상경님?', 0.8585920923239196), ([[792, 76], [926, 76], [926, 100], [792, 100]], '이거 언제까지 하면', 0.6720978615930668), ([[124, 92], [204, 92], [204, 116], [124, 116]], '우리 수아~', 0.4423739482069569), ([[828, 98], [888, 98], [888, 122], [828, 122]], '덥니까?', 0.3030534088611603), ([[108, 112], [222, 112], [222, 136], [108, 136]], '오빠 전화번호좀', 0.586379811796655), ([[384, 104], [488, 104], [488, 130], [384, 130]], '이, 경정수아?', 0.6168021898987135), ([[106, 132], [220, 132], [220, 158], [106, 158]], '알려출수 잇니?', 0.646057485692601), ([[364, 126], [510, 126], [510, 150], [364, 150]], '무, 무슨일이십니까?', 0.7693661862500845), ([[852, 256], [908, 256], [908, 318], [852, 318]], '#유', 0.033917928539452885), ([[924, 278], [1048, 278], [1048, 304], [924, 304]], '저년 죽올때까지.', 0.6685988353878444), ([[914, 300], [1058, 300], [1058, 324], [914, 324]], '살려달라고 애원해도', 0.9978932161373304), ([[932, 320], [1040, 320], [1040, 344], [932, 344]], '절대 멈추지마.', 0.7980886197847725), ([[1066, 380], [1118, 380], [1118, 404], [1066, 404]], '멈추면', 0.9907989017832629), ([[206, 410], [318, 410], [318, 434], [206, 434]], '그냥~ 오빠한데', 0.4903252235510527), ([[1030, 400], [1156, 400], [1156, 424], [1030, 424]], '내 믿으로 깨쓰다.', 0.7570761411017659), ([[218, 430], [304, 430], [304, 454], [218, 454]], '궁금한 것도', 0.6847713510861102), ([[243, 453], [277, 453], [277, 473], [243, 473]], '많고', 0.3355912158975218), ([[285, 522], [352, 522], [352, 548], [285, 548]], '목소리도', 0.999982476234436), ([[280, 544], [360, 544], [360, 570], [280, 570]], '듣고 싶고~', 0.5873223746029502), ([[682, 684], [790, 684], [790, 708], [682, 708]], '에휴이 병신아', 0.9240175125344674), ([[668, 703], [803, 703], [803, 728], [668, 728]], '그맛 번호가 뭐라고', 0.8184980646597179), ([[353, 727], [425, 727], [425, 747], [353, 747]], '저희오빠', 0.6847972647193422), ([[680, 726], [796, 726], [796, 750], [680, 750]], '이제와서 드려도', 0.8440616760386026), ([[318, 746], [444, 746], [444, 770], [318, 770]], '번호는 못 드컵 것', 0.35391860568855243), ([[710, 746], [764, 746], [764, 770], [710, 770]], '늦없다.', 0.9202099442481995), ([[340, 766], [422, 766], [422, 790], [340, 790]], '같습니다..', 0.495079876616022), ([[782, 808], [888, 808], [888, 832], [782, 832]], '이악물고 버터.', 0.7507340764436068), ([[1150, 816], [1260, 816], [1260, 840], [1150, 840]], '이이경 정수아', 0.9940018290525087), ([[778, 828], [896, 828], [896, 852], [778, 852]], '쓰러지면 뒤진다.', 0.5550948913041667), ([[1154, 836], [1252, 836], [1252, 862], [1154, 862]], '알켓습니다 ..', 0.26877214710116026), ([[722.6409190320384, 522.1559518377649], [758.5583146962297, 490.026032750343], [830.3590809679616, 576.8440481622351], [794.4416853037703, 608.973967249657]], '술', 0.008714500833763295)]
[([[704, 50], [800, 50], [800, 76], [704, 76]], '뭐야 이 안경', 0.501104929120772), ([[82, 80], [184, 80], [184, 104], [82, 104]], '이런 재미없는', 0.6198163338014058), ([[698, 72], [820, 72], [820, 96], [698, 96]], '진딴 줄알앗는데', 0.4499420132808092), ([[1111, 83], [1165, 83], [1165, 103], [1111, 103]], '그러게.', 0.9931852221488953), ([[86, 100], [178, 100], [178, 124], [86, 124]], '놈들 헬림은', 0.3268027828279813), ([[709, 91], [805, 91], [805, 115], [709, 115]], '복근 미첫네?', 0.39831341963941236), ([[1076, 102], [1202, 102], [1202, 126], [1076, 126]], '완전 이소용인줄?', 0.4701593627616655), ([[72, 119], [194, 119], [194, 147], [72, 147]], '밖에서 하느거야', 0.9891047631526017), ([[500, 172], [564, 172], [564, 196], [500, 196]], '자 화라', 0.47650690358050823), ([[474, 192], [590, 192], [590, 218], [474, 218]], '1등급 여자들올!', 0.9427308747190996), ([[820, 374], [900, 374], [900, 424], [820, 424]], '불히', 0.041022891610167186), ([[350, 606], [464, 606], [464, 630], [350, 630]], '=국 국무규오빠', 0.10323603588493084), ([[370, 626], [444, 626], [444, 650], [370, 650]], '말하는 거', 0.43760620214118595), ([[713, 625], [774, 625], [774, 666], [713, 666]], '(리', 0.11266457466150138), ([[364, 646], [448, 646], [448, 670], [364, 670]], '완전 웃겨~', 0.6141964713388711), ([[208, 762], [284, 762], [284, 786], [208, 786]], '빨리 가자:', 0.7512838698441547), ([[202, 782], [290, 782], [290, 808], [202, 808]], '나못한지 좀', 0.825870879403515), ([[204, 804], [284, 804], [284, 828], [204, 828]], '뒷단 말야 ~', 0.49366264812186317), ([[924.6815351223507, 275.0255177585747], [945.2828427124746, 271.0201010126777], [959.3184648776493, 340.9744822414253], [938.7171572875254, 344.9798989873223]], '푹', 0.24656053485085838), ([[1037.0593947347957, 459.0741868292132], [1119.8618393146967, 485.71982819564096], [1103.9406052652043, 533.9258131707868], [1021.1381606853033, 507.28017180435904]], '올조', 0.04942947820843755)]
[([[206, 62], [282, 62], [282, 86], [206, 86]], '뭐야 너네.', 0.7225404393558387), ([[734, 58], [818, 58], [818, 88], [734, 88]], '허튼 짓율', 0.6646615509982692), ([[182, 82], [314, 82], [314, 106], [182, 106]], '서리라한데 아직도', 0.7286963834707585), ([[674, 82], [880, 82], [880, 112], [674, 112]], '못하긴요 개-버려지년아', 0.614692442565831), ([[188, 104], [304, 104], [304, 128], [188, 128]], '미련 못 버럿나?', 0.40095418058795695), ([[719, 111], [829, 111], [829, 131], [719, 131]], '구구구구구크', 0.4423520171883947), ([[1124, 298], [1270, 298], [1270, 326], [1124, 326]], '너만 그만큼다고', 0.7535891400028887), ([[1128, 324], [1264, 324], [1264, 354], [1128, 354]], '하면 다 끝인 줄', 0.7394278953807324), ([[1158, 348], [1236, 348], [1236, 380], [1158, 380]], '알앉어?', 0.27796581387519836), ([[64, 534], [142, 534], [142, 558], [64, 558]], '아냐 주누.', 0.6268188598438611), ([[68, 554], [144, 554], [144, 578], [68, 578]], '괜찮아 내', 0.9981037245157035), ([[78, 574], [134, 574], [134, 598], [78, 598]], '일이야:', 0.708379864692688), ([[116, 661], [242, 661], [242, 685], [116, 685]], '마무리 짓고 올게.', 0.8721321955580751), ([[114, 682], [246, 682], [246, 708], [114, 708]], '먼저가서 애들이랑', 0.5118500654725399), ([[140, 702], [218, 702], [218, 728], [140, 728]], '놀고 있어', 0.6053359476845467), ([[677, 715], [865, 715], [865, 755], [677, 755]], '니가 몸올 팔아야', 0.8629890344568709), ([[493, 756], [582, 756], [582, 785], [493, 785]], '어자피 전에', 0.9697932912165563), ([[693, 751], [847, 751], [847, 787], [693, 787]], '우리도 자금이', 0.8715586093933668), ([[484, 780], [590, 780], [590, 804], [484, 804]], '건도 잇고 허튼', 0.669633482188338), ([[695, 783], [843, 783], [843, 819], [695, 819]], '생기지국크구', 0.33146848627345293), ([[895, 773], [1005, 773], [1005, 809], [895, 809]], '오늘 기강', 0.4956951614519619), ([[484, 800], [590, 800], [590, 826], [484, 826]], '짓은 못할거야.', 0.44343218446970767), ([[873, 803], [1025, 803], [1025, 839], [873, 839]], '확실하게 잡고', 0.557063028584845), ([[873, 835], [1021, 835], [1021, 871], [873, 871]], '가줄게 씨발~', 0.8516379519726109), ([[667.9874603251922, 429.03949216245985], [768.9979391212438, 462.0685257639219], [730.0125396748078, 582.9605078375401], [628.0020608787562, 550.9314742360781]], '엉', 0.0568241008453898), ([[781.2070176794539, 460.0526325959042], [853.0, 504.0], [825.7929823205461, 546.9473674040958], [754.0, 504.0]], '출앙', 0.05653399584230257), ([[995.2172729245717, 559.0512742267447], [1040.6079657896278, 543.0308813382005], [1073.7827270754283, 646.9487257732553], [1028.3920342103722, 662.9691186617995]], '7', 0.024961859854792046)]
[([[173, 67], [235, 67], [235, 87], [173, 87]], '아; 오빠', 0.8885324270457254), ([[186, 86], [254, 86], [254, 110], [186, 110]], '부탁이다.', 0.7570756061353676), ([[709, 81], [800, 81], [800, 109], [709, 109]], '아니긴 뭐가', 0.8800616492423514), ([[296, 108], [382, 108], [382, 134], [296, 134]], '오늘 친구들', 0.998833708389883), ([[708, 104], [800, 104], [800, 128], [708, 128]], '아니야 씨발', 0.9910163456852131), ([[274, 130], [404, 130], [404, 154], [274, 154]], '놀러오는데 방에서', 0.8533563527394447), ([[280, 150], [396, 150], [396, 174], [280, 174]], '안 나오면 안돼?', 0.7421918859134781), ([[699, 329], [757, 329], [757, 345], [699, 345]], "5'5타", 0.04320913180708885), ([[664, 356], [794, 356], [794, 380], [664, 380]], '스김사용: 김다현의', 0.3268093236959737), ([[658, 374], [800, 374], [800, 398], [658, 398]], '움직임올 봉세합니다 |', 0.7220512671770865), ([[1165, 451], [1221, 451], [1221, 467], [1165, 467]], '{95타거', 0.011907669084994323), ([[991, 463], [1027, 463], [1027, 507], [991, 507]], '콩', 0.09742257211162642), ([[1129, 473], [1257, 473], [1257, 493], [1129, 493]], '스길사용: 김다현의', 0.5590662160326201), ([[1153, 491], [1233, 491], [1233, 511], [1153, 511]], '성감을 기0배', 0.5451044116131288), ([[1146, 508], [1238, 508], [1238, 532], [1146, 532]], '중독시집니다', 0.19258436703025347), ([[931, 519], [1017, 519], [1017, 557], [931, 557]], '%어기양씨', 0.0003311097402380319), ([[1210, 544], [1236, 544], [1236, 576], [1210, 576]], '열', 0.46888316198034374), ([[123, 575], [163, 575], [163, 595], [123, 595]], '왜~?', 0.9997132784103672), ([[121, 595], [171, 595], [171, 615], [121, 615]], '오빠가', 0.9841786623001099), ([[112, 612], [174, 612], [174, 638], [112, 638]], '창피해?', 0.9777724859387669), ([[920, 628], [978, 628], [978, 658], [920, 658]], '지이양', 0.26743176611905517), ([[1106, 716], [1224, 716], [1224, 740], [1106, 740]], '한두번도 아니고', 0.6637178013492527), ([[337, 731], [421, 731], [421, 751], [337, 751]], '아 아니이~', 0.7339301459820087), ([[751, 739], [809, 739], [809, 755], [751, 755]], "'57575}", 0.23945372756019437), ([[1106, 736], [1222, 736], [1222, 760], [1106, 760]], '씨발련이 앞으로', 0.6100717832536954), ([[330, 750], [432, 750], [432, 776], [330, 776]], '절대로 그런게', 0.973665445138441), ([[714, 756], [844, 756], [844, 780], [714, 780]], '스길사용: 김다현이', 0.6923476681437402), ([[1126, 756], [1204, 756], [1204, 780], [1126, 780]], '년 뒤울어:', 0.19462279418078865), ([[340, 770], [418, 770], [418, 796], [340, 796]], '아니구우~', 0.9993547934215699), ([[730, 774], [824, 774], [824, 798], [730, 798]], '절정에 이르지', 0.9325751677983435), ([[728, 792], [828, 792], [828, 816], [728, 816]], '못하게 합니다.', 0.7730271325005766), ([[150.8858279709377, 81.21456992734423], [189.6977052662374, 86.68760284345208], [186.1141720290623, 111.78543007265577], [147.3022947337626, 107.31239715654792]], '제발', 0.99968989757336), ([[1212.2716429592708, 217.06687198006216], [1260.947310660422, 252.35289989173407], [1240.7283570407292, 278.93312801993784], [1192.052689339578, 243.64710010826593]], '@9', 0.13372777150147896)]
[([[336, 4], [388, 4], [388, 28], [336, 28]], '5나#!', 0.002597508952021599), ([[310, 26], [414, 26], [414, 50], [310, 50]], '바빠 죽짓는데', 0.3343456153830787), ([[338, 46], [384, 46], [384, 70], [338, 70]], '뭐야?', 0.5067311814459827), ([[76, 64], [154, 64], [154, 88], [76, 88]], '실리; 노아', 0.5609839891637628), ([[44, 84], [188, 84], [188, 110], [44, 110]], '급하게 할 말이 있다:', 0.6689176939101997), ([[406, 90], [494, 90], [494, 116], [406, 116]], '별 거 아니면', 0.9812494559883832), ([[732, 96], [820, 96], [820, 120], [732, 120]], '슈퍼 루키나', 0.6305701231895553), ([[65, 107], [169, 107], [169, 127], [65, 127]], '이쪽으로 와화:', 0.871318182951962), ([[402, 110], [498, 110], [498, 136], [402, 136]], '죽을 줄알아!', 0.8528449030860272), ([[708, 116], [842, 116], [842, 140], [708, 140]], '오웬이나 . 자전거', 0.6056369139367215), ([[1080, 110], [1218, 110], [1218, 136], [1080, 136]], '이미너희 여자들은', 0.5299120068250932), ([[718, 138], [828, 138], [828, 162], [718, 162]], '쫓빠지게 타라~', 0.889503094195204), ([[1112, 130], [1186, 130], [1186, 156], [1112, 156]], '내가 존나', 0.9962717618856896), ([[1070, 152], [1228, 152], [1228, 176], [1070, 176]], '따먹없으니까~푸하하', 0.5395543836803257), ([[695, 305], [763, 305], [763, 341], [695, 341]], '웃필 0', 0.11897182639335051), ([[1186, 402], [1222, 402], [1222, 434], [1186, 434]], '7', 0.1454532895840268), ([[947, 435], [989, 435], [989, 473], [947, 473]], '%제', 0.0671363357014632), ([[663, 497], [705, 497], [705, 537], [663, 537]], '(약', 0.059778801935653283), ([[673, 519], [713, 519], [713, 555], [673, 555]], '0', 0.799601468129486), ([[128, 574], [246, 574], [246, 600], [128, 600]], '우리 얘기도 별로', 0.9780202972180353), ([[120, 596], [250, 596], [250, 620], [120, 620]], '안해보지 양앗나?', 0.4097863657601286), ([[130, 616], [240, 616], [240, 640], [130, 640]], '할말이 있다고?', 0.7769005223067825), ([[324, 766], [370, 766], [370, 790], [324, 790]], '그래,', 0.8843335329406504), ([[290, 786], [406, 786], [406, 812], [290, 812]], '조자현과 오웬에', 0.7739145099071881), ([[310, 808], [386, 808], [386, 832], [310, 832]], '관한 거다:', 0.9051206295017518)]
