2566202
36
[([[162, 235], [960, 235], [960, 335], [162, 335]], '게임 5등분 장의 내용에서', 0.5141988905428996), ([[160, 360], [850, 360], [850, 462], [160, 462]], '@어집내타 (허락받음)', 0.5660134123653049)]
[([[17, 2013], [119, 2013], [119, 2048], [17, 2048]], '00', 0.11615067118734716)]
[]
[]
[]
[]
[([[43, 40], [222, 40], [222, 70], [43, 70]], '나정의우꾸"피의', 4.410210431285496e-05)]
[]
[]
[]
[]
[]
[]
[]
[]
[]
[]
[]
[]
[]
[]
[]
[]
[]
[]
[]
[]
[]
[]
[]
[]
[]
[]
[]
[]
[([[0, 0], [52, 0], [52, 24], [0, 24]], '무리리', 0.004950277778434092)]
