2567288
16
[([[284, 326], [475, 326], [475, 378], [284, 378]], '예식실률햇볕', 0.012679733374815354)]
[([[24, 50], [220, 50], [220, 100], [24, 100]], '던젠터뜨미따', 0.0030855776726418107), ([[484, 44], [655, 44], [655, 94], [484, 94]], '음고니다', 0.009931894950568676), ([[22, 84], [230, 84], [230, 134], [22, 134]], '@스금운문다', 0.019990313372627494), ([[494, 80], [657, 80], [657, 128], [494, 128]], '과랑드괴하자}', 0.002102307057746518), ([[24, 120], [188, 120], [188, 174], [24, 174]], '당히입숙히어', 0.005492935220124195), ([[478, 150], [658, 150], [658, 198], [478, 198]], '태; @기양', 0.013172481658238725), ([[25, 185], [135, 185], [135, 229], [25, 229]], '물 0', 0.0974652314672462), ([[74, 216], [194, 216], [194, 266], [74, 266]], "'뭐문자", 0.44358766078948975), ([[30.006498598929184, 220.1253445358238], [88.62632824431938, 228.31188167936855], [81.99350140107082, 266.87465546417616], [23.37367175568062, 258.6881183206314]], '(뭐 드', 0.11955498903989792)]
[([[550, 76], [622, 76], [622, 124], [550, 124]], '메', 0.019137043447061908), ([[69, 137], [157, 137], [157, 173], [69, 173]], '잠깐', 0.15785139198323986), ([[515, 119], [629, 119], [629, 185], [515, 185]], '8입', 0.1477802004070056), ([[65, 169], [177, 169], [177, 219], [65, 219]], '갑매교', 0.009155570175195893), ([[62, 208], [166, 208], [166, 260], [62, 260]], '@%', 0.2714694092313226)]
[([[556, 20], [662, 20], [662, 68], [556, 68]], '매례', 0.16002195156174073), ([[504, 62], [662, 62], [662, 114], [504, 114]], '마페린때', 0.04463152587413788), ([[50, 107], [216, 107], [216, 162], [50, 162]], '된분안진때', 0.011320826677087906), ([[492, 120], [660, 120], [660, 172], [492, 172]], '8움 예', 0.3065488470044597), ([[52, 152], [172, 152], [172, 206], [52, 206]], '매짓없', 0.0065460120486482195), ([[517, 161], [659, 161], [659, 203], [517, 203]], '@다의', 0.11233903506727906), ([[500, 196], [660, 196], [660, 246], [500, 246]], '어집어@소', 0.01663905139234725), ([[41, 243], [265, 243], [265, 305], [41, 305]], '@내도가럽', 0.020711054895505746), ([[549, 239], [659, 239], [659, 279], [549, 279]], '깊여원"', 0.10166811943054199), ([[446, 270], [660, 270], [660, 322], [446, 322]], '과3갑젯의000)', 0.0009991457656803849)]
[([[73, 37], [137, 37], [137, 391], [73, 391]], '"', 0.5478338967168419), ([[543, 24], [610, 24], [610, 353], [543, 353]], '{', 0.33116774522524395)]
[([[587, 35], [679, 35], [679, 73], [587, 73]], '어}아', 0.0017037554115774559), ([[34, 84], [192, 84], [192, 140], [34, 140]], '외답워탕 ', 0.00037702069298052625), ([[544, 68], [680, 68], [680, 118], [544, 118]], '아이러떤', 0.14905142784118652), ([[488, 108], [680, 108], [680, 160], [488, 160]], '유이- ?', 0.005610526609185219), ([[29, 131], [247, 131], [247, 239], [29, 239]], '올래내지하', 0.019298806298967547), ([[524, 162], [680, 162], [680, 212], [524, 212]], '82근런%', 0.007746251801632439), ([[470, 198], [682, 198], [682, 250], [470, 250]], '갑이하로 언', 0.011800907380254607), ([[38, 254], [108, 254], [108, 310], [38, 310]], '댐?', 0.14121051752651118), ([[524, 238], [680, 238], [680, 290], [524, 290]], '문승분입 @', 0.007290305936416262), ([[516.00019994002, 25.100979706097966], [596.6622073259181, 37.19339466120676], [587.99980005998, 83.89902029390204], [507.337792674082, 71.80660533879323]], '히%', 0.09583564527332754)]
[([[64, 152], [136, 152], [136, 208], [64, 208]], '유월', 0.01035081709246697), ([[537, 57], [599, 57], [599, 299], [537, 299]], ';', 0.017411181568132372)]
[([[544, 76], [646, 76], [646, 130], [544, 130]], '0}어형', 0.004184646997600794), ([[52, 122], [188, 122], [188, 170], [52, 170]], '00)', 0.23697326843936697), ([[508, 130], [646, 130], [646, 186], [508, 186]], '이`}어형', 0.00031368556519707845), ([[48, 164], [238, 164], [238, 238], [48, 238]], '뭄문손안어', 0.0015007255103880132)]
[([[24, 50], [218, 50], [218, 100], [24, 100]], '던젠터뜨미따', 0.009223281915921911), ([[484, 44], [657, 44], [657, 94], [484, 94]], '음고니다', 0.03421129658818245), ([[22, 86], [230, 86], [230, 134], [22, 134]], '@깨스금운튼문 ', 0.014236582146788957), ([[494, 80], [658, 80], [658, 128], [494, 128]], '과랑드하 }', 0.0028352044917195735), ([[21, 117], [189, 117], [189, 178], [21, 178]], '당히업숙히에', 0.011276854776841537), ([[478, 150], [658, 150], [658, 198], [478, 198]], '태; @양', 0.016468079001159812), ([[25, 185], [135, 185], [135, 229], [25, 229]], '물 0', 0.05427196881173907), ([[28, 216], [194, 216], [194, 268], [28, 268]], '(뭐 뭐문지 ', 0.03285236745042081)]
[([[550, 76], [624, 76], [624, 124], [550, 124]], '메', 0.01726388954365632), ([[69, 137], [157, 137], [157, 173], [69, 173]], '잠깐:', 0.055606521511386585), ([[515, 119], [627, 119], [627, 185], [515, 185]], '8입', 0.2487004849193972), ([[66, 170], [178, 170], [178, 220], [66, 220]], '갑찰 ', 0.01603994715550767), ([[62, 208], [166, 208], [166, 260], [62, 260]], '@%', 0.3714933783611468)]
[([[556, 20], [662, 20], [662, 68], [556, 68]], '매례', 0.1300978429049476), ([[504, 62], [662, 62], [662, 114], [504, 114]], '마드린때', 0.03440127521753311), ([[50, 107], [216, 107], [216, 162], [50, 162]], '된분안점때', 0.005788441594824693), ([[492, 120], [660, 120], [660, 172], [492, 172]], '8 움 예', 0.16552538254948224), ([[52, 152], [172, 152], [172, 206], [52, 206]], '맨뼈없', 0.018037272425688193), ([[517, 161], [659, 161], [659, 203], [517, 203]], '@다의', 0.23956309661778427), ([[500, 196], [660, 196], [660, 246], [500, 246]], '어집어@소리', 0.01697331642719531), ([[41, 243], [265, 243], [265, 305], [41, 305]], '@내조가럽', 0.049299788973188555), ([[549, 241], [659, 241], [659, 279], [549, 279]], '린여원"', 0.048008572310209274), ([[444, 270], [660, 270], [660, 322], [444, 322]], '43+솔말0"0)', 0.001210958855906536)]
[([[73, 37], [137, 37], [137, 393], [73, 393]], '"', 0.6212840786629528), ([[545, 25], [609, 25], [609, 353], [545, 353]], '1', 0.4947785419962578)]
[([[587, 35], [679, 35], [679, 73], [587, 73]], '어}아', 0.0010110275196234181), ([[34, 84], [192, 84], [192, 140], [34, 140]], '답답워탕 ', 0.0005818769046539817), ([[544, 68], [680, 68], [680, 118], [544, 118]], '아이러떤', 0.14140747487545013), ([[488, 106], [680, 106], [680, 160], [488, 160]], '눈이_고야', 0.005052710077591482), ([[29, 131], [247, 131], [247, 239], [29, 239]], '올래내지하', 0.015049360465543228), ([[522, 162], [680, 162], [680, 212], [522, 212]], '822런%', 0.00277089540125875), ([[470, 198], [682, 198], [682, 250], [470, 250]], '같이하로 언', 0.010739728382565017), ([[38, 256], [104, 256], [104, 308], [38, 308]], '민?', 0.29252552257437997), ([[524, 238], [680, 238], [680, 290], [524, 290]], '워승분입 @', 0.00542006946942887), ([[516.00019994002, 25.100979706097966], [596.6622073259181, 37.19339466120676], [587.99980005998, 83.89902029390204], [507.337792674082, 71.80660533879323]], '히%', 0.056968962748515956)]
[([[64, 152], [136, 152], [136, 206], [64, 206]], '-', 0.019239957597850577), ([[536, 57], [598, 57], [598, 298], [536, 298]], '9', 0.03392652885403269)]
[([[544, 76], [646, 76], [646, 130], [544, 130]], '0}어형', 0.002982351230457425), ([[50, 122], [188, 122], [188, 170], [50, 170]], '@0)', 0.06760645410401453), ([[508, 130], [646, 130], [646, 186], [508, 186]], '이값}어형', 0.0002888530972075996), ([[48, 164], [238, 164], [238, 238], [48, 238]], '진문손안어', 0.0011345112028599091)]
[([[232, 402], [544, 402], [544, 483], [232, 483]], '@몸 배젠( ~', 0.0947397237869192)]
