2568850
50
[]
[([[969, 1043], [1114, 1043], [1114, 1197], [969, 1197]], "'3", 0.0012271264604636536), ([[20, 2826], [118, 2826], [118, 2875], [20, 2875]], '꼴7', 0.040056815279363375)]
[([[20, 2826], [118, 2826], [118, 2875], [20, 2875]], '꼴7', 0.12721015833763732)]
[([[970, 1046], [1106, 1046], [1106, 1187], [970, 1187]], "':", 0.0025151581278714426), ([[20, 2826], [118, 2826], [118, 2875], [20, 2875]], '꼴7', 0.13396661212282762)]
[([[973, 1045], [1101, 1045], [1101, 1184], [973, 1184]], "'3", 0.012902721867826776), ([[20, 2826], [118, 2826], [118, 2875], [20, 2875]], '꼴7', 0.10634601710261912)]
[([[972, 1046], [1104, 1046], [1104, 1187], [972, 1187]], "'3", 0.01807077107709689), ([[20, 2826], [118, 2826], [118, 2875], [20, 2875]], '꼴7', 0.024671995094233897)]
[([[972, 1046], [1104, 1046], [1104, 1187], [972, 1187]], "'3", 0.01807077107709689), ([[23, 2826], [118, 2826], [118, 2875], [23, 2875]], '히잘7', 0.011210978187405844)]
[([[1448, 1938], [1690, 1938], [1690, 2170], [1448, 2170]], '씨', 0.00823432545873004), ([[23, 2826], [118, 2826], [118, 2875], [23, 2875]], '잘7', 0.05329842616849655)]
[([[1466, 1950], [1665, 1950], [1665, 2155], [1466, 2155]], '1', 0.009630958257912658), ([[20, 2826], [118, 2826], [118, 2875], [20, 2875]], '꼴7', 0.07648104410375087)]
[([[23, 2826], [118, 2826], [118, 2875], [23, 2875]], '히87', 0.009285452984990407)]
[([[20, 2826], [118, 2826], [118, 2875], [20, 2875]], '꼴잘7', 0.036605610972667964)]
[]
[([[972, 1046], [1106, 1046], [1106, 1187], [972, 1187]], '*', 0.6014943637886496), ([[20, 2826], [118, 2826], [118, 2875], [20, 2875]], '꼴7', 0.11281394603069445)]
[([[971, 1047], [1099, 1047], [1099, 1186], [971, 1186]], "'3", 0.02003529778715102), ([[20, 2826], [118, 2826], [118, 2875], [20, 2875]], '꼴잘7', 0.029633419409554298)]
[([[20, 2826], [118, 2826], [118, 2875], [20, 2875]], '꼴잘', 0.015674184146006593)]
[([[20, 2826], [118, 2826], [118, 2875], [20, 2875]], '꼴7', 0.11877909738438185)]
[([[20, 2826], [118, 2826], [118, 2875], [20, 2875]], '꼴7', 0.10948208907865159)]
[([[1465, 1947], [1650, 1947], [1650, 2157], [1465, 2157]], '1', 0.006362458702913187), ([[20, 2826], [118, 2826], [118, 2875], [20, 2875]], '꼴7', 0.08321604811847859)]
[([[20, 2826], [118, 2826], [118, 2875], [20, 2875]], '꼴7', 0.1135396415487825), ([[1417.904348399267, 2024.598263276922], [1533.839083693896, 1914.0160072199194], [1690.095651600733, 2109.401736723078], [1574.160916306104, 2219.983992780081]], '/', 0.019451497411795637)]
[([[1355, 2086], [1535, 2086], [1535, 2188], [1355, 2188]], '4표', 0.10700576705243618), ([[20, 2826], [118, 2826], [118, 2875], [20, 2875]], '꼴7', 0.1239031606560069), ([[1240.7019610810814, 2029.6760793513522], [1379.4902832980495, 1919.7396321354474], [1445.2980389189186, 2025.3239206486478], [1306.5097167019505, 2135.2603678645523]], '613', 0.012164712850941332), ([[525.1538916566742, 2148.0238823231334], [705.9718775233414, 2244.0819131707385], [644.8461083433258, 2354.9761176768666], [464.02812247665855, 2258.9180868292615]], '표내', 0.02320868088653666), ([[1354.414738017591, 2261.0122386204243], [1634.6757500026133, 2426.004359523237], [1572.585261982409, 2527.9877613795757], [1292.3242499973867, 2362.995640476763]], '<듯다!', 0.09667743742465973)]
[([[935, 1566], [1326, 1566], [1326, 1679], [935, 1679]], '2웃;다 2', 0.035586150309663854), ([[1355, 2086], [1535, 2086], [1535, 2188], [1355, 2188]], '4표', 0.0921302092677026), ([[20, 2826], [118, 2826], [118, 2875], [20, 2875]], '꼴', 0.10542774686151635), ([[1239.4795499403433, 2023.6111448866523], [1382.9392545281771, 1921.9002379904869], [1447.5204500596567, 2029.3888551133477], [1304.0607454718229, 2131.099762009513]], '1}', 0.09783744372080502), ([[528.1243031180026, 2154.025583317843], [709.8938259237768, 2240.2184418751463], [652.8756968819974, 2354.974416682157], [471.1061740762231, 2268.7815581248537]], '또;', 0.04759592687314485), ([[1353.4195865806416, 2259.0120365934627], [1634.6522829105456, 2426.899166026627], [1572.5804134193584, 2527.9879634065373], [1290.3477170894544, 2361.100833973373]], '<듯다:', 0.12424992769956589)]
[([[980, 1049], [1101, 1049], [1101, 1184], [980, 1184]], '*', 0.03509096296111047), ([[751, 1970], [815, 1970], [815, 2079], [751, 2079]], '"', 0.3175685107201822), ([[1290, 1945], [1418, 1945], [1418, 2089], [1290, 2089]], '4', 0.04025876872397505), ([[1357, 2086], [1535, 2086], [1535, 2188], [1357, 2188]], '8표', 0.07439991141036158), ([[20, 2826], [118, 2826], [118, 2875], [20, 2875]], '꼴잘7', 0.02907637987268442), ([[527.1538916566742, 2148.0238823231334], [705.9863733450259, 2246.3607708051886], [643.8461083433258, 2354.9761176768666], [465.0136266549742, 2256.6392291948114]], '또츠', 0.007916291451426421), ([[1346.4267107705416, 2257.011742801214], [1635.6861449364308, 2425.052214936769], [1572.5732892294584, 2528.988257198786], [1283.3138550635692, 2360.947785063231]], '< 듯다?', 0.0583462784998421), ([[1359.04466528811, 2594.104466528811], [1477.9769775501215, 2531.5013538244834], [1512.95533471189, 2596.895533471189], [1393.0230224498785, 2659.4986461755166]], '*~', 0.29192039297541705)]
[([[975, 1045], [1101, 1045], [1101, 1186], [975, 1186]], '%3', 0.01150175400026582), ([[1462, 1946], [1683, 1946], [1683, 2166], [1462, 2166]], '셋', 0.0194784865368689)]
[([[1355, 2085], [1537, 2085], [1537, 2189], [1355, 2189]], '4표', 0.05540523920803536), ([[20, 2826], [118, 2826], [118, 2875], [20, 2875]], '꼴7', 0.11826365229709344), ([[1265.291290442026, 1989.8156132376723], [1394.9932088263465, 1928.3476702554904], [1439.708709557974, 2044.1843867623277], [1311.0067911736535, 2105.6523297445096]], '2;', 0.04902426840169256), ([[526.1538916566742, 2148.0238823231334], [705.9865014221155, 2246.3637806000047], [643.8461083433258, 2354.9761176768666], [464.0134985778845, 2256.6362193999953]], '또;', 0.026419206912649273), ([[1347.4122832582268, 2261.012341545797], [1636.7490002813297, 2422.360873011014], [1575.5877167417732, 2526.987658454203], [1286.2509997186703, 2365.639126988986]], '~듯다:', 0.12443985044956207), ([[1366.7530495244557, 2597.0024396195645], [1475.0800882559265, 2534.1186571206013], [1509.2469504755443, 2598.9975603804355], [1399.9199117440735, 2660.8813428793987]], '*~', 0.20878586456580567)]
[([[67, 108], [535, 108], [535, 240], [67, 240]], '목출임좀:', 0.294536388273568), ([[23, 2826], [118, 2826], [118, 2875], [23, 2875]], '잘7', 0.07410078268950074), ([[581.8786796564403, 1251.1507575950825], [774.293049108337, 1222.1274602134663], [785.1213203435597, 1350.8492424049175], [592.706950891663, 1380.8725397865337]], '두군;', 0.04472219040801708), ([[1320.8175901425775, 2269.159612969527], [1524.288650420603, 2235.1224308819724], [1537.1824098574225, 2366.840387030473], [1333.711349579397, 2401.8775691180276]], '움질?', 0.0638553800067701), ([[237.31671842700024, 2417.2419513485015], [427.74800400922845, 2375.5367113287643], [446.68328157299976, 2501.7580486514985], [255.25199599077152, 2543.4632886712357]], '포동9', 0.12547666605260385)]
[([[123, 54], [238, 54], [238, 184], [123, 184]], '!!', 0.02238172232095628), ([[975, 1047], [1099, 1047], [1099, 1182], [975, 1182]], '*', 0.24505155930961564), ([[1280, 1905], [1525, 1905], [1525, 2124], [1280, 2124]], '3', 0.1118294779323401), ([[644, 2221], [805, 2221], [805, 2438], [644, 2438]], '콩', 0.5838818985195218), ([[23, 2826], [118, 2826], [118, 2875], [23, 2875]], '히7', 0.05288320720416841), ([[120.24752030833126, 160.0157353691171], [566.9996188733, 295.88286582078115], [516.7524796916688, 434.98426463088293], [70.00038112669996, 299.11713417921885]], '이 이양', 0.05619824305176735), ([[84.05394100379026, 297.0248790720148], [500.79897597464685, 376.3173792191322], [463.94605899620973, 522.9751209279851], [47.20102402535314, 444.6826207808678]], '잠깐만]', 0.2743203043937683), ([[1354.9299722007725, 862.4829138223945], [1525.973343700601, 826.964621782184], [1538.0700277992275, 912.5170861776055], [1366.026656299399, 948.035378217816]], "아잇'", 0.20311459439243879), ([[1429.0041067935324, 1145.0451747288553], [1545.2729944883297, 1183.0673692974362], [1512.9958932064676, 1276.9548252711447], [1396.7270055116703, 1239.9326307025638]], '두2', 0.24219459233914586), ([[581.7191422361909, 1255.1744245352406], [773.1281051487259, 1221.9419049617286], [786.2808577638091, 1349.8255754647594], [594.8718948512741, 1383.0580950382714]], '두려;', 0.1547908407046969), ([[1404.1381924084922, 2136.010611784782], [1748.9985733283734, 2371.683985793875], [1580.8618075915078, 2611.989388215218], [1236.0014266716266, 2376.316014206125]], '주움', 0.10423833128081482)]
[([[40, 337], [672, 337], [672, 537], [40, 537]], '하룻요양양0', 0.12175871212187717), ([[973, 1047], [1099, 1047], [1099, 1184], [973, 1184]], '*:', 0.004398190532066641), ([[1266, 1920], [1762, 1920], [1762, 2293], [1266, 2293]], '활장', 0.014356676998149631), ([[20, 2826], [118, 2826], [118, 2875], [20, 2875]], '꼴7', 0.06733162385683818), ([[101.79986967406288, 37.03794085019335], [319.78626954811654, 69.0993733558824], [289.20013032593715, 232.96205914980663], [71.21373045188349, 200.9006266441176]], '이양', 0.2945196951176854), ([[80.94606962717206, 184.02925328909717], [540.6198843480018, 243.2184782339599], [509.05393037282795, 401.97074671090286], [50.38011565199813, 342.7815217660401]], '싫어어때', 0.23896390199661255), ([[1352.2527887210263, 860.3847605235918], [1527.217975313999, 829.3022037822941], [1536.7472112789737, 914.6152394764082], [1360.782024686001, 944.6977962177059]], '아잇', 0.20846387757042292), ([[581.8485639152166, 1252.1550910149947], [773.2308513405293, 1222.0567621889581], [785.1514360847834, 1350.8449089850053], [593.7691486594707, 1380.9432378110419]], '두군;', 0.03715951241087629), ([[803.5759065820338, 1650.056422933626], [922.8496604586234, 1592.0952867605258], [1013.4240934179662, 1811.943577066374], [894.1503395413766, 1869.9047132394742]], '앞', 0.05350278344971948), ([[521.2146424853228, 2019.0430994461822], [945.9937313952684, 1978.805971758106], [953.7853575146772, 2299.956900553818], [529.0062686047316, 2339.194028241894]], '활쩍!', 0.018578000721745157)]
[([[37, 335], [673, 335], [673, 546], [37, 546]], '하웃양양', 0.10518871247768402), ([[507, 2012], [876, 2012], [876, 2325], [507, 2325]], '햄격', 0.02111451413062302), ([[1267, 1921], [1759, 1921], [1759, 2290], [1267, 2290]], '활내', 0.014469811098313499), ([[20, 2826], [118, 2826], [118, 2875], [20, 2875]], '꼴7', 0.11259285075680553), ([[102.82214559736244, 36.03654411753524], [319.89919484798, 71.3156915364547], [287.17785440263754, 234.96345588246476], [70.10080515201996, 199.6843084635453]], '이양', 0.3489248760206843), ([[80.95187467829594, 184.02893167715632], [540.6278629628054, 244.25797896332165], [509.04812532170405, 402.9710683228437], [50.372137037194605, 342.74202103667835]], '싫어어때', 0.5556668043136597), ([[1352.2527887210263, 860.3847605235918], [1527.217975313999, 829.3022037822941], [1536.7472112789737, 914.6152394764082], [1360.782024686001, 944.6977962177059]], '아잇', 0.19719669147511934), ([[582.8786796564403, 1252.1507575950825], [774.2975046833596, 1223.1325592006099], [785.1213203435597, 1351.8492424049175], [593.7024953166404, 1380.8674407993901]], '두;', 0.2392611060122558), ([[805.575449552801, 1645.0534790522538], [931.9473561732868, 1590.229994896437], [1014.424550447199, 1815.9465209477462], [888.0526438267132, 1869.770005103563]], '읽', 0.02300435209716145)]
[([[76, 87], [379, 87], [379, 220], [76, 220]], '하으요', 0.07382781469014318), ([[361, 161], [428, 161], [428, 203], [361, 203]], '', 0.0), ([[76, 198], [789, 198], [789, 337], [76, 337]], '보지카 선생침으로', 0.16248805811675635), ([[79, 313], [593, 313], [593, 449], [79, 449]], '더렵어워어밤', 0.014020318486272818), ([[754, 905], [895, 905], [895, 986], [754, 986]], '하연', 0.07723729695477093), ([[1410, 1156], [1532, 1156], [1532, 1269], [1410, 1269]], '우2', 0.2796928367312324), ([[1908, 2214], [2157, 2214], [2157, 2486], [1908, 2486]], '헌제', 0.0013085427854756797), ([[0, 2327], [443, 2327], [443, 2632], [0, 2632]], ")올필'", 0.4241638779640198), ([[20, 2826], [118, 2826], [118, 2875], [20, 2875]], '꼴7', 0.05989426992543024), ([[1369.0863768078796, 868.0464927172186], [1513.7801763801153, 907.0230066428879], [1489.9136231921204, 983.9535072827814], [1345.2198236198847, 944.9769933571121]], '085', 0.022257720694951483), ([[581.7191422361909, 1255.1744245352406], [772.095861334343, 1221.9063454958557], [785.2808577638091, 1349.8255754647594], [594.904138665657, 1383.0936545041443]], '두려;', 0.04917705123007094), ([[1201.1519862692069, 2305.10708191518], [1425.9971797374656, 2284.6686914705374], [1428.8480137307931, 2422.89291808482], [1205.0028202625344, 2443.3313085294626]], '알빛0', 0.0024242917345539245)]
[([[76, 87], [520, 87], [520, 220], [76, 220]], '야-안돼-', 0.02227806333618076), ([[74, 196], [1021, 196], [1021, 335], [74, 335]], '근렇젯탤리멘보짓속살이', 0.034798531485428476), ([[80, 313], [561, 313], [561, 441], [80, 441]], '타보여오유', 0.10012744472791764), ([[752, 902], [897, 902], [897, 988], [752, 988]], '하연', 0.08239765334815251), ([[1413, 1156], [1527, 1156], [1527, 1264], [1413, 1264]], '우2', 0.1685509763221991), ([[1902, 2208], [2158, 2208], [2158, 2487], [1902, 2487]], '울제', 0.003794964337055528), ([[0, 2320], [444, 2320], [444, 2647], [0, 2647]], ")용필'", 0.21641004085540771), ([[23, 2826], [118, 2826], [118, 2875], [23, 2875]], '히7', 0.055109204607540034), ([[1369.067545241665, 869.048434319983], [1512.7615250780811, 906.9419236393769], [1490.932454758335, 982.951565680017], [1346.2384749219189, 946.0580763606231]], "@양'", 0.10703020305922226), ([[582.7857215662096, 1253.1643344936047], [773.1281051487259, 1220.9419049617286], [785.2142784337904, 1349.8356655063953], [594.8718948512741, 1382.0580950382714]], '두;', 0.19412954653982445), ([[1182.957571773447, 2269.0453649025544], [1887.0546720603131, 2192.15736208546], [1898.042428226553, 2585.9546350974456], [1193.9453279396869, 2662.84263791454]], '활짝 -%', 0.038333046625395446)]
[([[49, 55], [547, 55], [547, 276], [49, 276]], '아 안잘', 0.07487323368996132), ([[975, 1045], [1101, 1045], [1101, 1184], [975, 1184]], '%3', 0.007791514018003256), ([[1413, 1156], [1527, 1156], [1527, 1266], [1413, 1266]], '우2', 0.3460953447972719), ([[20, 2826], [118, 2826], [118, 2875], [20, 2875]], '꼴족7', 0.0073770342361686725), ([[94.73561923845003, 267.39878196378515], [809.3880734649724, 176.54125816347707], [816.26438076155, 365.60121803621485], [101.61192653502759, 456.4587418365229]], '방노해없릇이', 0.046769001500394015), ([[1362.946565205136, 853.0427520231736], [1558.475757360034, 895.3454852177678], [1531.053434794864, 1001.9572479768264], [1335.524242639966, 960.6545147822322]], '엇양', 0.05908166131961444), ([[581.6843467958959, 1255.1798194937335], [773.0247782103088, 1220.828753005973], [787.3156532041041, 1348.8201805062665], [595.9752217896912, 1384.171246994027]], '털;', 0.0285379106012583), ([[1097.259478932476, 2306.919550982637], [1894.944512607444, 2000.602163119566], [1986.740521067524, 2342.080449017363], [1189.055487392556, 2648.3978368804337]], '소르크륙_', 0.0386908869191749), ([[477.16106705001084, 2020.0097764454647], [848.9999195457913, 2269.9238902335183], [676.8389329499892, 2520.990223554535], [304.0000804542087, 2271.0761097664817]], '저류', 0.0807351809106667), ([[1973.9898277335456, 2188.0182282192122], [2205.785745924591, 2301.843786708083], [2096.0101722664544, 2520.9817717807878], [1863.2142540754087, 2406.156213291917]], '움', 0.7512019412689916), ([[87.00636944292775, 2366.079618036597], [412.54235195540787, 2327.408448439909], [422.99363055707227, 2540.920381963403], [96.45764804459216, 2579.591551560091]], '월필!', 0.1458653650554467)]
[([[73, 83], [740, 83], [740, 222], [73, 222]], '문 문서워요표', 0.18138554255152498), ([[74, 202], [672, 202], [672, 339], [74, 339]], '살살해주세요', 0.672607718758986), ([[752, 902], [897, 902], [897, 988], [752, 988]], '하연', 0.08879416309780293), ([[1286, 924], [1391, 924], [1391, 989], [1286, 989]], '하0', 0.5705367679309756), ([[975, 1049], [1096, 1049], [1096, 1184], [975, 1184]], '*3', 0.0015916588537379576), ([[1413, 1156], [1530, 1156], [1530, 1269], [1413, 1269]], '9', 0.021792476084142587), ([[38, 1654], [215, 1654], [215, 1793], [38, 1793]], '낮물', 0.0855528575110403), ([[2026, 1601], [2172, 1601], [2172, 1787], [2026, 1787]], '율', 0.025810964846528783), ([[1902, 2208], [2158, 2208], [2158, 2487], [1902, 2487]], '울제', 0.002112414003389803), ([[0, 2327], [443, 2327], [443, 2619], [0, 2619]], ")육필'", 0.07210501283407211), ([[1101, 2387], [1622, 2387], [1622, 2771], [1101, 2771]], '불쩍"', 0.11569155875991913), ([[23, 2826], [118, 2826], [118, 2875], [23, 2875]], '히7', 0.05964467472886491), ([[581.7857215662096, 1253.1643344936047], [772.095861334343, 1220.9063454958557], [785.2142784337904, 1349.8356655063953], [594.904138665657, 1382.0936545041443]], '두;', 0.12962492901257391)]
[([[32, 109], [433, 109], [433, 325], [32, 325]], '하맺', 0.0403506194462979), ([[86, 267], [517, 267], [517, 511], [86, 511]], '아으웃드', 0.09797558933496475), ([[970, 1046], [1109, 1046], [1109, 1187], [970, 1187]], '청', 0.03943658957385332), ([[1413, 1156], [1530, 1156], [1530, 1269], [1413, 1269]], '9', 0.01867625961739705), ([[610, 1443], [1293, 1443], [1293, 1954], [610, 1954]], '에.', 0.001718268918376637), ([[1901, 2207], [2158, 2207], [2158, 2487], [1901, 2487]], '헌', 0.02366114497967775), ([[362, 2434], [907, 2434], [907, 2778], [362, 2778]], "여4'", 0.0478744569009217), ([[20, 2826], [118, 2826], [118, 2875], [20, 2875]], '꼴7', 0.0716585813707414), ([[470.82714209497954, 248.09856304477512], [1035.9625947368597, 202.32299465617288], [1034.1728579050205, 405.9014369552249], [470.0374052631402, 451.6770053438271]], '@아양있어', 0.04374185896623375), ([[1362.9633121103225, 852.0414013790304], [1558.5462842334086, 897.595480660281], [1530.0366878896775, 1002.9585986209696], [1334.4537157665914, 958.404519339719]], '엇양', 0.057890084509834454), ([[580.5340151904196, 1258.2040911425179], [770.8535748079227, 1219.6462608740212], [787.4659848095804, 1347.7959088574821], [597.1464251920773, 1385.3537391259788]], '두;', 0.37757826966488495), ([[1402.2997211652316, 2205.0084562405937], [1618.1501325176007, 2277.1588333385375], [1483.7002788347684, 2676.9915437594063], [1268.8498674823993, 2604.8411666614625]], '푸', 0.19724357132650994), ([[1594.4119413117546, 2290.00720551959], [1771.8827242976595, 2365.993495956521], [1608.5880586882454, 2745.99279448041], [1431.1172757023405, 2671.006504043479]], '숙', 0.5994758469199866), ([[89.11147218176524, 2363.0714327993014], [418.991579343822, 2331.988779019025], [423.88852781823476, 2544.9285672006986], [94.00842065617796, 2576.011220980975]], "움필'", 0.2509938186372371)]
[]
[([[706, 875], [882, 875], [882, 987], [706, 987]], '해럿', 0.013850559429747457), ([[611, 1444], [1334, 1444], [1334, 1960], [611, 1960]], '표쉬', 0.03200832046436631), ([[1900, 2208], [2158, 2208], [2158, 2487], [1900, 2487]], '헌', 0.024325583346432644), ([[1221, 2206], [1692, 2206], [1692, 2739], [1221, 2739]], '폭', 0.7247141275393574), ([[20, 2826], [118, 2826], [118, 2875], [20, 2875]], '꼴7', 0.06531526435849916), ([[517.7800621124003, 101.29034161820167], [812.9717962150411, 35.65147980900748], [835.2199378875997, 191.70965838179833], [540.0282037849589, 257.34852019099253]], '아앗', 0.06745657947738587), ([[18.00992561958002, 80.09925619580022], [325.59340327733725, 48.83492195837159], [329.99007438041997, 219.90074380419978], [23.406596722662737, 252.16507804162842]], '아행', 0.1294276445490074), ([[105.62395816769244, 385.04739343154034], [982.8179492626175, 115.91591038822328], [1010.3760418323076, 279.95260656845966], [133.18205073738253, 549.0840896117767]], '차치카 쾌득차어오', 0.011587982393343415), ([[47.54654412007375, 244.20119853208112], [514.6152060254301, 119.86739344391837], [551.4534558799262, 284.79880146791885], [84.3847939745699, 408.1326065560816]], '질구안엔손', 0.03918209548014938), ([[151.13596892657316, 527.5710694916073], [668.9454185113327, 351.5962589725606], [709.8640310734269, 526.4289305083927], [191.05458148866734, 701.4037410274394]], '하양아이양', 0.2521979014938798), ([[1400.140954575654, 818.0284140923744], [1576.926761851853, 894.6220203102085], [1529.859045424346, 994.9715859076256], [1354.073238148147, 918.3779796897915]], '아양!', 0.20779679745220392), ([[1428.9951383866066, 1141.0421468006198], [1551.262942640755, 1182.8592122644284], [1514.0048616133934, 1283.9578531993802], [1392.737057359245, 1241.1407877355716]], '두관', 0.07243511391770009), ([[580.5733745940028, 1256.197585023417], [771.8519432822733, 1217.644550854824], [788.4266254059972, 1346.802414976583], [597.1480567177267, 1384.355449145176]], '두;', 0.17114129000117162), ([[1497.1362705495535, 1517.0093264443267], [1763.6104167384674, 1717.5484106815334], [1505.8637294504465, 2059.9906735556733], [1239.3895832615326, 1859.4515893184666]], '꼭', 0.28426082608348224), ([[1733.1880787286962, 1707.0103019106275], [1965.0711135309439, 1824.637298898538], [1791.8119212713038, 2164.9896980893727], [1559.9288864690561, 2046.362701101462]], '숲;', 0.5094563185475004), ([[342.19558262607904, 2050.0397256119945], [873.9697450363549, 2008.6279686476946], [876.804417373921, 2358.9602743880055], [344.0302549636452, 2400.3720313523054]], '섞속)', 0.01906634352863342), ([[88.08258752788157, 2365.0736378624606], [401.47181637641745, 2332.3204474871545], [408.91741247211843, 2544.9263621375394], [95.52818362358252, 2578.6795525128455]], "움필'", 0.32490938794424357), ([[316.66095858792096, 2495.066775288617], [839.5103158884657, 2402.611669923377], [871.339041412079, 2751.933224711383], [348.4896841115343, 2843.388330076623]], "작4'", 0.02433135604296095)]
[([[23, 82], [428, 82], [428, 256], [23, 256]], '해웃때', 0.07558023249483076), ([[37, 166], [968, 166], [968, 418], [37, 418]], '이양-마긁술양', 5.247675681410445e-05), ([[603, 326], [860, 326], [860, 506], [603, 506]], '전부', 0.9998923586458092), ([[706, 875], [882, 875], [882, 985], [706, 985]], '해유', 0.04286626854344537), ([[1633, 1338], [1861, 1338], [1861, 1532], [1633, 1532]], '~~', 0.4247474208961731), ([[319, 2036], [878, 2036], [878, 2413], [319, 2413]], '*4', 0.06440655974707965), ([[2009, 2297], [2146, 2297], [2146, 2477], [2009, 2477]], '설', 0.02500478744857504), ([[1223, 2206], [1695, 2206], [1695, 2745], [1223, 2745]], '폭', 0.21710105434792926), ([[20, 2826], [118, 2826], [118, 2875], [20, 2875]], '꼴불7', 0.00525311682861559), ([[63.77849285353602, 379.11783282323864], [622.541675485176, 337.31085705477716], [621.221507146464, 514.8821671767614], [62.45832451482396, 557.6891429452228]], '짓3속-진', 0.19708669659829262), ([[92.68998283650872, 546.133852393975], [551.040503136399, 499.3663306418662], [553.3100171634912, 671.866147606025], [94.95949686360102, 717.6336693581338]], '들어갖때드', 0.22619565265651595), ([[1401.1521358464543, 817.0276784507502], [1577.9466116840802, 895.8230353014472], [1529.8478641535457, 995.9723215492498], [1354.0533883159198, 916.1769646985528]], '아양!', 0.17199848622837766), ([[1432.0353897209563, 1140.0388325398578], [1559.52, 1189.64], [1518.9646102790437, 1287.9611674601422], [1392.48, 1238.36]], '두2대', 0.008501346616330042), ([[580.6115134176307, 1256.1913831893103], [771.8165706543115, 1218.607608587034], [788.3884865823693, 1347.8086168106897], [597.1834293456885, 1386.392391412966]], '두;', 0.10945592847557988), ([[441.2039851764591, 1621.8283688705642], [1634.061151184118, 1259.781079418855], [1747.7960148235409, 1751.1716311294358], [554.938848815882, 2113.218920581145]], '부로로로류', 0.11591351928673113), ([[1098.352251072343, 1967.7021557906526], [2007.7629493716636, 1649.7209370701728], [2089.6477489276567, 1996.2978442093474], [1179.2370506283364, 2314.279062929827]], '\'소르크큼"', 0.048517253112803735), ([[1940.3475569199184, 2215.0163827063775], [2040.983344657435, 2227.0349237396417], [2013.6524430800816, 2439.9836172936225], [1913.016655342565, 2427.9650762603583]], '움', 0.4001502701203776), ([[84.17325357776043, 2366.0696218686617], [396.95203802403967, 2336.2751823530693], [402.8267464222396, 2544.9303781313383], [90.04796197596032, 2574.7248176469307]], '육필!', 0.25368636037704534), ([[322.9302375569344, 2485.0535848488344], [838.879253728331, 2416.5741924576355], [857.0697624430655, 2757.9464151511656], [341.1207462716689, 2826.4258075423645]], "넘4'", 0.07206848700190968)]
[([[20, 79], [429, 79], [429, 256], [20, 256]], '하웃때', 0.15288201078515162), ([[38, 167], [965, 167], [965, 416], [38, 416]], '이양)아입안양쩐', 0.0001650065282953738), ([[603, 326], [858, 326], [858, 506], [603, 506]], '전부', 0.5474018332774114), ([[706, 875], [882, 875], [882, 985], [706, 985]], '해유', 0.0251499404513346), ([[1633, 1340], [1865, 1340], [1865, 1532], [1633, 1532]], '~~', 0.6762133521247822), ([[319, 2035], [887, 2035], [887, 2415], [319, 2415]], '44', 0.0595821737415738), ([[2009, 2295], [2148, 2295], [2148, 2477], [2009, 2477]], '절', 0.05861304511894616), ([[20, 2826], [118, 2826], [118, 2875], [20, 2875]], '꼴7', 0.06565268406036263), ([[63.7307572038632, 380.12296627554144], [622.5288770648373, 336.2784094522908], [621.2692427961368, 513.8770337244586], [62.471122935162704, 557.7215905477092]], '진3속-켓', 0.022419038557774405), ([[92.68998283650872, 546.133852393975], [550.0156739825967, 499.3146392733066], [553.3100171634912, 671.866147606025], [94.9843260174033, 718.6853607266934]], '들어*-드', 0.23555707833295692), ([[1397.1116703186813, 822.0303866527453], [1575.828415131338, 889.8948241835753], [1533.8883296813187, 993.9696133472547], [1355.171584868662, 926.1051758164247]], "아양'", 0.2201734636585807), ([[1428.946565205136, 1140.0427520231738], [1562.2727773757524, 1184.7129339303879], [1525.053434794864, 1288.9572479768262], [1391.7272226242476, 1244.2870660696121]], '무2', 0.016880449240062306), ([[580.493376548387, 1257.2109216354831], [772.8151946305637, 1217.606176588809], [789.506623451613, 1345.7890783645169], [597.1848053694363, 1386.393823411191]], '두삶;', 0.049738847615968695), ([[429.163288030261, 1630.2449320453916], [1627.2286561521232, 1251.3936010735977], [1755.8367119697389, 1746.7550679546084], [557.7713438478768, 2125.606398926402]], '부로로로릇', 0.062494249002694735), ([[1099.1701618121608, 1968.7188737856682], [1997.280163865743, 1650.7707750189377], [2080.8298381878394, 1999.2811262143318], [1182.719836134257, 2317.229224981062]], '소_크큼"', 0.05947441068667475), ([[1941.3508109797294, 2215.016219594588], [2040.983344657435, 2227.0349237396417], [2013.6491890202706, 2440.983780405412], [1913.016655342565, 2427.9650762603583]], '움', 0.3388150524056641), ([[1336.2490331678591, 2192.008812950798], [1577.3768620583976, 2264.1477159019328], [1450.7509668321409, 2681.991187049202], [1208.6231379416024, 2608.8522840980672]], '푸표', 0.23672380382642613), ([[1466.264196347881, 2297.009336106506], [1684.9290987102993, 2336.2064171434954], [1608.735803652119, 2748.990663893494], [1391.0709012897007, 2709.7935828565046]], '숲', 0.053868643836040064), ([[83.14509981936314, 2367.0717876697845], [395.8911917674125, 2335.197200480759], [401.85490018063683, 2543.9282123302155], [90.10880823258748, 2574.802799519241]], '육필!', 0.35629624942409), ([[321.9525577053004, 2476.051154106008], [841.5324496572958, 2408.794950513115], [859.0474422946996, 2757.948845893992], [340.4675503427041, 2825.205049486885]], "*4'", 0.023282319546733335)]
[([[76, 90], [278, 90], [278, 227], [76, 227]], '이용', 0.11916007664669132), ([[73, 204], [842, 204], [842, 352], [73, 352]], '죄름평생찌받이로', 0.05764159421862387), ([[71, 327], [696, 327], [696, 473], [71, 473]], '신용해주제요0', 0.2855507579811863), ([[1410, 1156], [1530, 1156], [1530, 1271], [1410, 1271]], '92', 0.277059176935053), ([[1019, 1565], [1327, 1565], [1327, 1682], [1019, 1682]], '웃; 2', 0.0544817788780877), ([[405, 1545], [952, 1545], [952, 1889], [405, 1889]], "편4'", 0.025861583088922994), ([[1357, 2086], [1538, 2086], [1538, 2188], [1357, 2188]], '장프', 0.00466918561135052), ([[1530, 1857], [1934, 1857], [1934, 2319], [1530, 2319]], '폭', 0.4791916786147432), ([[1958, 2230], [2031, 2230], [2031, 2307], [1958, 2307]], '0', 0.9997568278342897), ([[1331, 2290], [1426, 2290], [1426, 2374], [1331, 2374]], '<', 0.9752928325671952), ([[1897, 2276], [2158, 2276], [2158, 2488], [1897, 2488]], '3제', 0.14924866189580357), ([[0, 2328], [432, 2328], [432, 2628], [0, 2628]], ")월필'", 0.30215927958488464), ([[20, 2826], [118, 2826], [118, 2875], [20, 2875]], '히7', 0.050197038554663835), ([[1377.2335635976378, 857.0326940923634], [1515.9983147294577, 922.8258390697524], [1480.7664364023622, 991.9673059076366], [1343.0016852705423, 926.1741609302476]], "@양'", 0.04565669304007095), ([[581.5733745940028, 1257.197585023417], [773.0247782103088, 1220.828753005973], [788.4266254059972, 1347.802414976583], [595.9752217896912, 1384.171246994027]], '두삶;', 0.10637758605748258), ([[1275.7929558354822, 2029.3445028380609], [1379.9251229978986, 1932.124049561693], [1458.2070441645178, 2034.6554971619391], [1354.0748770021014, 2131.875950438307]], '90', 0.014263499558520834), ([[524.1538916566742, 2147.0238823231334], [708.9729066582294, 2243.098852840014], [647.8461083433258, 2353.9761176768666], [463.02709334177064, 2257.901147159986]], '`;', 0.05006299258214536), ([[1443.2718203213417, 2310.0189501697623], [1637.9743589528366, 2426.1530691543735], [1573.7281796786583, 2529.9810498302377], [1379.0256410471634, 2413.8469308456265]], '듯다?', 0.16029293637637523), ([[433.0026246730468, 2360.0511811244132], [924.2262749797696, 2302.355075556063], [937.9973753269531, 2632.9488188755868], [446.7737250202304, 2691.644924443937]], "*4'", 0.10915634781122208), ([[1011.1404831410791, 2288.0075390415095], [1703.830302807553, 2585.9255027644285], [1530.8595168589209, 2955.9924609584905], [839.169697192447, 2658.0744972355715]], '9 58:', 0.008876705154867368)]
[([[69, 56], [414, 56], [414, 256], [69, 256]], '@양교', 0.07835865991983322), ([[66, 220], [610, 220], [610, 425], [66, 425]], '@기리3씹', 0.0033505153627263256), ([[60, 387], [505, 387], [505, 581], [60, 581]], '@아양@', 0.07253976166248322), ([[971, 1047], [1099, 1047], [1099, 1186], [971, 1186]], '3', 0.014315797732975588), ([[1413, 1156], [1530, 1156], [1530, 1266], [1413, 1266]], '우2', 0.4770335064647819), ([[1367, 2328], [1622, 2328], [1622, 2501], [1367, 2501]], '{손#?', 0.006184827070683241), ([[1905, 2213], [2158, 2213], [2158, 2487], [1905, 2487]], '운제', 0.006926927475794913), ([[432, 2346], [1014, 2346], [1014, 2778], [432, 2778]], "살풍'", 0.1080489761962172), ([[20, 2826], [118, 2826], [118, 2875], [20, 2875]], '꼴7', 0.07318464811311283), ([[1377.2335635976378, 857.0326940923634], [1514.9982927780143, 922.8247085822464], [1480.7664364023622, 991.9673059076366], [1343.0017072219857, 926.1752914177536]], '@양1', 0.06388048772607989), ([[581.7857215662096, 1253.1643344936047], [772.0247782103088, 1219.828753005973], [785.2142784337904, 1349.8356655063953], [594.9752217896912, 1383.171246994027]], '두;', 0.0676100716247448), ([[1408.8526998748046, 1738.0117538904572], [2051.345978198484, 1872.6484782880268], [1935.1473001251954, 2337.9882461095426], [1291.6540218015161, 2203.3515217119734]], "'5중", 0.13123472034931183), ([[523.2190947487572, 2146.0217960027553], [705.9986498866838, 2247.8055743071295], [644.7809052512428, 2352.9782039972447], [462.0013501133162, 2251.1944256928705]], '`츠', 0.010407016698030428), ([[88.14509981936314, 2366.0717876697845], [416.14303022792745, 2332.5243517004365], [422.85490018063683, 2542.9282123302155], [94.85696977207255, 2575.4756482995635]], '육필!', 0.18993228385747904), ([[1365.1553545944726, 2593.4310709188944], [1478.437601569802, 2535.3435976452975], [1510.8446454055274, 2598.5689290811056], [1397.562398430198, 2656.6564023547025]], '*', 0.6185331794805258)]
[([[974, 1048], [1091, 1048], [1091, 1185], [974, 1185]], '*3', 0.006905589738381611), ([[1413, 1156], [1530, 1156], [1530, 1266], [1413, 1266]], '우2', 0.497993576875779), ([[1356, 2087], [1537, 2087], [1537, 2187], [1356, 2187]], '8표', 0.011971860642868088), ([[757, 2136], [1010, 2136], [1010, 2306], [757, 2306]], '국{!', 0.047445701384349), ([[1323, 2286], [1419, 2286], [1419, 2366], [1323, 2366]], '<', 0.46172095699194315), ([[1904, 2211], [2158, 2211], [2158, 2487], [1904, 2487]], '운제', 0.012459684790112974), ([[20, 2826], [118, 2826], [118, 2875], [20, 2875]], '꼴족7', 0.006866893464715769), ([[29.615874065660694, 172.17397843690875], [811.4409743827277, 59.092651899295824], [825.3841259343393, 334.8260215630913], [43.559025617272255, 447.90734810070416]], '하웃이야양-', 0.014428556894611018), ([[1370.077056563362, 869.0474486646115], [1513.7773438637591, 907.0104687242145], [1489.922943436638, 983.9525513353885], [1346.2226561362409, 944.9895312757855]], '@8;', 0.0815606723575047), ([[580.5733745940028, 1256.197585023417], [772.8503331621536, 1217.6428637997624], [788.4266254059972, 1346.802414976583], [597.1496668378464, 1385.3571362002376]], '두료;', 0.05878915951922233), ([[526.1490996492694, 2149.024153827141], [705.9570593800621, 2242.8658154024597], [645.8509003507306, 2354.975846172859], [465.04294061993795, 2261.1341845975403]], '또;', 0.051545739112875924), ([[1444.2563703943445, 2313.019763413676], [1635.973449933533, 2427.1382013256853], [1572.7436296056555, 2528.980236586324], [1381.026550066467, 2414.8617986743147]], '듯다:', 0.16631450461159938), ([[82.03936225331348, 2367.0802194904245], [416.2080282451794, 2330.6107105480364], [423.96063774668653, 2536.9197805095755], [90.79197175482064, 2574.3892894519636]], "움필'", 0.30800174696350213), ([[1544.9220893640486, 2496.0223536735734], [1862.505385374265, 2575.3117270036696], [1801.0779106359514, 2788.9776463264266], [1483.494614625735, 2709.6882729963304]], '꾸및', 0.031998219874174456), ([[651.4611346897555, 2555.134666083701], [985.1474204141059, 2491.2942325143376], [1007.5388653102445, 2696.865333916299], [673.8525795858941, 2760.7057674856624]], '꾸록  ', 0.2720891833305359), ([[1360.9721807150127, 2585.37774457201], [1477.9613153889325, 2531.490982114048], [1510.0278192849873, 2604.62225542799], [1394.0386846110675, 2658.509017885952]], '*~', 0.15879736790009485)]
[]
[]
[]
[]
[([[1463, 1947], [1650, 1947], [1650, 2157], [1463, 2157]], '시', 0.015905596911564013), ([[20, 2826], [118, 2826], [118, 2875], [20, 2875]], '꼴7', 0.07217527532393529)]
[]
[([[20, 2826], [118, 2826], [118, 2875], [20, 2875]], '꼴7', 0.08113450291555122)]
[([[20, 2826], [118, 2826], [118, 2875], [20, 2875]], '꼴7', 0.12061480697284639)]
[([[20, 2826], [118, 2826], [118, 2875], [20, 2875]], '꼴7', 0.040704821736631744)]
[([[20, 2826], [118, 2826], [118, 2875], [20, 2875]], '꼴7', 0.12061480697284639)]
