2571824
89
[([[0, 287], [315, 287], [315, 342], [0, 342]], '콤데계 소업체원와}', 0.0024549689891643087), ([[0, 330], [324, 330], [324, 380], [0, 380]], '쓰옮둥어름이 퇴제', 0.002579982558486214), ([[0, 369], [469, 369], [469, 420], [0, 420]], '결론히마이락가 생숙때-', 0.010468026135051196)]
[([[832, 30], [956, 30], [956, 128], [832, 128]], '후후', 0.6709174602980184), ([[46, 188], [403, 188], [403, 356], [46, 356]], '불엌 {{', 0.0030978294885679867)]
[([[54, 153], [311, 153], [311, 202], [54, 202]], '@ 넷줄 없에8으자', 0.01618249022649649), ([[24, 206], [340, 206], [340, 254], [24, 254]], '(아메이 데가} 과량 하고', 0.05027259080149678), ([[16, 256], [350, 256], [350, 304], [16, 304]], '싶음 월말하제 않으마', 0.0884545058176498), ([[34, 308], [330, 308], [330, 356], [34, 356]], '메5 면체 말해출데0', 0.04255760425357473), ([[30, 612], [168, 612], [168, 1098], [30, 1098]], '축', 0.005327808785615729)]
[([[187, 95], [345, 95], [345, 139], [187, 139]], '예스해보요', 0.13134478611534156), ([[164, 144], [368, 144], [368, 192], [164, 192]], '싶음데6 메바', 0.22416483197901294), ([[132, 196], [398, 196], [398, 244], [132, 244]], '[하고 싫어제 그랜제', 0.00799979995535678), ([[163, 249], [367, 249], [367, 293], [163, 293]], '아내요 예센 별', 0.05051471469961022), ([[201, 299], [331, 299], [331, 343], [201, 343]], '웬한고야', 0.3261859714984894), ([[73, 511], [269, 511], [269, 553], [73, 553]], '면 고씩한다늄', 0.03531620642979966), ([[13, 561], [327, 561], [327, 605], [13, 605]], '퍽렉으로 말 불렉잡이8', 0.01098384890896206), ([[0, 610], [342, 610], [342, 658], [0, 658]], ')실품 례 음방 품기교면', 0.013276564862125478), ([[8, 662], [330, 662], [330, 710], [8, 710]], '과롭행 당하문 돼릭터<', 0.05973959491567165), ([[12, 712], [330, 712], [330, 760], [12, 760]], '문명 떠예데마 햄에8 ', 0.014506277486263031), ([[49, 765], [293, 765], [293, 809], [49, 809]], '태교 품림맙울월8', 0.013907251273798263), ([[1, 1097], [361, 1097], [361, 1161], [1, 1161]], '그레미되 당당하숙', 0.0195420845248329), ([[26, 1167], [357, 1167], [357, 1236], [26, 1236]], "'책스햄에@ $ 탁교", 0.005432182509758482), ([[0, 1245], [373, 1245], [373, 1307], [0, 1307]], '예떻페문 말하락되(', 0.011385739258310414), ([[0, 1315], [365, 1315], [365, 1379], [0, 1379]], '별 괴롭혜맵 ^속', 0.0021322993812259725), ([[55, 1388], [304, 1388], [304, 1452], [55, 1452]], '마품이데되}@', 0.014619070418074545)]
[([[108, 118], [298, 118], [298, 170], [108, 170]], '애출분데 밑', 0.047910366138955586), ([[114, 174], [296, 174], [296, 230], [114, 230]], '잡롭히품데', 0.012310670897622097), ([[102, 234], [304, 234], [304, 284], [102, 284]], '마문이라보용', 0.017469634487481303), ([[120, 292], [286, 292], [286, 346], [120, 346]], '제되렵네@', 0.002444960334709071), ([[36, 655], [183, 655], [183, 707], [36, 707]], '뒷으미판', 0.006901285611093044), ([[30, 714], [188, 714], [188, 768], [30, 768]], '빨리 예군', 0.08102571459588681), ([[42, 774], [174, 774], [174, 824], [42, 824]], '오리되@', 0.02750270999968052), ([[16, 830], [203, 830], [203, 882], [16, 882]], '몸 발우미터', 0.01173322275818733), ([[36, 890], [184, 890], [184, 942], [36, 942]], '따뜻하례', 0.10062228769068428), ([[30, 948], [176, 948], [176, 998], [30, 998]], '해달)보', 0.017030784860253334)]
[([[906, 176], [1143, 176], [1143, 277], [906, 277]], '와주0', 0.46530376278817376)]
[([[1053, 93], [1191, 93], [1191, 137], [1053, 137]], '메도6 데', 0.05217400243940495), ([[907, 147], [1021, 147], [1021, 213], [907, 213]], '잠깐', 0.9998298995570304), ([[1033, 143], [1209, 143], [1209, 187], [1033, 187]], '말야 오리오', 0.08856862242119314), ([[15, 175], [217, 175], [217, 219], [15, 219]], '잠깐 데문 된페', 0.037623798112044624), ([[1036, 192], [1204, 192], [1204, 240], [1036, 240]], '해문교 멈~', 0.0772328683746492), ([[5, 227], [229, 227], [229, 271], [5, 271]], '않아8 그런페 떼', 0.06269848767185371), ([[1073, 245], [1171, 245], [1171, 289], [1073, 289]], '제운속', 0.013993999961688095), ([[14, 276], [222, 276], [222, 324], [14, 324]], '안예 돕예되주', 0.05256671648432459), ([[1056, 296], [1184, 296], [1184, 338], [1056, 338]], '미안합데', 0.2767041027545929), ([[73, 329], [163, 329], [163, 373], [73, 373]], '왜08', 0.2327246478845925), ([[673, 1013], [735, 1013], [735, 1099], [673, 1099]], '불', 0.9998017647767519), ([[278, 1164], [426, 1164], [426, 1248], [278, 1248]], '딱딱', 0.9881654662366948), ([[669, 1091], [738, 1091], [738, 1254], [669, 1254]], '꿀', 0.06768894725803776), ([[25, 1270], [264, 1270], [264, 1315], [25, 1315]], '예대해세 #자물', 0.07671549005571444), ([[673, 1243], [733, 1243], [733, 1329], [673, 1329]], '곧', 0.07055412328253485), ([[16, 1320], [271, 1320], [271, 1368], [16, 1368]], '사이예세묶 마왕이', 0.15280840692701858), ([[11, 1372], [279, 1372], [279, 1416], [11, 1416]], '라고 불린다? 태고8', 0.0426421620768997), ([[21, 1425], [265, 1425], [265, 1469], [21, 1469]], '데8 태보야8 모옛', 0.027450839642155674), ([[37, 1475], [249, 1475], [249, 1519], [37, 1519]], '빨리 말해라보0', 0.1875493165987595), ([[22, 1524], [266, 1524], [266, 1572], [22, 1572]], '잠깐 중제0 중체0', 0.11010302821044263)]
[([[33, 109], [307, 109], [307, 153], [33, 153]], '"좋아하0되 멈둘순', 0.019828432210546556), ([[38, 158], [302, 158], [302, 206], [38, 206]], '없에" 파 아갈찮야0', 0.06153387124056806), ([[32, 208], [309, 208], [309, 256], [32, 256]], '대퀴렉보 @ 꿈울"움', 0.003763509028269687), ([[941, 171], [1206, 171], [1206, 263], [941, 263]], '야 정말!', 0.49113899601587485), ([[77, 263], [263, 263], [263, 307], [77, 307]], '하마0 보통', 0.44632325770668), ([[40, 309], [298, 309], [298, 358], [40, 358]], '좋이하피가} 멈울문', 0.019119739367337373), ([[109, 365], [227, 365], [227, 407], [109, 407]], '예찮아0', 0.09548905491828918), ([[743, 1359], [963, 1359], [963, 1451], [743, 1451]], "'꾸육꾸육", 0.4100582946644885), ([[415, 1461], [523, 1461], [523, 1545], [415, 1545]], '꾸육', 0.8952972550734158), ([[381, 1575], [503, 1575], [503, 1668], [381, 1668]], '꾸육', 0.8639083472874023)]
[([[56, 68], [302, 68], [302, 142], [56, 142]], '@파이파로 @', 0.0803380643507708), ([[926, 126], [978, 126], [978, 178], [926, 178]], '양', 0.9950653545335086), ([[1038, 118], [1189, 118], [1189, 185], [1038, 185]], '잠가 @', 0.14176013828671746), ([[26, 154], [334, 154], [334, 228], [26, 228]], '동이 찢예제 @', 0.028903186366992507), ([[926, 208], [1175, 208], [1175, 264], [926, 264]], '아파 @ @0', 0.32572187659959656), ([[42, 242], [324, 242], [324, 316], [42, 316]], '장가} @혼서', 0.03620261772470169), ([[26, 328], [333, 328], [333, 402], [26, 402]], '품음기 태아 @', 0.016459390177735657), ([[355, 1243], [519, 1243], [519, 1423], [355, 1423]], '%', 0.2686688084182265), ([[357, 1397], [533, 1397], [533, 1553], [357, 1553]], '4', 0.1385556782375028), ([[210, 1502], [398, 1502], [398, 1650], [210, 1650]], '4', 0.02900276228689691), ([[786.2634544744009, 1307.0169620944978], [897.5278480177068, 1278.2009498893326], [960.7365455255991, 1555.9830379055022], [848.4721519822932, 1584.7990501106674]], '꽃', 0.19145214832769852)]
[([[595, 25], [767, 25], [767, 185], [595, 185]], '7:요', 0.03440009822037591), ([[298, 174], [458, 174], [458, 322], [298, 322]], '#8', 0.0929719214728667), ([[57, 1217], [135, 1217], [135, 1277], [57, 1277]], '으응', 0.9818997553053372)]
[([[664, 114], [774, 114], [774, 214], [664, 214]], '(동', 0.09664388280240963), ([[972, 176], [1202, 176], [1202, 224], [972, 224]], '@엄령 피문중야@', 0.0066025748251164265), ([[307, 187], [419, 187], [419, 301], [307, 301]], '(중', 0.34412737401546845), ([[1000, 226], [1186, 226], [1186, 274], [1000, 274]], '파 아내라켓0', 0.05676098795078163), ([[1029, 281], [1161, 281], [1161, 323], [1029, 323]], '내보@ 만', 0.06309514780075569), ([[1007, 331], [1181, 331], [1181, 375], [1007, 375]], '아동다내되}0', 0.0024947685542219505), ([[592, 342], [648, 342], [648, 422], [592, 422]], '숲', 0.013280868977141813), ([[23, 589], [207, 589], [207, 633], [23, 633]], '@쩐랜터 체몸', 0.008885885174003922), ([[0, 638], [226, 638], [226, 686], [0, 686]], '없예움 목소리지', 0.009967234195997848), ([[17, 691], [213, 691], [213, 735], [17, 735]], '메모 왜에" 가', 0.0429219619939227), ([[11, 743], [197, 743], [197, 787], [11, 787]], '아내라-0 데', 0.06207505321875807), ([[31, 793], [197, 793], [197, 837], [31, 837]], '품제예 말물', 0.019380481845310375), ([[33, 841], [192, 841], [192, 891], [33, 891]], '괴롭히다', 0.35498422384262085), ([[54, 894], [172, 894], [172, 942], [54, 942]], '된방제@', 0.026217756792902946), ([[0, 1284], [92, 1284], [92, 1362], [0, 1362]], '으응', 0.9797480051497435), ([[661.065347992485, 3.0364543038090783], [787.6778941218115, 58.23833584957161], [742.934652007515, 154.96354569619092], [616.3221058781885, 98.76166415042839]], '1?.', 0.0007930345552367259), ([[301.063244397113, 76.03995944622193], [419.72490994238854, 127.55535141019085], [380.936755602887, 214.96004055377807], [262.27509005761146, 163.44464858980916]], '사?', 0.17334915178058138)]
[([[424, 46], [1196, 46], [1196, 168], [424, 168]], '컴데레 소톱훨문와', 0.07048948520031004), ([[396, 200], [1190, 200], [1190, 325], [396, 325]], '레교 여름이 퇴제', 0.0946044859074301), ([[505, 363], [1195, 363], [1195, 479], [505, 479]], '결혼하민 @기가', 0.08591457013276002), ([[723, 517], [1192, 517], [1192, 639], [723, 639]], '생질때째지', 0.10477048561837914)]
[([[495, 349], [537, 349], [537, 419], [495, 419]], '콩', 0.9663364211521639), ([[607, 395], [651, 395], [651, 467], [607, 467]], '콩', 0.9177806818632952), ([[43, 557], [209, 557], [209, 601], [43, 601]], '없에0 데의', 0.15746943009988612), ([[955, 543], [995, 543], [995, 607], [955, 607]], '콩', 0.9812650766319884), ([[29, 609], [223, 609], [223, 653], [29, 653]], '없이 안쪽-켓', 0.17806791587692616), ([[37, 659], [215, 659], [215, 703], [37, 703]], '와 엎품 뒷율', 0.11054215556033696), ([[38, 708], [220, 708], [220, 756], [38, 756]], '입순 돼에6', 0.05833775308598721), ([[43, 761], [209, 761], [209, 805], [43, 805]], '예스문 웬체', 0.1655270724412573), ([[61, 813], [195, 813], [195, 857], [61, 857]], '핑장해60', 0.013524222083153657), ([[40, 1204], [169, 1204], [169, 1276], [40, 1276]], '아이', 0.4149979987345513), ([[12, 1298], [139, 1298], [139, 1372], [12, 1372]], '아이', 0.47725041664526957), ([[664.298321645805, 23.018950447392392], [760.4402575466504, 8.463468262206058], [790.701678354195, 233.9810495526076], [694.5597424533496, 248.53653173779395]], '굶', 0.004810079310592352), ([[795.1586300768412, 36.02361536777305], [904.4285119213083, 10.397078853686619], [952.8413699231588, 243.97638463222697], [843.5714880786917, 269.6029211463134]], '넓', 0.03691255100945057), ([[361.2182845976921, 56.02352432168909], [451.02313231046014, 25.040324067504912], [520.7817154023079, 247.97647567831092], [430.97686768953986, 278.9596759324951]], '@', 0.016221124073103832), ([[248.18400220019748, 127.02563498314012], [341.838477631085, 98.13065658240484], [400.8159977998025, 311.9743650168599], [307.161522368915, 340.8693434175952]], '@', 0.589011942540342), ([[1083.0607740540433, 673.0442049728592], [1154.5551291947697, 656.3319435873576], [1183.9392259459567, 798.9557950271408], [1112.4448708052303, 815.6680564126424]], '2', 0.25018689547824025)]
[([[940, 516], [992, 516], [992, 602], [940, 602]], '[용', 0.04117215990268475), ([[1150, 568], [1198, 568], [1198, 662], [1150, 662]], "'", 0.004346783755828421), ([[25, 869], [243, 869], [243, 931], [25, 931]], '정말   안에', 0.7368967623655294), ([[35, 955], [227, 955], [227, 1015], [35, 1015]], '싸제 마이', 0.06090396600801556), ([[1021, 915], [1155, 915], [1155, 1001], [1021, 1001]], '@', 0.8396918735709278), ([[880, 1011], [1026, 1011], [1026, 1077], [880, 1077]], '안사 @', 0.3214309348353427), ([[1006, 1078], [1178, 1078], [1178, 1176], [1006, 1176]], '아이', 0.2639268463474382), ([[1, 1183], [196, 1183], [196, 1274], [1, 1274]], '아양0', 0.5261218536252075), ([[646.1800033710904, 25.02804921791871], [733.4422156803728, 10.504298576868152], [760.8199966289096, 194.97195078208128], [673.5577843196272, 210.49570142313183]], '물', 0.15056445349161152), ([[803.1800033710904, 53.028049217918706], [891.7484720047065, 32.31899397999709], [930.8199966289096, 222.97195078208128], [842.2515279952935, 242.6810060200029]], '북', 0.05867841844971), ([[192.06432570767228, 119.02921132275667], [288.5832162518226, 71.01134232815993], [395.9356742923277, 308.9707886772433], [299.4167837481774, 357.9886576718401]], '물', 0.15507730578254186), ([[828.313838852293, 221.02142163668822], [911.4261977666586, 211.54719325426208], [929.686161147707, 402.9785783633118], [845.5738022333414, 412.4528067457379]], '통', 0.0961847946689467), ([[63.891558421147025, 323.03844126451713], [166.60334415840404, 263.01137980229316], [290.108441578853, 498.96155873548287], [188.39665584159596, 559.9886201977068]], '털', 0.692641449880341), ([[459.08955369908847, 337.0835899750777], [494.6052718765552, 323.0367706122474], [522.9104463009115, 400.9164100249223], [487.3947281234448, 414.9632293877526]], '돌', 0.057459549699921064), ([[589.9266873708001, 375.0967805394006], [630.6281087071083, 355.0329672824716], [669.0733126291999, 441.9032194605994], [628.3718912928917, 461.9670327175284]], '소', 0.2609829598081639), ([[568.3121581436266, 443.0475386341112], [607.6157192664575, 438.26825071966005], [616.6878418563734, 524.9524613658888], [576.3842807335425, 529.73174928034]], '놈', 0.0076512007547260286)]
[([[1015, 63], [1151, 63], [1151, 171], [1015, 171]], '공부', 0.9999843214083535)]
[([[195, 89], [331, 89], [331, 133], [195, 133]], '데 비보엔', 0.16954660218011655), ([[149, 137], [378, 137], [378, 186], [149, 186]], '주제예 용부만음', 0.28343296247924776), ([[151, 191], [379, 191], [379, 235], [151, 235]], '과보다 잡하내자', 0.01427568685370169), ([[155, 243], [371, 243], [371, 287], [155, 287]], '마르페달라보0', 0.027022189292524958), ([[40, 542], [236, 542], [236, 590], [40, 590]], '면 사례교관세', 0.06642995678210445), ([[7, 595], [269, 595], [269, 639], [7, 639]], '예떻페 하요 싶음체', 0.08053146298770086), ([[0, 644], [278, 644], [278, 695], [0, 695]], '말하체되 양고 메5', 0.05288816304700651), ([[6, 696], [270, 696], [270, 744], [6, 744]], '하요 싶음 례8 용부', 0.10418771781127653), ([[22, 746], [256, 746], [256, 794], [22, 794]], '업심히 해제 데량', 0.39767825468614426), ([[38, 798], [238, 798], [238, 846], [38, 846]], '되음 모저학교', 0.10999866515886898), ([[49, 851], [225, 851], [225, 895], [49, 895]], '돕에되기야0', 0.05908408305504312)]
[([[77, 111], [325, 111], [325, 155], [77, 155]], '@내} 이움자 반년탕', 0.03541006274072792), ([[80, 159], [314, 159], [314, 209], [80, 209]], '돼스3 안녕데8"', 0.011107234851647538), ([[71, 213], [325, 213], [325, 257], [71, 257]], '타오 사야8 제로', 0.049257784729668394), ([[65, 265], [329, 265], [329, 309], [65, 309]], '페임국 못합 색활엔', 0.11077651559050793), ([[71, 315], [325, 315], [325, 359], [71, 359]], '데예컨 렉스문 $면', 0.054332742903642775), ([[81, 367], [315, 367], [315, 411], [81, 411]], '메르데늄 얘-6', 0.08217133591499316), ([[58, 608], [220, 608], [220, 657], [58, 657]], '이내 웨야8', 0.03402214403332319), ([[67, 663], [213, 663], [213, 707], [67, 707]], '하고싶에8', 0.34830997718765727), ([[7, 713], [273, 713], [273, 757], [7, 757]], '데가 사제교 싶대요', 0.03937225872380496), ([[50, 762], [268, 762], [268, 810], [50, 810]], '에유다 예스야8', 0.06019106275943109), ([[67, 815], [213, 815], [213, 859], [67, 859]], '그렵되야8', 0.11431461693100113)]
[([[64, 172], [317, 172], [317, 223], [64, 223]], '@웬 아내고 참율', 0.03608938978152374), ([[88, 226], [326, 226], [326, 274], [88, 274]], '있에" 탁싹 웨이8', 0.012169845881738955), ([[74, 276], [306, 276], [306, 324], [74, 324]], '솔쩍하 않례6', 0.05933275586780829), ([[117, 328], [260, 328], [260, 372], [117, 372]], '팬 ~어어-형', 0.00042056809470404275), ([[33, 637], [269, 637], [269, 697], [33, 697]], '제대콩 %부', 0.049980425843721574), ([[41, 709], [261, 709], [261, 771], [41, 771]], '사사예주면', 0.1408827892140401), ([[43, 783], [263, 783], [263, 843], [43, 843]], '보생몽3관', 0.008989416073373372), ([[74, 854], [232, 854], [232, 917], [74, 917]], '해출페@', 0.1290271282196045)]
[([[628, 1214], [770, 1214], [770, 1340], [628, 1340]], '03', 0.21823846444782094)]
[([[593, 69], [775, 69], [775, 113], [593, 113]], '@폐해8" 라]', 0.01769555568409718), ([[65, 101], [242, 101], [242, 151], [65, 151]], '@좋아하만', 0.7245281722931389), ([[356, 107], [525, 107], [525, 151], [356, 151]], '데예터 품문', 0.05461345785345595), ([[603, 120], [765, 120], [765, 168], [603, 168]], '폐라켓오-}', 0.1203084636009517), ([[39, 155], [265, 155], [265, 199], [39, 199]], '예련숙 해켓으면', 0.04057006343393802), ([[347, 157], [533, 157], [533, 201], [347, 201]], '보상0 예젯페', 0.0783066733172163), ([[571, 173], [797, 173], [797, 217], [571, 217]], '아내야66이 정운', 0.024998022909816984), ([[69, 207], [239, 207], [239, 251], [69, 251]], '해눈 의미걷', 0.03735679881252694), ([[342, 206], [538, 206], [538, 254], [342, 254]], '멈력물음 이련', 0.02017717779607072), ([[559, 219], [804, 219], [804, 271], [559, 271]], '체집음 왜으되@', 0.038145801217304674), ([[63, 257], [241, 257], [241, 301], [63, 301]], '아내야? 타켓', 0.035758622390847594), ([[357, 259], [523, 259], [523, 303], [357, 303]], '수 해젊으면', 0.11667180484813523), ([[36, 304], [272, 304], [272, 355], [36, 355]], '예정말 문체없', 0.2256258630055124), ([[367, 311], [515, 311], [515, 355], [367, 355]], '하흉-되8', 0.047882858745803385), ([[9, 1105], [117, 1105], [117, 1169], [9, 1169]], '쪽@', 0.3174027709699573)]
[([[49, 123], [149, 123], [149, 165], [49, 165]], '혼홀움', 0.053838462382613105), ([[262, 120], [528, 120], [528, 168], [262, 168]], '이계 평말 된장하례', 0.004886606551583477), ([[30, 170], [210, 170], [210, 220], [30, 220]], '@하고 싶음권', 0.1527046274287661), ([[234, 169], [557, 169], [557, 219], [234, 219]], '[해계제 되문워음 품제예', 0.02463514356627689), ([[19, 223], [218, 223], [218, 273], [19, 273]], '아남계만 해숨', 0.029377904329468137), ([[230, 220], [563, 220], [563, 271], [230, 271]], '[밟*0 년 술직한제 소음', 0.004817107246255916), ([[42, 274], [195, 274], [195, 323], [42, 323]], '좋아? 리니', 0.07150964860809515), ([[280, 274], [508, 274], [508, 322], [280, 322]], '-이미마} 업네로', 0.01786870023505212), ([[69, 329], [167, 329], [167, 373], [69, 373]], '데데', 0.5840723048005536), ([[252, 324], [536, 324], [536, 372], [252, 372]], '해달화오 말하라보0', 0.0340772220076401), ([[24.20883699001878, 1076.0313460742366], [95.751634458492, 1058.1546063195105], [133.79116300998123, 1221.9686539257634], [63.248365541507994, 1240.8453936804895]], '올', 0.5662654356734546)]
[([[172, 146], [330, 146], [330, 194], [172, 194]], '흐원|원0', 0.0029983781849286864), ([[94, 196], [400, 196], [400, 247], [94, 247]], '(평한 예 업굴 테여없(', 0.10332729193436557), ([[83, 251], [417, 251], [417, 295], [83, 295]], '년종오 [보되이세 동어)', 0.006542795901608511), ([[0, 779], [35, 779], [35, 833], [0, 833]], '용', 0.19942235073364145), ([[2, 988], [34, 988], [34, 1038], [2, 1038]], '응', 0.30571198622190554), ([[529.1132466948843, 941.0437916183316], [637.8054259824296, 986.1386904427385], [605.8867533051157, 1059.9562083816684], [497.19457401757035, 1015.8613095572615]], '', 0.0), ([[194.31030298491004, 1130.0340601475914], [301.98922247243786, 1190.6117098626423], [270.68969701508996, 1244.9659398524086], [162.0107775275621, 1184.3882901373577]], '쓰,0', 0.047253625372933816)]
[([[897, 166], [1140, 166], [1140, 221], [897, 221]], '더란녀적음진짜', 0.11761832629107555), ([[872, 220], [1160, 220], [1160, 270], [872, 270]], '여전히 초등학생티데', 0.1346213566626535), ([[868, 270], [1164, 270], [1164, 322], [868, 322]], '우리물벌써 중학생이', 0.5063658472549402), ([[864, 322], [1172, 322], [1172, 372], [864, 372]], '라고? @물이 얘기하고', 0.4814563580126495), ([[850, 374], [1184, 374], [1184, 424], [850, 424]], '싶어" 라고말하면 말길', 0.12006597931597542), ([[878, 426], [1154, 426], [1154, 476], [878, 476]], '모든가 착각하찮아0', 0.05448173734642455), ([[904, 474], [1124, 474], [1124, 529], [904, 529]], '조금음신경세0', 0.24696891314338726), ([[40, 1332], [234, 1332], [234, 1380], [40, 1380]], '오래세되야?', 0.14715750211156542), ([[38, 1380], [238, 1380], [238, 1430], [38, 1430]], '예안?이 이과', 0.09877184985158452), ([[38, 1433], [237, 1433], [237, 1482], [38, 1482]], '많아0 합말이', 0.13115365946698715), ([[28, 1484], [246, 1484], [246, 1534], [28, 1534]], '있문처지8 빨리', 0.025859062416704062), ([[65, 1537], [211, 1537], [211, 1581], [65, 1581]], '말하라고0', 0.9265258665335321)]
[([[403, 349], [439, 349], [439, 401], [403, 401]], '응', 0.594748614504681), ([[24, 530], [96, 530], [96, 586], [24, 586]], '@응', 0.8481562058731746), ([[926, 428], [1028, 428], [1028, 580], [926, 580]], '>', 0.8075407388759892), ([[502, 1223], [543, 1223], [543, 1304], [502, 1304]], ':"', 0.16290211774147054), ([[633, 1065], [754, 1065], [754, 1304], [633, 1304]], '8', 0.026110864182055105), ([[287, 1271], [329, 1271], [329, 1358], [287, 1358]], '별', 0.07407263568509936), ([[564, 1272], [668, 1272], [668, 1462], [564, 1462]], '@', 0.03290776065027168), ([[212.0387787751367, 1405.0420780365585], [291.52323357300213, 1383.2933061902343], [328.96122122486327, 1540.9579219634415], [249.4767664269979, 1561.7066938097657]], '터', 0.019455304941964124)]
[([[243, 130], [434, 130], [434, 175], [243, 175]], '많이 마원데0', 0.2597045408064967), ([[23, 173], [155, 173], [155, 217], [23, 217]], '3담 쌍울', 0.07157106016962823), ([[246, 180], [432, 180], [432, 228], [246, 228]], '[완장 에돼에8', 0.033653239158871646), ([[21, 225], [155, 225], [155, 269], [21, 269]], '데문 많애', 0.5717706116607901), ([[259, 233], [421, 233], [421, 277], [259, 277]], '그렇문과}600', 0.013213608499438902), ([[25, 274], [154, 274], [154, 318], [25, 318]], '탤으꽤', 0.05633454023804906), ([[274, 284], [404, 284], [404, 328], [274, 328]], '대행이다', 0.6113915353865559), ([[13, 327], [167, 327], [167, 371], [13, 371]], '[보답하리서', 0.026722368948861167), ([[27, 597], [87, 597], [87, 803], [27, 803]], '#', 0.3090412862512757), ([[14, 1027], [88, 1027], [88, 1187], [14, 1187]], '8', 0.3509687091214211)]
[([[905, 581], [1077, 581], [1077, 741], [905, 741]], '민아', 0.0026498047992145725)]
[([[606, 148], [796, 148], [796, 222], [606, 222]], '아하이', 0.25147416120783245), ([[1019, 163], [1187, 163], [1187, 207], [1019, 207]], '대3 3담음', 0.11558269232309142), ([[1004, 212], [1201, 212], [1201, 260], [1004, 260]], '[괴문 좋이페고', 0.0012245904368194558), ([[853, 271], [981, 271], [981, 315], [853, 315]], '그레데0', 0.06346044689416885), ([[999, 262], [1206, 262], [1206, 312], [999, 312]], '싶으- 예퇴', 0.05421534474385538), ([[839, 324], [997, 324], [997, 368], [839, 368]], '얇아락리오', 0.0059840307750494365), ([[1024, 314], [1180, 314], [1180, 362], [1024, 362]], '웬가 해계@', 0.024819079298120127), ([[851, 375], [981, 375], [981, 419], [851, 419]], '해복-0', 0.19703155755996704), ([[906, 1334], [982, 1334], [982, 1548], [906, 1548]], '5', 0.12997701644349124)]
[([[574, 84], [696, 84], [696, 156], [574, 156]], '잠 77', 0.886298418045044), ([[693, 127], [717, 127], [717, 147], [693, 147]], '@4', 0.2017528861296587), ([[997, 185], [1095, 185], [1095, 229], [997, 229]], '패체템', 0.11577201128718675), ([[902, 234], [1194, 234], [1194, 282], [902, 282]], '깜재 밥문 례 아페야이', 0.007377812756153942), ([[892, 284], [1204, 284], [1204, 334], [892, 334]], '이제 활장이없마8" 파', 0.04848987854876216), ([[906, 335], [1190, 335], [1190, 384], [906, 384]], '아내야0 예센 과예체', 0.07594188459879521), ([[941, 389], [1153, 389], [1153, 433], [941, 433]], '품뭄 보장에야0', 0.098507364539892), ([[938, 438], [1154, 438], [1154, 486], [938, 486]], '그레네 봉사해8', 0.04943799872442267), ([[862, 978], [911, 978], [911, 1101], [862, 1101]], '꿀', 0.10211845474704351)]
[([[569, 129], [739, 129], [739, 195], [569, 195]], '기분좋아(', 0.5207348458275579), ([[892, 194], [1156, 194], [1156, 242], [892, 242]], '데가 자페심움 입혼', 0.015581072004728143), ([[912, 246], [1142, 246], [1142, 294], [912, 294]], '때바켓 입으로만', 0.34906958826883716), ([[914, 296], [1138, 296], [1138, 344], [914, 344]], '혜락합 }6어형', 0.0005456613932777382), ([[902, 347], [1154, 347], [1154, 395], [902, 395]], '탑걀 혜름 음 메어', 0.004535880191719769), ([[894, 398], [1154, 398], [1154, 446], [894, 446]], '$페례움체로3   데', 0.007290334185509757), ([[884, 448], [1168, 448], [1168, 496], [884, 496]], '3담 웬센해 하라오8 ', 0.019669466908662503), ([[908, 1264], [1006, 1264], [1006, 1445], [908, 1445]], '숨 ', 0.03845506070776453), ([[622.9668514594476, 1296.048625470145], [707.630620090253, 1277.6164265418763], [734.0331485405524, 1423.951374529855], [650.369379909747, 1441.3835734581237]], '국', 0.5121546127828971), ([[592.9950460742126, 1425.0460022089173], [675.5805729208079, 1414.9990824562362], [688.0049539257874, 1555.9539977910827], [606.4194270791921, 1566.0009175437638]], '꿀', 0.7409142991164686)]
[([[551, 83], [617, 83], [617, 145], [551, 145]], '(', 0.8625636796776668), ([[684, 72], [1193, 72], [1193, 144], [684, 144]], '아 정말!  최현히  하라생', 0.08547876024517016), ([[691, 213], [1173, 213], [1173, 275], [691, 275]], '안랜 안화 ( 잔다 관다 @', 0.013329240808674935), ([[21, 251], [149, 251], [149, 313], [21, 313]], '정균하@', 0.03089279495179653), ([[791, 335], [944, 335], [944, 421], [791, 421]], '@@', 0.9362508547395962), ([[1004, 350], [1164, 350], [1164, 454], [1004, 454]], '양@', 0.47048571862659183), ([[83, 481], [143, 481], [143, 589], [83, 589]], '틀', 0.023021079779156572), ([[803, 659], [889, 659], [889, 765], [803, 765]], '@', 0.4831186984674787), ([[989, 1257], [1046, 1257], [1046, 1352], [989, 1352]], '8', 0.4695021109945543), ([[476, 1374], [612, 1374], [612, 1559], [476, 1559]], '부', 0.04558170621163904), ([[597, 1201], [718, 1201], [718, 1500], [597, 1500]], '넓', 0.12515455381232332), ([[942, 1348], [1035, 1348], [1035, 1532], [942, 1532]], '5', 0.5325861828890801), ([[556.0298574998546, 142.11942999941868], [590.2649110640674, 133.20526680779795], [602.9701425001454, 189.88057000058132], [568.7350889359326, 197.79473319220205]], '온', 0.3516559215418944), ([[1080.6039083813343, 1019.0087202562914], [1146.6946592729748, 1037.321447121321], [1085.3960916186657, 1263.9912797437084], [1019.3053407270252, 1245.678552878679]], '동', 0.0688739224450643)]
[([[574, 203], [781, 203], [781, 265], [574, 265]], '하아하아리', 0.6151720832485684), ([[792, 198], [1180, 198], [1180, 246], [792, 246]], '정말 [보편되다 데보데-}6@', 0.0014804642175922952), ([[774, 250], [1196, 250], [1196, 298], [774, 298]], '(년 모저학생이 훨페해체 야한셈', 0.003011709947598552), ([[762, 300], [1210, 300], [1210, 348], [762, 348]], '금6 하고싶으면 햄페세 마예체', 0.06221374196728577), ([[753, 353], [1214, 353], [1214, 397], [753, 397]], '공부 마르페립라오 0형 @하고 싶대되', 0.004391815921526966), ([[780, 401], [1192, 401], [1192, 450], [780, 450]], '말하 않앉에이 태교 @랫지6', 0.0072633918150695085), ([[820, 450], [1150, 450], [1150, 503], [820, 503]], '크렵 뭄 하뇨 싫음--}', 0.01083119557274602), ([[911, 1329], [1001, 1329], [1001, 1511], [911, 1511]], '쇼;', 0.059655656364445316)]
[([[97, 725], [237, 725], [237, 839], [97, 839]], '통통', 0.9994994164384695), ([[1045, 995], [1207, 995], [1207, 1109], [1045, 1109]], '출령', 0.1872566721321427)]
[([[291, 129], [527, 129], [527, 173], [291, 173]], '꼬마웬 예 텔문에', 0.04935931019738922), ([[296, 178], [522, 178], [522, 226], [296, 226]], '잡음 모륭학교예', 0.08009715411794628), ([[294, 230], [526, 230], [526, 278], [294, 278]], '훨어령에0 웨6', 0.02208532062392669), ([[266, 280], [552, 280], [552, 328], [266, 328]], '면 이미 @ 단계 위율', 0.021242537721991386), ([[290, 332], [530, 332], [530, 380], [290, 380]], '표립 숨 있없페만', 0.21250559732703822), ([[23, 347], [255, 347], [255, 409], [23, 409]], '애닷물 $문', 0.02049601618095019), ([[262, 382], [556, 382], [556, 430], [262, 430]], '함께 해계세 모없0', 0.06447444988593387), ([[71, 417], [209, 417], [209, 481], [71, 481]], '몸욕안', 0.024758794637120028), ([[31, 491], [209, 491], [209, 553], [31, 553]], '사문이데(', 0.06844242343744965)]
[([[952, 172], [1128, 172], [1128, 220], [952, 220]], '9종아하괴까', 0.03754902524372533), ([[902, 222], [1172, 222], [1172, 272], [902, 272]], '사례없으면 종계다?', 0.029629630579599338), ([[904, 274], [1174, 274], [1174, 322], [904, 322]], '타고36하아]뭐6', 0.05078853114964535), ([[904, 326], [1170, 326], [1170, 374], [904, 374]], '데마름대로 제대로', 0.5240707738691865), ([[908, 376], [1170, 376], [1170, 426], [908, 426]], '중학생이된기네6', 0.03053437136393045), ([[949, 426], [1126, 426], [1126, 477], [949, 477]], '헤에6 존금', 0.18128332286060247), ([[968, 478], [1112, 478], [1112, 526], [968, 526]], '다신밟에', 0.195757195353508), ([[31, 1349], [251, 1349], [251, 1393], [31, 1393]], '^래세3 사즌고', 0.029499577668156363), ([[50, 1398], [232, 1398], [232, 1446], [50, 1446]], '마센문하고', 0.08179049374101217), ([[30, 1448], [252, 1448], [252, 1498], [30, 1498]], '싶음건데3 설마', 0.576813987986704), ([[25, 1503], [251, 1503], [251, 1547], [25, 1547]], '노플랜으굵백', 0.08213047770298362), ([[32, 1552], [250, 1552], [250, 1600], [32, 1600]], '(건 아괴켓치3', 0.027218981217088364)]
[([[309, 171], [594, 171], [594, 221], [309, 221]], '민야 막렇페용 사춘기', 0.007402853273050074), ([[325, 225], [579, 225], [579, 269], [325, 269]], '흉동대로 금만과면', 0.043791446344908544), ([[338, 272], [564, 272], [564, 322], [338, 322]], '해계@ 만 문명', 0.10017339099833536), ([[317, 324], [584, 324], [584, 374], [317, 374]], '편반체 모륭움이야0', 0.010904760607560352), ([[81, 361], [315, 361], [315, 423], [81, 423]], "'과뭄 그렇페", 0.00840956868815089), ([[87, 433], [299, 433], [299, 495], [87, 495]], '않아? 탁교', 0.04003252841045933), ([[73, 507], [309, 507], [309, 569], [73, 569]], '활물 말하예', 0.019505731175270827), ([[167, 611], [215, 611], [215, 631], [167, 631]], '000', 0.9942162223492499)]
[([[120, 268], [484, 268], [484, 316], [120, 316]], '예소속메편슴 봄 주제예0', 0.005905004794834981), ([[144, 316], [458, 316], [458, 368], [144, 368]], '테육제8 영덩에 쌓여제', 0.014519917812878268), ([[144, 370], [462, 370], [462, 418], [144, 418]], '그런야8 모렵 모등학교', 0.021738973705588104), ([[142, 422], [464, 422], [464, 470], [142, 470]], '입학 출하 센물로 둘과8', 0.047760926949267125), ([[1026, 1036], [1214, 1036], [1214, 1110], [1026, 1110]], "'출렁출령", 0.26930120886297565)]
[([[2, 676], [220, 676], [220, 778], [2, 778]], '출렇0', 0.3552278563977717)]
[([[939, 130], [1135, 130], [1135, 175], [939, 175]], '-치기 사0과', 0.002493512182576283), ([[906, 180], [1172, 180], [1172, 228], [906, 228]], '많이 엷널딩 포생0', 0.020150687834908046), ([[896, 230], [1184, 230], [1184, 278], [896, 278]], '마줌예 페웬주-젊요', 0.005541045576666173), ([[866, 280], [1210, 280], [1210, 330], [866, 330]], '하눈계야0 맑자품 이런계', 0.007248225112723576), ([[900, 332], [1174, 332], [1174, 380], [900, 380]], '좋아하관례 아미켓@', 0.0040798000493336645), ([[909, 385], [1169, 385], [1169, 429], [909, 429]], '예움 그렇체 않아?', 0.03044008842185513), ([[882, 434], [1196, 434], [1196, 482], [882, 482]], '라오 말해숨 되흉-야 8', 0.022847752783355033), ([[987, 491], [1091, 491], [1091, 529], [987, 529]], '@0 올홍600', 0.0024876508336978192)]
[([[978, 126], [1106, 126], [1106, 174], [978, 174]], '잡이예', 0.13174243897309723), ([[938, 178], [1146, 178], [1146, 226], [938, 226]], '딱딱해싶품데8', 0.05585368817255814), ([[939, 231], [1145, 231], [1145, 275], [939, 275]], '웬찮지8 그래8', 0.12637177454435733), ([[914, 280], [1170, 280], [1170, 328], [914, 328]], '그렇움과0 손직해', 0.06144068834819521), ([[906, 330], [1188, 330], [1188, 378], [906, 378]], '좋아0 크램 웬아래턱', 0.026807224436888374), ([[948, 382], [1136, 382], [1136, 430], [948, 430]], '품질렉출데0', 0.14204448426585117), ([[24, 420], [194, 420], [194, 516], [24, 516]], '목후후', 0.2056549415071535), ([[422, 778], [488, 778], [488, 832], [422, 832]], '불끈', 0.40840254865239), ([[470, 892], [518, 892], [518, 970], [470, 970]], '콩', 0.9841454476385856), ([[239, 943], [319, 943], [319, 1009], [239, 1009]], '불끈', 0.16405307641961583)]
[([[946, 226], [1170, 226], [1170, 280], [946, 280]], '민계0 예렇페', 0.006199385147765969), ([[106, 282], [198, 282], [198, 334], [106, 334]], '어때', 0.9999477383078429), ([[924, 285], [1192, 285], [1192, 340], [924, 340]], '해출0 데바데', 0.2297623815504607), ([[918, 343], [1197, 343], [1197, 396], [918, 396]], '품기흉페 뺨데교8', 0.001339260813297307), ([[901, 397], [1214, 397], [1214, 458], [901, 458]], '당연하되야 데 없율', 0.038433329733337004), ([[54, 452], [192, 452], [192, 508], [54, 508]], '에때0', 0.2718397742188014), ([[934, 462], [1186, 462], [1186, 514], [934, 514]], '만대문-미되', 0.01737499289094625), ([[754, 1010], [850, 1010], [850, 1112], [754, 1112]], '구', 0.019666479859719255)]
[([[775, 187], [917, 187], [917, 251], [775, 251]], '굉장해', 0.9673024200401595), ([[29, 225], [169, 225], [169, 371], [29, 371]], '6 ', 0.18360520245245546), ([[718, 342], [768, 342], [768, 420], [718, 420]], '{', 0.5802064645452312), ([[895, 389], [1145, 389], [1145, 455], [895, 455]], '엄청   나내예"', 0.17197419750114262), ([[433, 791], [475, 791], [475, 865], [433, 865]], '""', 0.2952426154023602), ([[502, 804], [606, 804], [606, 958], [502, 958]], '통', 0.049126419087732964), ([[374, 1038], [502, 1038], [502, 1228], [374, 1228]], '물', 0.17258788693430915), ([[43.280009359817484, 438.01620778794813], [156.42022579205826, 408.18410587050306], [221.71999064018252, 691.9837922120519], [108.57977420794175, 720.815894129497]], '별', 0.007917743455214898)]
[([[18, 178], [154, 178], [154, 245], [18, 245]], '좋아 0', 0.7354766368774406), ([[872, 506], [1131, 506], [1131, 620], [872, 620]], '활짝 0', 0.688703987808168)]
[([[580, 70], [996, 70], [996, 124], [580, 124]], '모등학생몽 뒷복 꼼방해음', 0.0052752611021690725), ([[573, 129], [1002, 129], [1002, 184], [573, 184]], '뒷버 예월로 뒷놀0 @몸몸', 0.00621917116428498), ([[590, 186], [983, 186], [983, 240], [590, 240]], '사율데0 립쾌 에름에 된셈', 0.010249369014084707), ([[598, 244], [978, 244], [978, 298], [598, 298]], '좋음데 과 생으물 해보의', 0.16369198787082018), ([[588, 302], [987, 302], [987, 358], [588, 358]], '싶에@ 제대로 밝에 빠편', 0.03336704162982432), ([[719, 360], [855, 360], [855, 417], [719, 417]], '된미판@', 0.00885151419788599), ([[992, 544], [1094, 544], [1094, 592], [992, 592]], '불근불끈', 0.2988013029098511)]
[([[43, 119], [139, 119], [139, 209], [43, 209]], '양', 0.967023602489693), ([[754, 122], [1100, 122], [1100, 176], [754, 176]], '@책길 좋이하페8등라필', 0.006575150414239359), ([[754, 180], [1102, 180], [1102, 234], [754, 234]], '당연하퍼아@ 좋이하문', 0.04482476754986219), ([[744, 238], [1110, 238], [1110, 294], [744, 294]], '사림되} 맞어페좁 싶음권', 0.004281038422105009), ([[732, 298], [1122, 298], [1122, 352], [732, 352]], '매`의 당연합 뵙동이않야', 0.021897131876430952), ([[814, 356], [1084, 356], [1084, 408], [814, 408]], '예제 몸잎 에름애', 0.1048998462395094), ([[742, 414], [1112, 414], [1112, 468], [742, 468]], '프없교 $위해 확확해로', 0.0009506135744357672), ([[753, 472], [1096, 472], [1096, 526], [753, 526]], '좋으미되} 대-오리하@', 0.002492489480500285), ([[1075, 733], [1187, 733], [1187, 821], [1075, 821]], '꼭꽃', 0.06952341596796026)]
[([[850, 140], [1172, 140], [1172, 190], [850, 190]], '정말이치# 고탕녀석움', 0.005528290860742077), ([[838, 191], [1184, 191], [1184, 242], [838, 242]], '아무생각되 안한계 왜네3', 0.07445912953880457), ([[850, 244], [1170, 244], [1170, 294], [850, 294]], '결숙 중학생6 @숨밖에', 0.1701398294219786), ([[836, 293], [1183, 293], [1183, 343], [836, 343]], '안과외이 어찬페중학생이', 0.11694836242862214), ([[849, 344], [1170, 344], [1170, 396], [849, 396]], '퇴없의가 여자친구름', 0.02549846794636498), ([[880, 398], [1138, 398], [1138, 446], [880, 446]], '잠고싶다전과 오권', 0.006813673165597193), ([[872, 448], [1150, 448], [1150, 498], [872, 498]], '생각으로 고백행지8', 0.10843549038988642), ([[41, 1320], [428, 1320], [428, 1372], [41, 1372]], '@령지 않아00 탄고화내늄', 0.02984172368080758), ([[66, 1374], [400, 1374], [400, 1426], [66, 1426]], '첫율 보면 진심이없언합', 0.053785022909623025), ([[41, 1423], [422, 1423], [422, 1476], [41, 1476]], '이해해줄제) @어떻제하면', 0.2814718207599922), ([[60, 1472], [406, 1472], [406, 1527], [60, 1527]], '종아8" 타고마예계문관', 0.068480366135226), ([[64, 1525], [401, 1525], [401, 1575], [64, 1575]], '{야3 오텔페 안 되다고', 0.011353787871803647), ([[72, 1578], [394, 1578], [394, 1626], [72, 1626]], '말하늄{야0 예름물면', 0.05408819396232473), ([[164, 1631], [294, 1631], [294, 1675], [164, 1675]], '이령제)', 0.1411576122045517), ([[52.24861924323466, 506.03536397828736], [107.52864333805911, 484.01748559530733], [161.75138075676534, 627.9646360217126], [106.47135666194089, 650.9825144046927]], '궁', 0.2082780616301969)]
[([[79, 45], [200, 45], [200, 111], [79, 111]], '아0', 0.3250898458853289), ([[424, 50], [570, 50], [570, 122], [424, 122]], '잠깐 -', 0.13614822924137115), ([[652, 162], [762, 162], [762, 214], [652, 214]], '핑장웅', 0.006213469227622304), ([[796, 162], [940, 162], [940, 214], [796, 214]], '돕에와0', 0.12430119514465332), ([[35, 201], [101, 201], [101, 265], [35, 265]], '양', 0.9899899002802073), ([[642, 220], [838, 220], [838, 270], [642, 270]], '$아600 @응(', 0.0011225243981988452), ([[870, 220], [948, 220], [948, 274], [870, 274]], '역제', 0.17716863788587245), ([[664, 278], [928, 278], [928, 330], [664, 330]], '꽤로워0 잡깐:6@', 0.005410399688398673), ([[627, 333], [963, 333], [963, 393], [627, 393]], "'돼)택 웬웬해 웬방히", 0.0030362596631308145), ([[982, 1200], [1152, 1200], [1152, 1402], [982, 1402]], '주', 0.4472912825215225), ([[1046.1606711946738, 574.0167798668424], [1240.9945372563964, 722.5210371728579], [1130.8393288053262, 865.9832201331576], [936.0054627436036, 717.4789628271421]], '렌,왜', 0.018089519825249072)]
[([[126, 38], [316, 38], [316, 114], [126, 114]], '아짓0', 0.18198307283444057), ([[452, 74], [572, 74], [572, 154], [452, 154]], '아룻', 0.09849416803116907), ([[782, 160], [1096, 160], [1096, 212], [782, 212]], '잡00 평말6 네;보000', 0.001753619395571398), ([[754, 218], [1120, 218], [1120, 272], [754, 272]], '사립해0 하페만 돕담씩', 0.06924302993199816), ([[782, 275], [1064, 275], [1064, 329], [782, 329]], '액술해센페목되되-', 0.0011364666719516098), ([[736, 334], [818, 334], [818, 386], [736, 386]], '아흥데', 0.0066369929426239515), ([[848, 333], [1110, 333], [1110, 388], [848, 388]], '하아0 기문록아-', 0.1050880920253671), ([[444, 360], [618, 360], [618, 438], [444, 438]], '응앗0', 0.6297866872325689), ([[882, 394], [964, 394], [964, 442], [882, 442]], '이입', 0.10753812237560001), ([[956, 812], [1008, 812], [1008, 868], [956, 868]], '[미', 0.05012151981550614), ([[857, 887], [917, 887], [917, 963], [857, 963]], '총', 0.19861673605368058), ([[827, 1021], [911, 1021], [911, 1121], [827, 1121]], "도 '", 0.3428748165642922), ([[1034, 1134], [1096, 1134], [1096, 1219], [1034, 1219]], '국', 0.4701920093610603), ([[1028, 1232], [1128, 1232], [1128, 1388], [1028, 1388]], '7', 0.17214725682893928), ([[989.1780050634732, 839.0680303808393], [1061.97518595105, 869.502481404895], [1044.8219949365268, 908.9319696191607], [972.02481404895, 878.497518595105]], '셋*', 0.018680434982122487), ([[931.2006652916285, 1165.0457880371682], [984.3614278819409, 1150.1336680736893], [1011.7993347083715, 1265.9542119628318], [958.6385721180591, 1279.8663319263107]], '유', 0.5216553723787456)]
[([[403, 27], [595, 27], [595, 87], [403, 87]], '간다간다 (', 0.6257887971009899), ([[694, 54], [746, 54], [746, 126], [694, 126]], '{5', 0.10965101399273974), ([[25, 99], [113, 99], [113, 183], [25, 183]], '양(', 0.7629299109034647), ([[838, 284], [1214, 284], [1214, 384], [838, 384]], '볶르르 부르르', 0.29569159140397194), ([[925, 409], [1199, 409], [1199, 518], [925, 518]], '부릇 부릇', 0.14187673870766448), ([[993, 529], [1059, 529], [1059, 623], [993, 623]], '소 ', 0.006907916485867154), ([[597, 573], [657, 573], [657, 663], [597, 663]], '@', 0.09590078868055318), ([[22, 632], [70, 632], [70, 734], [22, 734]], '"', 0.0019075314814376854), ([[754, 618], [810, 618], [810, 700], [754, 700]], '[용', 0.37896320246072895), ([[147, 1219], [189, 1219], [189, 1315], [147, 1315]], '북', 0.0025534975330748916), ([[808, 1262], [862, 1262], [862, 1340], [808, 1340]], '@"', 0.9682825651538242), ([[826, 1336], [856, 1336], [856, 1366], [826, 1366]], '은', 0.407585938383793)]
[([[1036, 172], [1116, 172], [1116, 308], [1036, 308]], '8', 0.303692307015865)]
[([[972, 72], [1198, 72], [1198, 120], [972, 120]], '엄령 해베없데0', 0.07120561259445744), ([[212, 126], [430, 126], [430, 180], [212, 180]], '있페용 데말야', 0.07998988618806077), ([[972, 121], [1198, 121], [1198, 173], [972, 173]], '정말 모등학생이', 0.04599263074074202), ([[210, 184], [428, 184], [428, 238], [210, 238]], '교등학생이요', 0.03844811869521307), ([[971, 176], [1196, 176], [1196, 221], [971, 221]], '밟늄 관-이예', 0.0184313769551069), ([[198, 242], [442, 242], [442, 296], [198, 296]], '술술 있흉-되8', 0.010402483267260103), ([[208, 300], [428, 300], [428, 354], [208, 354]], '함페 못되0', 0.11219617139940882), ([[214, 358], [392, 358], [392, 408], [214, 408]], '말해보화하다', 0.05127577460129127)]
[([[1087, 41], [1153, 41], [1153, 83], [1087, 83]], '야월', 0.01873557124483838), ([[1044, 90], [1208, 90], [1208, 138], [1044, 138]], '@ 이뤄숙세', 0.022278938174875657), ([[127, 120], [460, 120], [460, 168], [127, 168]], '예음엔 데학세험이터80', 0.14503065084754813), ([[1035, 143], [1205, 143], [1205, 187], [1035, 187]], '비밀이이라레', 0.12296036641064201), ([[138, 172], [452, 172], [452, 216], [138, 216]], '탁남 과늄 잡음 못음 안', 0.009938921744826919), ([[1041, 195], [1197, 195], [1197, 237], [1041, 237]], '(사야8 비퀴', 0.021345253969727876), ([[108, 222], [478, 222], [478, 270], [108, 270]], '$대8 압력이 데문 털화@', 0.03133777605988915), ([[1050, 245], [1189, 245], [1189, 289], [1050, 289]], '품제예 예', 0.20894742908666708), ([[119, 275], [467, 275], [467, 319], [119, 319]], '면 제로 위}롭 향하라보0', 0.01132300386403287), ([[1046, 294], [1194, 294], [1194, 342], [1046, 342]], '[태유운페마0', 0.0072534219830416935), ([[124, 324], [466, 324], [466, 372], [124, 372]], '메메 공움예 및레 탤뒤꽤', 0.0027093186801492876)]
[([[1041, 55], [1186, 55], [1186, 106], [1041, 106]], '@에제하', 0.15346580743789673), ([[1028, 108], [1198, 108], [1198, 156], [1028, 156]], '싶제 않아0 0', 0.1164961235269), ([[122, 162], [320, 162], [320, 210], [122, 210]], '데학생이 되면', 0.036674209146174454), ([[1014, 157], [1210, 157], [1210, 209], [1014, 209]], '[라오 떨어숙터', 0.043809741492317325), ([[154, 214], [294, 214], [294, 262], [154, 262]], '잡이 있율', 0.36580137456887696), ([[1010, 210], [1214, 210], [1214, 258], [1010, 258]], '않울계야 엉말', 0.03179502759457692), ([[122, 264], [320, 264], [320, 312], [122, 312]], '방법음 있넷체', 0.09445540033067819), ([[1063, 265], [1161, 265], [1161, 305], [1063, 305]], '내보데', 0.06932403931821508)]
[([[72, 716], [186, 716], [186, 794], [72, 794]], '출령', 0.18045777319329218), ([[22, 922], [134, 922], [134, 1000], [22, 1000]], '출령', 0.5074767845400018), ([[983, 1175], [1205, 1175], [1205, 1261], [983, 1261]], '출렁출령', 0.35663706064224243)]
[([[209, 101], [502, 101], [502, 166], [209, 166]], '20살이  튀다고', 0.283921462190554), ([[1027, 733], [1174, 733], [1174, 789], [1027, 789]], '대학생에', 0.5287065505981445), ([[1022, 792], [1176, 792], [1176, 846], [1022, 846]], '되면 동기', 0.03935893074764842), ([[1012, 852], [1192, 852], [1192, 904], [1012, 904]], '하편현되미되', 0.00719240408071936), ([[86, 1310], [206, 1310], [206, 1360], [86, 1360]], '댐 내문', 0.01900439804004121), ([[78, 1368], [214, 1368], [214, 1416], [78, 1416]], '양주들예', 0.02051687054336071), ([[52, 1425], [239, 1425], [239, 1475], [52, 1475]], '소뭄 몰레데', 0.037289472989371894), ([[88, 1482], [173, 1482], [173, 1535], [88, 1535]], '페망-', 0.061855720213527886)]
[([[994, 678], [1168, 678], [1168, 732], [994, 732]], '@내} 활활음', 0.020155155104913863), ([[929, 735], [1210, 735], [1210, 790], [929, 790]], '사야89 리니 입몸', 0.021625961572449538), ([[930, 796], [1206, 796], [1206, 852], [930, 852]], '예어블립이않아0', 0.020688538224421425), ([[920, 854], [1214, 854], [1214, 908], [920, 908]], '예바} 용부 햄내늄', 0.05169330604844444), ([[1008, 912], [1180, 912], [1180, 964], [1008, 964]], '응원용되음', 0.10602619156545118), ([[1002, 972], [1136, 972], [1136, 1022], [1002, 1022]], '의페로8', 0.36118045449256897), ([[28, 1286], [242, 1286], [242, 1336], [28, 1336]], '야인제 얇래8', 0.020055693213682176), ([[30, 1346], [242, 1346], [242, 1398], [30, 1398]], '씌쪽8 @내면', 0.04329231358950747), ([[38, 1426], [84, 1426], [84, 1450], [38, 1450]], '000', 0.6635316848720467), ([[84, 1406], [236, 1406], [236, 1454], [84, 1454]], '@내 면', 0.2529858648777008), ([[20, 1460], [252, 1460], [252, 1514], [20, 1514]], '정행위용되음-', 0.06757820572717736)]
[([[564, 50], [614, 50], [614, 134], [564, 134]], '응', 0.9983144954298986), ([[242, 162], [298, 162], [298, 248], [242, 248]], '쪽', 0.9989076261351926), ([[12, 358], [66, 358], [66, 442], [12, 442]], '쪽', 0.9970929323349651), ([[63, 529], [123, 529], [123, 617], [63, 617]], '쪽', 0.9860249122908158)]
[([[254, 206], [424, 206], [424, 284], [254, 284]], '유히히', 0.9679413255888444), ([[946, 662], [1186, 662], [1186, 714], [946, 714]], '@오해례 용부예', 0.1913700881407922), ([[959, 717], [1166, 717], [1166, 773], [959, 773]], '방해되 된다이', 0.03712903562551093), ([[954, 778], [1178, 778], [1178, 830], [954, 830]], '라교8 댐 메바', 0.010940045752247357), ([[969, 835], [1158, 835], [1158, 891], [969, 891]], '하요싶음 꽂', 0.03000020456234876), ([[954, 894], [1176, 894], [1176, 948], [954, 948]], '문이메0 업름', 0.0495240838224765), ([[954, 952], [1176, 952], [1176, 1004], [954, 1004]], '넷페 폐내련켓', 0.0038072496280654082)]
[([[546, 216], [766, 216], [766, 362], [546, 362]], '당굴', 0.17322626289094697)]
[([[920, 210], [1154, 210], [1154, 264], [920, 264]], '예욱 참 모페립', 0.011334641477461046), ([[898, 270], [1178, 270], [1178, 324], [898, 324]], '알몸에에블립인데', 0.019169720264624733), ([[926, 326], [1152, 326], [1152, 382], [926, 382]], '혜택페예 팬요', 0.08255702029290428), ([[860, 384], [1186, 384], [1186, 440], [860, 440]], '싶음-되0 된현제만-', 0.060128683241614654), ([[894, 444], [1184, 444], [1184, 498], [894, 498]], '꽉올해제 돼문증례', 0.015135164706405213), ([[982, 504], [1092, 504], [1092, 552], [982, 552]], '해출례', 0.06788787658233099), ([[703, 1259], [805, 1259], [805, 1343], [703, 1343]], '불끈', 0.21496036224244872), ([[781, 1585], [883, 1585], [883, 1671], [781, 1671]], '불끈', 0.28894391235627653)]
[([[389, 107], [617, 107], [617, 195], [389, 195]], '하아0', 0.8862123097063415), ([[972, 156], [1130, 156], [1130, 208], [972, 208]], '과 예한데', 0.24143093588457534), ([[960, 214], [1140, 214], [1140, 270], [960, 270]], '핑관되품-', 0.006318610123593166), ([[944, 272], [1128, 272], [1128, 326], [944, 326]], '좋이하내빠다', 0.010361763357129714), ([[940, 330], [1158, 330], [1158, 382], [940, 382]], '예월로 없에0', 0.18117045250076214), ([[938, 388], [1130, 388], [1130, 442], [938, 442]], '매입 돌데워다', 0.07235936634447271), ([[800, 880], [868, 880], [868, 934], [800, 934]], '유', 0.020731784142221876), ([[1096, 1190], [1150, 1190], [1150, 1260], [1096, 1260]], '품', 0.01841170025247174), ([[780, 1262], [908, 1262], [908, 1366], [780, 1366]], '불꽃', 0.024217806084031245), ([[818, 1422], [934, 1422], [934, 1522], [818, 1522]], '불끈', 0.3823677771528424), ([[466, 1519], [597, 1519], [597, 1630], [466, 1630]], '불쌍', 0.0514786110310885), ([[614.0660838501253, 1326.4916431653635], [758.3245357773935, 1243.7440149700226], [789.9339161498747, 1314.5083568346365], [645.6754642226065, 1397.2559850299774]], '국 죽', 0.35344996430741077)]
[([[479, 99], [751, 99], [751, 161], [479, 161]], '점점 `뜨거운(', 0.18338016651203742), ([[627, 233], [758, 233], [758, 290], [627, 290]], '느껴처', 0.9068630230158422), ([[865, 247], [907, 247], [907, 299], [865, 299]], '@', 0.927144351933876), ([[524, 340], [552, 340], [552, 390], [524, 390]], '응', 0.9987037808760171), ([[795, 1276], [850, 1276], [850, 1417], [795, 1417]], '모', 0.03187559204889112), ([[994, 1310], [1176, 1310], [1176, 1408], [994, 1408]], '월르르', 0.15015962406018937), ([[948, 1426], [1068, 1426], [1068, 1530], [948, 1530]], '부릇', 0.491292917900955), ([[1026, 1542], [1144, 1542], [1144, 1640], [1026, 1640]], '유릇', 0.2978460862038349), ([[454, 1594], [576, 1594], [576, 1694], [454, 1694]], '유릇', 0.31191811374337103), ([[816.2828546384055, 116.05169700499822], [856.6703399615614, 111.28725510845204], [865.7171453615945, 194.94830299500177], [825.3296600384386, 199.71274489154797]], '응', 0.24139793323980996), ([[556.2038378058769, 1379.0637943964368], [593.8569533817705, 1375.3576165455736], [599.7961621941231, 1450.9362056035632], [562.1430466182295, 1454.6423834544264]], '뜰', 0.005325718502043275)]
[([[495, 129], [613, 129], [613, 191], [495, 191]], '히히', 0.41977910148200914), ([[910, 238], [1178, 238], [1178, 294], [910, 294]], '과 예합데 동순체', 0.027636888395124546), ([[928, 296], [1164, 296], [1164, 352], [928, 352]], '품페 매움 좋아', 0.04671326306591705), ([[918, 358], [1176, 358], [1176, 410], [918, 410]], '하내되0 예월로', 0.16264928163605752), ([[932, 416], [1156, 416], [1156, 468], [932, 468]], '웬찮아0 매입', 0.23681811184599053), ([[974, 474], [1118, 474], [1118, 528], [974, 528]], '줍페워0', 0.20080378651618958), ([[945.5728028998896, 1363.011414227934], [1009.7587440432824, 1383.5692648063753], [954.4271971001104, 1565.988585772066], [889.2412559567176, 1546.4307351936247]], '탑', 0.09152176257545364)]
[([[704, 1266], [802, 1266], [802, 1314], [704, 1314]], '영차 0', 0.48763006925582886)]
[([[72, 168], [252, 168], [252, 220], [72, 220]], '된동하데0', 0.04563246368429703), ([[28, 224], [296, 224], [296, 280], [28, 280]], '면 예속 붐레해제', 0.029470574000798427), ([[14, 284], [272, 284], [272, 338], [14, 338]], '대보되놀 웨여없드', 0.007344078501803907), ([[46, 341], [265, 341], [265, 391], [46, 391]], '품해보 와계0', 0.06632002615735723), ([[1059, 509], [1167, 509], [1167, 595], [1059, 595]], '불끈', 0.3638690804460605), ([[681, 1287], [835, 1287], [835, 1327], [681, 1327]], '하아하아이', 0.6438185516568886)]
[([[48, 133], [309, 133], [309, 186], [48, 186]], '예제 에름에고66', 0.03489991861749309), ([[826, 24], [1032, 24], [1032, 194], [826, 194]], ':', 0.5483899101089698), ([[6, 192], [344, 192], [344, 244], [6, 244]], '웬하다 국예 파3 돼0', 0.02822661005031182), ([[28, 250], [334, 250], [334, 304], [28, 304]], '예 태퀴미되} 안예밖', 0.00781253339128407), ([[32, 308], [328, 308], [328, 360], [32, 360]], '메요 싶페8 좋아566', 0.011211652532620004), ([[120, 368], [238, 368], [238, 416], [120, 416]], '딱히60', 0.04319385066628456), ([[733, 411], [903, 411], [903, 551], [733, 551]], '주', 0.08572343364357948), ([[1043.648910773021, 499.0571471216491], [1165.1900473837159, 476.7065323094806], [1188.351089226979, 648.9428528783509], [1067.8099526162841, 670.2934676905194]], '쪽', 0.20198190372471814)]
[([[1051, 17], [1095, 17], [1095, 97], [1051, 97]], '늘', 0.01414373635062699), ([[512, 142], [662, 142], [662, 220], [512, 220]], '부르르', 0.5577631721160724), ([[794, 122], [940, 122], [940, 200], [794, 200]], '부르르', 0.4517869202331144), ([[923, 270], [977, 270], [977, 354], [923, 354]], '별', 0.014835248584042837), ([[700, 380], [850, 380], [850, 460], [700, 460]], '부르르', 0.33547280540665425), ([[1169, 385], [1209, 385], [1209, 463], [1169, 463]], '"', 0.491790960183053), ([[985, 473], [1029, 473], [1029, 559], [985, 559]], '알', 0.03338373070783107), ([[1039, 827], [1198, 827], [1198, 926], [1039, 926]], '부르무', 0.5921823083307137), ([[990, 1142], [1110, 1142], [1110, 1198], [990, 1198]], '아@', 0.5687023511937372), ([[48, 1314], [215, 1314], [215, 1395], [48, 1395]], '다양이', 0.05309601287418411), ([[806, 1446], [998, 1446], [998, 1502], [806, 1502]], '간다기하다(', 0.32738872067169), ([[675, 1521], [799, 1521], [799, 1583], [675, 1583]], '야0', 0.1937670497813534)]
[([[475, 66], [610, 66], [610, 169], [475, 169]], "우%'", 0.10635697897524891), ([[30, 150], [226, 150], [226, 198], [30, 198]], '바보라괴가', 0.1710646314136067), ([[33, 198], [218, 198], [218, 250], [33, 250]], '더한켓 (약', 0.0470348459364542), ([[66, 252], [190, 252], [190, 302], [66, 302]], '제합수', 0.08514762905592493), ([[40, 302], [216, 302], [216, 352], [40, 352]], '있어8? 라고', 0.220804414262998), ([[64, 356], [194, 356], [194, 404], [64, 404]], '물어보관', 0.4258691668510437), ([[89, 407], [169, 407], [169, 451], [89, 451]], '워야', 0.03625216573353281), ([[32, 1103], [179, 1103], [179, 1155], [32, 1155]], '사귀늄권', 0.1600756049156189), ([[50, 1162], [164, 1162], [164, 1216], [50, 1216]], '이런레', 0.18708549064274257), ([[56, 1222], [158, 1222], [158, 1270], [56, 1270]], '타고?', 0.3322080724640667)]
[([[4, 174], [502, 174], [502, 228], [4, 228]], '이하하0 안센입이요 예옮없데0', 0.09234354357955207), ([[14, 234], [492, 234], [492, 288], [14, 288]], '데말야 %울 하복 싶음페 -야8', 0.024689206146034117), ([[23, 289], [483, 289], [483, 349], [23, 349]], '자유롭페 예닷밤넷 활 주 있품', 0.01429466666850306), ([[78, 349], [426, 349], [426, 403], [78, 403]], '{맙음 합정되있잡이8', 0.015617508692192113), ([[14, 410], [493, 410], [493, 464], [14, 464]], '운린 예제 예름이엔 말하페마0', 0.08000418123581737), ([[48, 466], [460, 466], [460, 522], [48, 522]], '메바 하복 싶음없만 말하마', 0.040907687756728046), ([[46, 525], [462, 525], [462, 580], [46, 580]], '예리황되관야  예 예리황물', 0.014625237391433451), ([[179, 582], [327, 582], [327, 639], [179, 639]], '몸숙빛에', 0.02013215236365795), ([[658.3121822170829, 488.4048199768728], [750.789843788992, 403.01835853667285], [878.6878177829171, 566.5951800231272], [786.210156211008, 651.9816414633272]], '중', 0.07227511387122831)]
[([[892, 374], [1049, 374], [1049, 455], [892, 455]], '으냐?', 0.9341063227186761), ([[522.8186343849113, 1059.0349211050022], [803.5555915187141, 1100.5374251500823], [771.1813656150887, 1267.9650788949978], [490.44440848128585, 1226.4625748499177]], '|', 0.9191397499045628)]
[([[884, 164], [1202, 164], [1202, 218], [884, 218]], '예문 예륙 행복하례', 0.04342348831330039), ([[878, 221], [1204, 221], [1204, 277], [878, 277]], '해문주교 싫에요 라괴', 0.0215317544251469), ([[52, 272], [242, 272], [242, 322], [52, 322]], '데월 사실교', 0.029765420236384822), ([[902, 284], [1182, 284], [1182, 336], [902, 336]], '데 문숨 말울 하문', 0.12589532503151707), ([[70, 332], [226, 332], [226, 382], [70, 382]], '싶대보 한', 0.08340986875161398), ([[992, 342], [1092, 342], [1092, 390], [992, 390]], '폐야8', 0.48716109214148706), ([[70, 388], [228, 388], [228, 442], [70, 442]], '예유되} 품', 0.11659204931069382), ([[64, 446], [234, 446], [234, 500], [64, 500]], '동페없에8', 0.1501497651499674), ([[514.8458571625803, 1060.0333289126397], [796.4811464405568, 1101.3549214364602], [763.1541428374197, 1272.9666710873603], [481.5188535594432, 1231.6450785635398]], '|', 0.45383897022478337)]
[([[938, 222], [1198, 222], [1198, 276], [938, 276]], '정말 [외리내탕', 0.0034719980665358393), ([[52, 248], [248, 248], [248, 298], [52, 298]], '동말 기0', 0.11324545429970984), ([[945, 305], [989, 305], [989, 325], [945, 325]], '000', 0.9662904556445778), ([[990, 281], [1191, 281], [1191, 331], [990, 331]], '맵 별 만순보', 0.005196432650596447), ([[54, 305], [245, 305], [245, 357], [54, 357]], '데바} 그훨페', 0.042203768412434395), ([[952, 335], [1181, 335], [1181, 396], [952, 396]], '메세문데 폐속', 0.2238908157739057), ([[44, 364], [256, 364], [256, 418], [44, 418]], '생동해중나필', 0.01656781410807851), ([[978, 396], [1156, 396], [1156, 452], [978, 452]], '행흑표번되', 0.011963440508524397), ([[129, 447], [171, 447], [171, 467], [129, 467]], '000', 0.9798690505537954), ([[958, 456], [1176, 456], [1176, 506], [958, 506]], '당연해젓아60', 0.0136866431040707), ([[491, 1068], [791, 1068], [791, 1262], [491, 1262]], '1', 0.3477288479268772)]
[([[952, 154], [1147, 154], [1147, 211], [952, 211]], '반문세 과와', 0.17100293587908771), ([[920, 214], [1182, 214], [1182, 268], [920, 268]], '함께 행복해되야', 0.27347988980499716), ([[926, 272], [1172, 272], [1172, 328], [926, 328]], '핸하0 취직로', 0.005309191150840557), ([[56, 316], [202, 316], [202, 366], [56, 366]], '훨용하하', 0.02628476545214653), ([[922, 332], [1178, 332], [1178, 386], [922, 386]], '업심해 해화페곡', 0.055501358780377694), ([[78, 374], [176, 374], [176, 424], [78, 424]], '싶에@', 0.2593199594118827), ([[904, 388], [1194, 388], [1194, 444], [904, 444]], '입하몽 이이반물되', 0.027331878219243586), ([[910, 448], [1166, 448], [1166, 502], [910, 502]], '물 페로 하복@', 0.02441490291825884), ([[535.984669988009, 1065.0286587877602], [797.3552846316876, 1129.2256837816176], [755.015330011991, 1277.9713412122398], [493.64471536831246, 1212.7743162183824]], '|', 0.933805633457613)]
[([[872.2755570137922, 754.1360091868909], [1010.6671637915405, 743.2265022469473], [1012.7244429862078, 838.8639908131091], [874.3328362084595, 849.7734977530527]], '이', 0.20375115475058525)]
[([[902, 272], [1126, 272], [1126, 324], [902, 324]], '예제의 당센0', 0.2967558106063002), ([[862, 330], [1166, 330], [1166, 382], [862, 382]], '5@} 업령 따몽따뭄', 0.007299304898147105), ([[886, 386], [1112, 386], [1112, 442], [886, 442]], '하밤0 울울움(', 0.016019412579530063), ([[840, 446], [1156, 446], [1156, 500], [840, 500]], '웬엽페용 사랑하라보0', 0.02495126992028023), ([[890, 504], [1136, 504], [1136, 558], [890, 558]], '웨여원하리보0', 0.04464599253912605)]
[([[58, 132], [140, 132], [140, 182], [58, 182]], '좋아0', 0.1744848601752991), ([[50, 190], [172, 190], [172, 240], [50, 240]], '그램 데', 0.043582345366280285), ([[941, 199], [1127, 199], [1127, 243], [941, 243]], '사야 8 모페람', 0.14107638158236854), ([[36, 248], [190, 248], [190, 302], [36, 302]], '과물 사랑', 0.09162653121988579), ([[908, 248], [1164, 248], [1164, 296], [908, 296]], '당센이바켓 물페행', 0.014381460030788393), ([[64, 308], [160, 308], [160, 356], [64, 356]], '해00', 0.019214163437147203), ([[897, 301], [1175, 301], [1175, 345], [897, 345]], '품데 예라오 불리늄', 0.2478308638278344), ([[866, 350], [1206, 350], [1206, 398], [866, 398]], '폐데 편하다-오라오 사야8', 0.0669355336407118), ([[868, 402], [1204, 402], [1204, 450], [868, 450]], '모이야8 입교있없페만', 0.11727296875171289)]
[([[224, 376], [370, 376], [370, 448], [224, 448]], '영차 0', 0.5147218704223633)]
[([[322, 60], [464, 60], [464, 114], [322, 114]], '아하0', 0.6784856467962411), ([[1020, 138], [1164, 138], [1164, 192], [1020, 192]], '임신문-엔', 0.035207484285393706), ([[50, 184], [258, 184], [258, 238], [50, 238]], '예문이 파방', 0.039954104128884914), ([[1028, 200], [1152, 200], [1152, 248], [1028, 248]], '맵 보고', 0.028459301218390465), ([[48, 244], [256, 244], [256, 296], [48, 296]], '없여움이 리델', 0.002706593875405819), ([[1000, 256], [1180, 256], [1180, 310], [1000, 310]], '뱀하다켓', 0.021748533887347828), ([[58, 302], [248, 302], [248, 352], [58, 352]], '말해뭄 예로', 0.05626545908801356), ([[1008, 316], [1176, 316], [1176, 368], [1008, 368]], '데꿈 데문', 0.06256123248879446), ([[62, 360], [238, 360], [238, 412], [62, 412]], '웬엽대보0', 0.0438657406344107), ([[1002, 374], [1186, 374], [1186, 426], [1002, 426]], '동아하령아', 0.040625585720402174), ([[728.406272161835, 1116.0160349939474], [813.3702134165162, 1102.2583945166393], [845.593727838165, 1322.9839650060526], [761.6297865834838, 1336.7416054833607]], '출', 0.1383934967392344)]
[([[65, 121], [293, 121], [293, 161], [65, 161]], '잠깐 데 바보야8 텔', 0.0752954500611159), ([[69, 163], [289, 163], [289, 205], [69, 205]], '명하과 왜흉-야0', 0.014839848018624533), ([[95, 207], [264, 207], [264, 247], [95, 247]], '딱해 움체적인', 0.2915863217734653), ([[93, 251], [265, 251], [265, 293], [93, 293]], '판계록- 및치다', 0.018542557096662277), ([[109, 297], [249, 297], [249, 335], [109, 335]], '의미 아과8', 0.726847632562973), ([[31, 441], [199, 441], [199, 483], [31, 483]], '대낮 모든켓이', 0.026656169442033563), ([[5, 483], [221, 483], [221, 526], [5, 526]], '체음 되스무 제금', 0.037453525490233716), ([[29, 527], [201, 527], [201, 569], [29, 569]], '없이 체음이요', 0.20168208006886174), ([[31, 573], [199, 573], [199, 613], [31, 613]], '앞으콩 에름에', 0.15871706570906433), ([[19, 617], [209, 617], [209, 659], [19, 659]], '되어마늄되야0', 0.027078603244364625), ([[5, 659], [225, 659], [225, 701], [5, 701]], '사권데늄웬 돕이세', 0.02287764216686213), ([[1, 703], [231, 703], [231, 745], [1, 745]], '그왕움 함께 해내가', 0.09568609210941424), ([[27, 749], [201, 749], [201, 789], [27, 789]], '젊늄 묶이야', 0.23014506338762733), ([[65, 879], [260, 879], [260, 919], [65, 919]], '잡이 등하고하고', 0.09290134415891724), ([[47, 921], [275, 921], [275, 963], [47, 963]], '잡이 공부하고 잡이', 0.08295398912883549), ([[27, 965], [297, 965], [297, 1007], [27, 1007]], '시험보교 고등학교가뇨', 0.009514936202801676), ([[23, 1009], [301, 1009], [301, 1051], [23, 1051]], '대학교드 -고 사회인이', 0.01605897843071165), ([[9, 1053], [313, 1053], [313, 1095], [9, 1095]], '돼세 그런럽 언제퍼켓인체', 0.04343448815006822), ([[37, 1096], [284, 1096], [284, 1137], [37, 1137]], '모퉁켓교 페속입체국', 0.007804487096218252), ([[103, 1143], [215, 1143], [215, 1181], [103, 1181]], '모르페만', 0.28583019971847534), ([[72, 1318], [184, 1318], [184, 1370], [72, 1370]], '엔생움', 0.2346351094162536), ([[52, 1376], [200, 1376], [200, 1426], [52, 1426]], '잡이하뇨', 0.16019725799560547), ([[4, 1434], [248, 1434], [248, 1488], [4, 1488]], '함께 해줍깥레@', 0.0090114121402692), ([[30, 1494], [220, 1494], [220, 1542], [30, 1542]], '모립 넘오품', 0.007178591407627402), ([[74, 1550], [176, 1550], [176, 1602], [74, 1602]], '없에8', 0.11193523504439602)]
[([[293, 125], [329, 125], [329, 165], [293, 165]], '@', 0.9539186878193142), ([[1000, 142], [1178, 142], [1178, 192], [1000, 192]], '피문록아0', 0.1368335903333945), ([[1014, 198], [1168, 198], [1168, 252], [1014, 252]], '액제 예박', 0.02953704425965483), ([[34, 222], [260, 222], [260, 276], [34, 276]], '데0 @페한데', 0.2872902145085561), ([[980, 258], [1200, 258], [1200, 312], [980, 312]], '굉황해 좋아0', 0.11932763234622723), ([[54, 282], [242, 282], [242, 332], [54, 332]], '닿울 명로록', 0.0190046723071779), ([[54, 340], [242, 340], [242, 390], [54, 390]], '몸쪽 짜라오', 0.014804839904477906), ([[647, 1320], [769, 1320], [769, 1492], [647, 1492]], '8', 0.021314546117778832), ([[298, 1480], [354, 1480], [354, 1532], [298, 1532]], '9', 0.46244232522539974), ([[690, 1470], [813, 1470], [813, 1622], [690, 1622]], '$', 0.005725771334042173), ([[316.2103500411843, 122.27312013178982], [405.8224523915823, 112.43013264519229], [409.7896499588157, 165.72687986821018], [319.1775476084177, 176.5698673548077]], '+0', 0.19310326147737092), ([[188.89451423441946, 1404.0556909207526], [260.6135684116907, 1364.0171254307365], [340.10548576558057, 1524.9443090792474], [268.3864315883093, 1564.9828745692635]], '여', 0.013516034091642981), ([[129.3829879855561, 1502.0936966757824], [221.06214732332674, 1453.0403494648488], [296.6170120144439, 1615.9063033242176], [204.93785267667326, 1664.9596505351512]], '$', 0.008061232893858739)]
[([[1065, 211], [1183, 211], [1183, 275], [1065, 275]], '아이', 0.3883058271065051), ([[107, 323], [239, 323], [239, 391], [107, 391]], '아양(', 0.9173906664878506), ([[883, 359], [1075, 359], [1075, 419], [883, 419]], '간다간다(', 0.30037617512043835), ([[212, 1328], [356, 1328], [356, 1406], [212, 1406]], '볶르릇', 0.3095754688936074), ([[671, 1331], [819, 1331], [819, 1411], [671, 1411]], '부르릇', 0.6869363122016766), ([[448, 1370], [582, 1370], [582, 1470], [448, 1470]], '쓰', 0.01027673023560638), ([[505, 1443], [549, 1443], [549, 1517], [505, 1517]], ':', 0.010676616461198274), ([[692, 1520], [840, 1520], [840, 1600], [692, 1600]], '부르릇', 0.7025862408081638), ([[242, 1618], [388, 1618], [388, 1698], [242, 1698]], '부르릇', 0.6313466553026111), ([[272.3941368172834, 127.21889254222036], [360.8303350241202, 119.4408057717009], [362.6058631827166, 174.78110745777965], [275.1696649758798, 182.5591942282991]], '+0', 0.2798338567553429), ([[331.0237203470788, 1404.0684144642591], [382.6125995861747, 1396.5058238857944], [393.9762796529212, 1488.9315855357409], [342.3874004138253, 1496.4941761142056]], '"', 0.017264492580637558), ([[320.32140589354253, 1537.0462630228603], [361.9403613539393, 1527.0892240405392], [383.67859410645747, 1619.9537369771397], [342.0596386460607, 1630.9107759594608]], '1', 0.04101310625420873)]
[([[38, 208], [240, 208], [240, 262], [38, 262]], '면 룻말 데뭄', 0.07725919948299395), ([[16, 266], [232, 266], [232, 320], [16, 320]], '된장하다메되} ', 0.0027051463832338286), ([[22, 324], [254, 324], [254, 378], [22, 378]], '법제 둘째 생빛', 0.034456484747339075), ([[60, 384], [214, 384], [214, 434], [60, 434]], '럿 잡아0', 0.04352842416560767), ([[679.3423026518487, 1128.0861054577476], [780.7399481823182, 1068.0171192619264], [877.6576973481513, 1255.9138945422524], [776.2600518176818, 1315.9828807380736]], '푹', 0.0229322170426427)]
[]
[([[60, 186], [284, 186], [284, 240], [60, 240]], '몸애 예상해0', 0.10739628121024444), ([[905, 139], [1061, 139], [1061, 225], [905, 225]], '@@', 0.9275117658840215), ([[58, 244], [288, 244], [288, 298], [58, 298]], '잡깐36  어떻페', 0.020791534381016597), ([[66, 304], [278, 304], [278, 358], [66, 358]], '훨페되용 야책', 0.010310080467294046), ([[98, 362], [248, 362], [248, 412], [98, 412]], '예름데6.', 0.12081695362787627), ([[462, 534], [534, 534], [534, 652], [462, 652]], '@', 0.1920191850879327), ([[17, 695], [219, 695], [219, 875], [17, 875]], '0@', 0.0010035123578314336), ([[14.15261937282272, 1258.0514788571463], [65.15295060436831, 1249.3393090677355], [79.84738062717727, 1353.9485211428537], [28.847049395631686, 1361.6606909322645]], '@', 0.6249849363343998)]
[([[1014, 68], [1179, 68], [1179, 168], [1014, 168]], '@@', 0.2765322976231913), ([[24, 172], [386, 172], [386, 224], [24, 224]], '테어컨데0 힘숙데되', 0.0046905344639541855), ([[839, 145], [1016, 145], [1016, 226], [839, 226]], '온다 @', 0.4619486887327229), ([[30, 230], [376, 230], [376, 284], [30, 284]], '데 페물 옆예제 페행', 0.04197638743870001), ([[130, 288], [278, 288], [278, 338], [130, 338]], '해립라보', 0.03988516330718994), ([[971, 263], [1165, 263], [1165, 325], [971, 325]], '@예로다(', 0.12563912609903938), ([[865, 349], [1062, 349], [1062, 435], [865, 435]], '@양0', 0.4405137103679718), ([[110, 504], [280, 504], [280, 630], [110, 630]], '40', 0.19514671528593466), ([[376, 883], [437, 883], [437, 991], [376, 991]], ':', 0.2808380557835335), ([[454, 1096], [504, 1096], [504, 1192], [454, 1192]], ':', 0.07514465169728002), ([[390, 1204], [444, 1204], [444, 1296], [390, 1296]], ":'", 0.19580089130518857), ([[27, 1341], [119, 1341], [119, 1481], [27, 1481]], '및', 0.036814801749907256), ([[22, 1482], [104, 1482], [104, 1560], [22, 1560]], '@', 0.04747888091611774)]
[([[142, 736], [218, 736], [218, 828], [142, 828]], '(', 0.29214094277995173)]
[([[249, 179], [630, 179], [630, 239], [249, 239]], '필주유록 영)엔 문으로', 0.007926079286354493), ([[52, 234], [168, 234], [168, 288], [52, 288]], '운걸움(', 0.0044332994148135185), ([[266, 242], [610, 242], [610, 296], [266, 296]], '뵈문되야 정큼리메되}@', 0.0010935192069737175), ([[64, 294], [190, 294], [190, 348], [64, 348]], '데바}딸', 0.018897227942943573), ([[251, 299], [630, 299], [630, 352], [251, 352]], '@찌랜페 아과? 리꽤 메가', 0.01173705719423264), ([[68, 354], [182, 354], [182, 402], [68, 402]], '정말로', 0.40449662679277565), ([[312, 358], [568, 358], [568, 412], [312, 412]], '정적으로 매력에', 0.05014097053973364), ([[30, 412], [218, 412], [218, 462], [30, 462]], '좋아하않 럿', 0.024296666805942068), ([[335, 416], [535, 416], [535, 470], [335, 470]], '없드늄데세야8', 0.033503507488997886), ([[29, 470], [220, 470], [220, 518], [29, 518]], '정활움 입몽', 0.015085896574748016), ([[48, 528], [162, 528], [162, 578], [48, 578]], '있대보다', 0.004075853619724512), ([[235, 815], [311, 815], [311, 879], [235, 879]], '#름', 0.022967160049136317), ([[5, 1119], [79, 1119], [79, 1183], [5, 1183]], '추름', 0.055699358995767896), ([[9, 1199], [83, 1199], [83, 1263], [9, 1263]], '축롭', 0.05432777193545462)]
[([[1012, 36], [1200, 36], [1200, 112], [1012, 112]], '아하이', 0.4499354928792785), ([[88, 204], [400, 204], [400, 256], [88, 256]], '말리요 메바 데흉데', 0.02925732175078837), ([[65, 260], [422, 260], [422, 316], [65, 316]], '좋아하내{0) 행복해0', 0.052845556948241404), ([[94, 320], [394, 320], [394, 374], [94, 374]], '물이제 하요 싶음제', 0.18066954307435829), ([[94, 378], [396, 378], [396, 432], [94, 432]], '대 예롭어터품 예장', 0.02486986987930222), ([[94, 438], [392, 438], [392, 490], [94, 490]], '예미컨 예팅 만과세', 0.05442997628096646), ([[153, 494], [333, 494], [333, 548], [153, 548]], '대행이데0', 0.13996855338549039)]
[([[804, 62], [1109, 62], [1109, 235], [804, 235]], '후기', 0.9999810339708489), ([[531, 317], [1369, 317], [1369, 452], [531, 452]], '전세계의 반유들이', 0.9831923920925084), ([[469, 495], [1447, 495], [1447, 629], [469, 629]], '이 만화을 싫어합니다', 0.3263268215428698), ([[1250, 722], [1304, 722], [1304, 776], [1250, 776]], '이', 0.9999370584855569), ([[581, 767], [701, 767], [701, 829], [581, 829]], '가슴', 0.9990705356757501), ([[563, 817], [733, 817], [733, 881], [563, 881]], '얘기만', 0.7152475118637085), ([[1206, 764], [1326, 764], [1326, 892], [1206, 892]], '쓸히', 0.3770615675901767), ([[1266, 826], [1366, 826], [1366, 880], [1266, 880]], '이!!', 0.9695920930537575), ([[583, 871], [695, 871], [695, 931], [583, 931]], '하지', 0.999665370423834), ([[567, 923], [777, 923], [777, 985], [567, 985]], '말라고!!', 0.9560951008140136)]
[([[29, 138], [246, 138], [246, 182], [29, 182]], '힘랜체@"잡아@', 0.007662452003748291), ([[45, 191], [237, 191], [237, 235], [45, 235]], '매큼리내괴560형', 0.0010414675789037315), ([[55, 241], [225, 241], [225, 285], [55, 285]], '과량 된하요', 0.13544220536618462), ([[61, 293], [215, 293], [215, 337], [61, 337]], '싶에8 모월', 0.2532181135407647), ([[86, 342], [202, 342], [202, 390], [86, 390]], '말해계@', 0.03338341414928436), ([[41, 537], [173, 537], [173, 581], [41, 581]], '그리미해', 0.008680736646056175), ([[9, 587], [203, 587], [203, 631], [9, 631]], '웬립되록 비요', 0.00584891480074991), ([[15, 639], [201, 639], [201, 683], [15, 683]], '싶에0 태듬-}', 0.07099690735657196), ([[8, 688], [206, 688], [206, 736], [8, 736]], '잡이 순영하뇨', 0.18132555034225892), ([[15, 741], [201, 741], [201, 785], [15, 785]], '싶에0 태듬-}', 0.04866924113751651), ([[27, 793], [183, 793], [183, 835], [27, 835]], '해표 동아@', 0.0656769204150665), ([[25, 1147], [219, 1147], [219, 1209], [25, 1209]], '마량 잡애', 0.08024564574047852), ([[5, 1219], [237, 1219], [237, 1281], [5, 1281]], '하하 싫음-', 0.03378835284193395), ([[63, 1293], [181, 1293], [181, 1355], [63, 1355]], '말해@', 0.25034028043028556)]
