2573968
48
[([[655, 21], [985, 21], [985, 61], [655, 61]], '5[9@ 어형적9히 (6깜+ <어앙~대)', 5.676138053750952e-06), ([[1248, 11], [1484, 11], [1484, 54], [1248, 54]], "'하+<역+;아<", 0.002854520524351699), ([[260, 92], [578, 92], [578, 148], [260, 148]], '|전,9형9@ (,꾸) (*:)', 0.00011907771996880572), ([[649, 379], [919, 379], [919, 639], [649, 639]], '히사', 0.005197945761653992), ([[1806, 911], [1949, 911], [1949, 963], [1806, 963]], "'@기드]아7", 0.0005222408016338218), ([[1101, 959], [1359, 959], [1359, 997], [1101, 997]], '가어+히/ 7 명;-$ $7디|신@', 6.726284956453375e-05), ([[1463, 959], [1735, 959], [1735, 997], [1463, 997]], '76+히/14 만#5 ;,디신어@', 0.00024261287931159878), ([[1762, 963], [2000, 963], [2000, 989], [1762, 989]], '오5/|내앙 명]+,@형미 네기적/거라미녹', 2.4706664704656525e-08), ([[266.1055728090001, 4.080650449500462], [402.89728521628325, 20.991735396647563], [394.8944271909999, 68.91934955049953], [257.10271478371675, 51.00826460335244]], '답떨<9', 0.00037832543603144586)]
[]
[]
[]
[]
[([[913.185687072251, 2004.0555156274324], [960.3177137718349, 2014.8337849570014], [941.814312927749, 2088.944484372568], [894.6822862281651, 2078.1662150429984]], '{', 0.17870473379233776)]
[]
[]
[([[967.3009300182813, 227.03060220840624], [1029.4513482233508, 242.1448482045492], [1000.6990699817187, 356.9693977915938], [937.5486517766493, 340.8551517954508]], '{', 0.6258359491128864)]
[]
[]
[]
[]
[]
[]
[]
[([[965.2885444962039, 227.03169835748432], [1028.3779930790483, 242.0774000268709], [1001.7114555037961, 354.9683016425157], [938.6220069209518, 340.9225999731291]], '{', 0.605221765368956)]
[]
[]
[]
[]
[([[1908, 23], [2029, 23], [2029, 76], [1908, 76]], '@||,', 4.813159102923237e-05), ([[1107, 954], [1844, 954], [1844, 1626], [1107, 1626]], '값새험', 0.005584137287895773), ([[26, 2677], [542, 2677], [542, 2744], [26, 2744]], '마,역9어미\' $ -,어담" 5역,8형아*', 2.5240602042584884e-06), ([[111, 2744], [225, 2744], [225, 2788], [111, 2788]], '[어감;7', 0.003579246789685673), ([[24, 2736], [234, 2736], [234, 2861], [24, 2861]], '고 8', 0.0037584666821361694), ([[1842, 2753], [2038, 2753], [2038, 2849], [1842, 2849]], '낙맑,@', 9.975265129469335e-05), ([[1779.9815420665361, 14.074486052446028], [1923.7738272090317, 35.23498868497061], [1912.0184579334639, 95.92551394755397], [1768.2261727909683, 75.76501131502938]], '4형]9', 0.0017595607787370682)]
[]
[([[1418, 18], [2037, 18], [2037, 94], [1418, 94]], '숫붙늄0#7% > > 크 >', 0.01871162078504549), ([[925, 104], [976, 104], [976, 188], [925, 188]], '형', 0.2221006610016616), ([[419, 169], [615, 169], [615, 249], [419, 249]], '주소소?', 0.09352656453847885), ([[589, 176], [765, 176], [765, 253], [589, 253]], "'&9", 0.10438149325067275), ([[943, 191], [976, 191], [976, 218], [943, 218]], '0', 0.9903753053780271), ([[1058, 54], [1219, 54], [1219, 458], [1058, 458]], '벼', 0.396355467154482), ([[1022, 72], [1079, 72], [1079, 489], [1022, 489]], '!', 0.16883266001264108), ([[1667, 247], [2049, 247], [2049, 384], [1667, 384]], '9어내지내요', 0.005478890608395619), ([[923, 214], [976, 214], [976, 593], [923, 593]], '1', 0.8796962262275407), ([[1655, 361], [2049, 361], [2049, 531], [1655, 531]], '일`품품움', 0.003423906601082023), ([[17, 656], [396, 656], [396, 722], [17, 722]], '묘23538399', 0.04543838027730976), ([[923, 608], [976, 608], [976, 769], [923, 769]], '통', 0.08959924943803177), ([[42, 715], [466, 715], [466, 779], [42, 779]], '@#어렉돈가 #준교', 5.188863711818897e-05), ([[42, 768], [534, 768], [534, 835], [42, 835]], "'시월홀?다3-3문솜30", 4.512618737900619e-05), ([[651, 786], [735, 786], [735, 865], [651, 865]], "'", 0.5768610242840033), ([[42, 825], [612, 825], [612, 889], [42, 889]], '@3또중플료이5]-806출려', 3.191897497809526e-05), ([[785, 969], [873, 969], [873, 1098], [785, 1098]], '[', 0.7744230706979494), ([[24, 1340], [88, 1340], [88, 1449], [24, 1449]], '0', 0.3288787066300394), ([[698, 1928], [748, 1928], [748, 2056], [698, 2056]], '흙', 0.7088608319014043), ([[795, 1852], [856, 1852], [856, 2156], [795, 2156]], "'", 0.15214964594578362), ([[88, 2168], [237, 2168], [237, 2701], [88, 2701]], '"', 0.8179638174918615), ([[270.4871464448379, 195.4665807565786], [433.1999836308251, 173.75035340729167], [437.5128535551621, 234.5334192434214], [275.8000163691749, 256.2496465927083]], '0_::=', 0.000841416465492978), ([[742.2465188815032, 264.047499163875], [815.9985190669896, 310.86669957628914], [786.7534811184968, 354.952500836125], [714.0014809330104, 309.13330042371086]], '033', 0.1858513730065397), ([[847.1794864158363, 597.2098953607878], [902.8849160046223, 627.5807967727219], [807.8205135841637, 796.7901046392122], [752.1150839953777, 766.4192032272781]], "'", 0.6062955219042578), ([[116.36203822173688, 866.025477771711], [314.9564578553627, 947.1664663199144], [287.6379617782631, 1006.974522228289], [89.0435421446373, 926.8335336800856]], "'", 0.6240407048481735), ([[749.3446046887868, 1128.0359026679605], [793.4941829724476, 1113.0203860333845], [831.6553953112132, 1230.9640973320395], [788.5058170275524, 1245.9796139666155]], '8', 0.0356942989831035)]
[([[1923, 29], [1986, 29], [1986, 155], [1923, 155]], '통', 0.994446974771396), ([[1703, 160], [1871, 160], [1871, 213], [1703, 213]], '{35', 0.04632854827886912), ([[1076, 176], [1149, 176], [1149, 271], [1076, 271]], '@', 0.9013913855148168), ([[1575, 218], [1779, 218], [1779, 269], [1575, 269]], '4{또임', 0.022977085784077644), ([[1803, 133], [1992, 133], [1992, 541], [1803, 541]], '기', 0.3574539443068403), ([[97, 661], [128, 661], [128, 686], [97, 686]], '9', 0.6336501671476071), ([[122, 648], [289, 648], [289, 697], [122, 697]], ',: 300', 0.05264728463597756), ([[36, 713], [62, 713], [62, 737], [36, 737]], '9', 0.3738298197105341), ([[58, 697], [227, 697], [227, 750], [58, 750]], ',과300', 0.08355767925312549), ([[101, 810], [130, 810], [130, 834], [101, 834]], '9', 0.38667119789921855), ([[126, 794], [292, 794], [292, 845], [126, 845]], '식,5 300', 0.01116480981392406), ([[68, 890], [273, 890], [273, 953], [68, 953]], '"-# 나치', 0.06126638929210553), ([[36, 938], [305, 938], [305, 993], [36, 993]], '-0215-2214', 0.09884577079089957), ([[923, 932], [1086, 932], [1086, 985], [923, 985]], '+ {뿐포:', 0.04373887196121604), ([[945, 981], [1255, 981], [1255, 1034], [945, 1034]], "'또는오 소구 * 급", 0.0011522238893169072), ([[279, 1112], [445, 1112], [445, 1162], [279, 1162]], '다 운출', 0.06083552651622105), ([[873, 1148], [998, 1148], [998, 1198], [873, 1198]], '{문포출', 0.09004183858633041), ([[1153, 1133], [1215, 1133], [1215, 1195], [1153, 1195]], '[50', 0.048720303806822914), ([[856, 1192], [1175, 1192], [1175, 1256], [856, 1256]], '연요교 5레0:3', 0.00030787842212973214), ([[503, 1323], [615, 1323], [615, 1640], [503, 1640]], '"', 0.5039030347618336), ([[677, 1370], [733, 1370], [733, 1491], [677, 1491]], '물', 0.6298273911073835), ([[1904, 1124], [1966, 1124], [1966, 1548], [1904, 1548]], '"', 0.055976554648387244), ([[522, 1633], [548, 1633], [548, 1667], [522, 1667]], '길', 0.005430780107636091), ([[873, 1733], [922, 1733], [922, 1898], [873, 1898]], '물', 0.04628665581943303), ([[38, 1847], [230, 1847], [230, 2146], [38, 2146]], '', 0.0), ([[818, 1728], [931, 1728], [931, 2126], [818, 2126]], '"', 0.6029095570888252), ([[83, 1852], [224, 1852], [224, 2551], [83, 2551]], '"', 0.15572760334394165), ([[821, 2619], [985, 2619], [985, 2672], [821, 2672]], '습물,고00', 0.012350500299626484), ([[1356, 2553], [1471, 2553], [1471, 2709], [1356, 2709]], '사0', 0.02162566474537662), ([[754, 2693], [922, 2693], [922, 2744], [754, 2744]], '끗200', 0.027852199971675873), ([[286, 2740], [314, 2740], [314, 2767], [286, 2767]], '9', 0.9731131513692617), ([[308, 2725], [478, 2725], [478, 2776], [308, 2776]], '생큰고00', 0.004268568763952143), ([[185, 2772], [386, 2772], [386, 2825], [185, 2825]], ')-4나고', 0.08005746947836563), ([[151, 2817], [420, 2817], [420, 2868], [151, 2868]], '나0214-[0209', 0.05254840348441868), ([[1077.3300131534902, 282.032136796298], [1163.8318711019338, 351.4750287718898], [1124.6699868465098, 399.967863203702], [1038.1681288980662, 329.5249712281102]], '968', 0.0023544343817624726), ([[1824.2285772529676, 2377.131467594884], [1895.6964982580553, 2324.0202299614507], [1986.7714227470324, 2467.868532405116], [1915.3035017419447, 2519.9797700385493]], '올', 0.15939787400401784)]
[([[1334, 659], [1648, 659], [1648, 710], [1334, 710]], "+ 그기' > 0###", 0.23818079563326713), ([[1386, 716], [1698, 716], [1698, 766], [1386, 766]], '+ 그기 > 0#충#', 0.10913088291176584), ([[432, 788], [744, 788], [744, 838], [432, 838]], "+ 그7' > 0###", 0.09945641995396662), ([[1667, 1219], [1755, 1219], [1755, 1321], [1667, 1321]], '[', 0.058149380205322565), ([[340, 1312], [584, 1312], [584, 1367], [340, 1367]], '#@@중뜻교', 0.0051728842157038974), ([[1632, 1353], [1845, 1353], [1845, 1413], [1632, 1413]], '@충표훈', 0.03238111734390259), ([[828, 1598], [1104, 1598], [1104, 1653], [828, 1653]], '끼기09@#퍼#', 0.031930062373351414), ([[857, 1710], [908, 1710], [908, 1950], [857, 1950]], '?', 0.0020427990134115476), ([[1789, 1897], [1815, 1897], [1815, 1961], [1789, 1961]], '0', 0.276907262350111), ([[900, 1710], [955, 1710], [955, 2204], [900, 2204]], "'", 0.323224963910107), ([[127, 2348], [171, 2348], [171, 2399], [127, 2399]], '0', 0.9993622128171786), ([[842, 2659], [1153, 2659], [1153, 2712], [842, 2712]], "+ 크기' > @#초#", 0.04897123658286312), ([[1277.17469273875, 84.01793299125387], [1418.1655158471265, 63.02817721156724], [1452.82530726125, 351.9820670087461], [1311.8344841528735, 372.97182278843275]], '1', 0.027240410505328327), ([[558.1075368557226, 169.02490971743487], [662.5690348053115, 118.01012197074836], [775.8924631442774, 379.97509028256513], [671.4309651946885, 430.98987802925166]], '밝', 0.008617449443499903), ([[313.1695452014626, 1439.0345424175512], [373.50954132371913, 1401.0129900551055], [474.8304547985374, 1578.9654575824488], [414.49045867628087, 1616.9870099448945]], '@', 0.45930473549688955), ([[872.7984419294426, 1438.0658215579276], [944.6497510882988, 1399.0192066077511], [1016.2015580705574, 1550.9341784420724], [945.3502489117012, 1589.9807933922489]], '', 0.0), ([[1667.3244553865106, 1814.0285735608245], [1720.4437601569803, 1783.0123171743567], [1810.6755446134894, 1947.9714264391755], [1758.5562398430197, 1978.9876828256433]], '굶', 0.008030585567399273), ([[1080.2384146236964, 2015.2967072690035], [1149.7291872667377, 1949.02046665207], [1264.7615853763036, 2086.7032927309965], [1194.2708127332623, 2152.97953334793]], '올', 0.008908015924134816)]
[([[1859, 29], [2024, 29], [2024, 80], [1859, 80]], '1* 타*-', 0.10514753163461991), ([[53, 62], [383, 62], [383, 124], [53, 124]], '92[5[0지', 0.008474048265214315), ([[725, 79], [1117, 79], [1117, 135], [725, 135]], '주>소스  -099 현?_', 0.011487126465164699), ([[1751, 68], [2021, 68], [2021, 129], [1751, 129]], '소2 93) 찢률', 0.0010938877091264652), ([[92, 124], [699, 124], [699, 177], [92, 177]], '@물워 #숨벼5어1비끼 33버끼마9', 3.412709302200306e-06), ([[72, 205], [98, 205], [98, 229], [72, 229]], '9', 0.9185620002742247), ([[95, 187], [451, 187], [451, 242], [95, 242]], '783스내7535', 0.012171032007470032), ([[84, 233], [504, 233], [504, 293], [84, 293]], '93 {못0 @국@-', 0.0009564775040435647), ([[65, 280], [337, 280], [337, 337], [65, 337]], '@씹기창미*308', 0.001824940698944616), ([[84, 322], [336, 322], [336, 384], [84, 384]], "'쨌줄미*31", 0.0049070710287593584), ([[65, 374], [400, 374], [400, 429], [65, 429]], '@@(니 국 9%', 0.0018171184810632482), ([[588, 977], [701, 977], [701, 1230], [588, 1230]], '%', 0.009446585499362448), ([[669, 1223], [689, 1223], [689, 1245], [669, 1245]], '0', 0.7624650190104063), ([[684, 990], [744, 990], [744, 1143], [684, 1143]], '5', 0.015182930725778976), ([[726, 977], [836, 977], [836, 1379], [726, 1379]], '#', 0.5097954702416843), ([[799, 1219], [825, 1219], [825, 1246], [799, 1246]], '0', 0.9792176849471304), ([[1448, 1151], [1569, 1151], [1569, 1281], [1448, 1281]], '셈', 0.02538532096956292), ([[585, 1019], [746, 1019], [746, 1527], [585, 1527]], '{', 0.16148355425588434), ([[1742, 1187], [1952, 1187], [1952, 1437], [1742, 1437]], '선', 0.00774827928611993), ([[621, 1516], [647, 1516], [647, 1545], [621, 1545]], '0', 0.8922658681507336), ([[1864, 1455], [2016, 1455], [2016, 1643], [1864, 1643]], '@', 0.9533416304356166), ([[591.3351366892331, 348.0746014326256], [617.4776973164738, 339.03827663786205], [636.6648633107669, 397.9253985673744], [610.5223026835262, 406.96172336213795]], '중', 0.06942600186123915), ([[956.667818080585, 411.0138169670205], [985.2809942305452, 400.0098819262583], [1038.332181919415, 538.9861830329795], [1009.7190057694548, 549.9901180737418]], '8', 0.4074512416461893), ([[55.646606378341794, 690.233031891709], [118.70466426341764, 630.0207075219], [230.3533936216582, 763.766968108291], [167.29533573658236, 823.9792924781]], '@', 0.14198118265127935), ([[9.414405537378054, 2797.1819438107254], [127.95185602681504, 2789.315517697686], [128.58559446262194, 2853.8180561892746], [11.048143973184967, 2861.684482302314]], '[', 0.21591815579364493)]
[([[1908, 23], [2029, 23], [2029, 76], [1908, 76]], '@||,', 4.813159102923237e-05), ([[1107, 954], [1844, 954], [1844, 1626], [1107, 1626]], '값새험', 0.005584137287895773), ([[26, 2677], [542, 2677], [542, 2744], [26, 2744]], '마,역9어미\' $ -,어담" 5역,8형아*', 2.5240602042584884e-06), ([[111, 2744], [225, 2744], [225, 2788], [111, 2788]], '[어감;7', 0.003579246789685673), ([[24, 2736], [234, 2736], [234, 2861], [24, 2861]], '고 8', 0.0037584666821361694), ([[1842, 2753], [2038, 2753], [2038, 2849], [1842, 2849]], '낙맑,@', 9.975265129469335e-05), ([[1779.9815420665361, 14.074486052446028], [1923.7738272090317, 35.23498868497061], [1912.0184579334639, 95.92551394755397], [1768.2261727909683, 75.76501131502938]], '4형]9', 0.0017595607787370682)]
[([[1103, 54], [1187, 54], [1187, 105], [1103, 105]], '예흙', 0.13753915608059045), ([[1530, 15], [2033, 15], [2033, 95], [1530, 95]], '??? 미답사 지하던전', 0.3368332303012455), ([[1006, 99], [1284, 99], [1284, 150], [1006, 150]], '생각보다 재미없눕', 0.06500325510207672), ([[450, 155], [577, 155], [577, 208], [450, 208]], '테타클', 0.10275710501213135), ([[1058, 144], [1234, 144], [1234, 195], [1058, 195]], '된전이잡야', 0.2808827641388121), ([[464, 177], [745, 177], [745, 253], [464, 253]], '미막 &%', 0.1292517272144489), ([[1693, 258], [1992, 258], [1992, 322], [1693, 322]], '소선리스[35', 0.3966501268498315), ([[956, 292], [1237, 292], [1237, 347], [956, 347]], '이훨런런여관에저', 0.006066814362174272), ([[974, 338], [1221, 338], [1221, 388], [974, 388]], '한잔일경러쨌어', 0.01997122691526095), ([[1625, 320], [2017, 320], [2017, 375], [1625, 375]], "'음마법울사용하숨마녀", 0.09724739544674661), ([[1733, 374], [2015, 374], [2015, 427], [1733, 427]], "'강렬합마법으", 0.04477685249226592), ([[988, 401], [1138, 401], [1138, 451], [988, 451]], '영력기)', 0.03195055201649666), ([[1715, 416], [2017, 416], [2017, 472], [1715, 472]], '여레던전올 답판한', 0.16928124312981413), ([[943, 446], [1180, 446], [1180, 499], [943, 499]], '보물장자 말표?', 0.11916837581534076), ([[1757, 461], [2017, 461], [2017, 517], [1757, 517]], '실력규움 모험간', 0.04334628239805892), ([[17, 658], [229, 658], [229, 722], [17, 722]], '탄타록미멘', 0.001772373573385947), ([[42, 719], [515, 719], [515, 779], [42, 779]], "'상자속에숨에상대름 오린다", 0.009471917694112387), ([[43, 774], [503, 774], [503, 829], [43, 829]], "'사람음습결애다눈 보고있음", 0.03464778221571306), ([[42, 826], [475, 826], [475, 890], [42, 890]], '@여성올번심도문로활용합', 0.030093140179913776), ([[682, 2039], [762, 2039], [762, 2087], [682, 2087]], '맛', 0.07014168150823252), ([[727, 2081], [838, 2081], [838, 2132], [727, 2132]], '이권', 0.6007253357791668), ([[718, 2124], [843, 2124], [843, 2177], [718, 2177]], '원험', 0.3981580385946265), ([[73, 2492], [464, 2492], [464, 2721], [73, 2721]], '숲썹문짓늑', 0.0001663188303799611), ([[289.7864056378821, 193.3592169136464], [454.2860988013402, 174.9202334731689], [457.2135943621179, 236.6407830863536], [292.7139011986598, 254.0797665268311]], '0_되:', 0.0003256451745983213), ([[739.2619071887366, 270.05477816453487], [813.0, 309.0], [791.7380928112634, 346.94522183546513], [719.0, 309.0]], '420', 0.20892179209768266), ([[854.6501121339473, 593.352907283354], [910.0572538334335, 625.774133947626], [800.3498878660527, 800.647092716646], [744.9427461665665, 768.225866052374]], "'", 0.6062955219042578), ([[566.6407446679389, 860.1163190740452], [748.3888287072318, 754.0872573906762], [775.3592553320611, 817.8836809259548], [593.6111712927682, 923.9127426093238]], "'", 0.6647802590401319), ([[157.0542968817191, 888.0560938064405], [281.8446454055274, 923.4310709188945], [260.9457031182809, 987.9439061935595], [136.15535459447264, 952.5689290811055]], "'", 0.3754107674357243), ([[818.3816999397877, 960.0239292232616], [915.6348020759259, 1050.6104817930309], [865.6183000602123, 1104.9760707767384], [769.3651979240741, 1014.3895182069692]], '%소', 0.024904992453049016), ([[886.1618094688171, 1447.1546758660209], [954.7082050579776, 1399.022821601347], [1033.8381905311828, 1527.8453241339791], [966.2917949420224, 1575.977178398653]], '흙', 0.9260902400138207)]
[([[1528, 41], [1678, 41], [1678, 91], [1528, 91]], '댐야이권', 0.2111847996711731), ([[1474, 83], [1734, 83], [1734, 136], [1474, 136]], '달용합 냄새 ', 0.05928430712032776), ([[1679, 241], [1824, 241], [1824, 292], [1679, 292]], '센음가스', 0.0860530287027359), ([[1708, 286], [1885, 286], [1885, 337], [1708, 337]], "'커리음간스", 0.0814235632615887), ([[1627, 335], [2029, 335], [2029, 391], [1627, 391]], '소서리스는미약한 발정에', 0.40314871161609567), ([[1910, 383], [2031, 383], [2031, 436], [1910, 436]], '빠젊다', 0.11615486443042755), ([[88, 648], [294, 648], [294, 699], [88, 699]], '@경험치 300', 0.3494396416867747), ([[54, 695], [235, 695], [235, 748], [54, 748]], '경험치 300', 0.57314309555531), ([[92, 792], [193, 792], [193, 845], [92, 845]], '여경험', 0.4870757131275274), ([[224, 798], [297, 798], [297, 837], [224, 837]], '300', 0.6565531492233276), ([[46, 897], [301, 897], [301, 951], [46, 951]], '소서리스 [215', 0.6269638364045247), ([[131, 945], [253, 945], [253, 994], [131, 994]], '나214', 0.1011997328557005), ([[932, 934], [1072, 934], [1072, 982], [932, 982]], '+ 최음독', 0.8575108355741707), ([[959, 977], [1203, 977], [1203, 1030], [959, 1030]], '성감이 오른리다', 0.4893636932928172), ([[288, 1114], [431, 1114], [431, 1165], [288, 1165]], '#센음돌', 0.05446391925215721), ([[835, 1150], [978, 1150], [978, 1201], [835, 1201]], '{최음목', 0.1506311093421453), ([[1598, 1157], [1950, 1157], [1950, 1212], [1598, 1212]], '모불린문리가 마타낫다', 0.1180018781458601), ([[862, 1193], [1111, 1193], [1111, 1248], [862, 1248]], '성감이 오롭내다', 0.10320993201576942), ([[632, 1368], [771, 1368], [771, 1421], [632, 1421]], '이기왜', 0.12968905238790102), ([[621, 1413], [780, 1413], [780, 1466], [621, 1466]], '농오켓', 0.008490143206586259), ([[533, 1465], [688, 1465], [688, 1520], [533, 1520]], '내와되음', 0.02304884046316147), ([[495, 1512], [726, 1512], [726, 1565], [495, 1565]], '장난감이아래', 0.1559610482649818), ([[785, 1751], [973, 1751], [973, 1807], [785, 1807]], '윗야/에', 0.007947389036417007), ([[806, 1798], [951, 1798], [951, 1849], [806, 1849]], '교불관', 0.3385865708378343), ([[751, 1841], [1005, 1841], [1005, 1894], [751, 1894]], '젠길&직일주만', 0.03392671601753691), ([[783, 1886], [971, 1886], [971, 1939], [783, 1939]], '있으-이판', 0.014578829116350433), ([[821, 1931], [935, 1931], [935, 1984], [821, 1984]], '녀석', 0.38229240472331916), ([[36, 1969], [334, 1969], [334, 2026], [36, 2026]], '이출순 대명험치름', 0.03203576266909766), ([[73, 2015], [292, 2015], [292, 2071], [73, 2071]], '빨어제갈음기', 0.003131468148372483), ([[54, 2093], [237, 2093], [237, 2146], [54, 2146]], '습쓸순없눕', 0.050923752403472286), ([[18, 2138], [276, 2138], [276, 2191], [18, 2191]], '{경의터령훨에', 0.007881933718188596), ([[14, 2180], [276, 2180], [276, 2237], [14, 2237]], '/리없어나야', 0.10093153577329597), ([[1946, 2187], [1999, 2187], [1999, 2240], [1946, 2240]], '#', 0.8413583465483043), ([[1440, 2275], [1502, 2275], [1502, 2332], [1440, 2332]], '상', 0.3872242405132056), ([[1850, 2356], [1952, 2356], [1952, 2436], [1850, 2436]], '%육', 0.05258496663373583), ([[1376, 2582], [1440, 2582], [1440, 2648], [1376, 2648]], '상', 0.23464873433295086), ([[808, 2621], [989, 2621], [989, 2677], [808, 2677]], '명험치 000', 0.23017467550745266), ([[743, 2691], [928, 2691], [928, 2746], [743, 2746]], '명험치 %00', 0.1675433175940983), ([[290, 2727], [476, 2727], [476, 2780], [290, 2780]], "'경험숙 000", 0.0549387108329227), ([[124, 2774], [377, 2774], [377, 2825], [124, 2825]], '소선리스 [214', 0.6332210329867693), ([[209, 2819], [330, 2819], [330, 2870], [209, 2870]], '[209', 0.544196605682373), ([[1079.9805585009542, 277.0872393055339], [1153.7067488113398, 298.1471594768377], [1138.0194414990458, 346.9127606944661], [1065.2932511886602, 326.8528405231623]], '오제', 0.031221352555421883), ([[1946.8686291501015, 1819.0804040507107], [2041.1857337763822, 1835.4835770881534], [2027.1313708498985, 1904.9195959492893], [1932.8142662236178, 1888.5164229118466]], '{.6', 0.4149179737377876)]
[([[103, 58], [272, 58], [272, 268], [103, 268]], '4', 0.024722005361186072), ([[1294, 117], [1435, 117], [1435, 308], [1294, 308]], '%', 0.6726112461041254), ([[1334, 662], [1588, 662], [1588, 712], [1334, 712]], '+ 고불린의 정액', 0.9865132042554048), ([[1393, 720], [1646, 720], [1646, 771], [1393, 771]], '+ 고불린의 정액', 0.7812284428307298), ([[443, 788], [697, 788], [697, 838], [443, 838]], '+ 고불린의 정액', 0.9575667920371093), ([[1670, 1234], [1767, 1234], [1767, 1337], [1670, 1337]], '올', 0.09616948920939095), ([[332, 1313], [565, 1313], [565, 1373], [332, 1373]], '군 0순 순징액', 0.012412520198012087), ([[1600, 1357], [1828, 1357], [1828, 1412], [1600, 1412]], '군 출순순청액', 0.06440890760575885), ([[821, 1600], [1048, 1600], [1048, 1653], [821, 1653]], "'고불린의 정액", 0.7265700728217739), ([[734, 1674], [1135, 1674], [1135, 1727], [734, 1727]], '모불린 문리늄암컷냄새에', 0.3363240511672273), ([[844, 1719], [1135, 1719], [1135, 1772], [844, 1772]], '흥분화기 시작햇다', 0.29922775205738644), ([[77, 2318], [168, 2318], [168, 2368], [77, 2368]], '예해`', 0.004726040517330188), ([[848, 2673], [879, 2673], [879, 2706], [848, 2706]], '+', 0.9621019979375802), ([[875, 2662], [1099, 2662], [1099, 2715], [875, 2715]], '고불린의 정액', 0.8787425534167828), ([[627.2668260128632, 148.0168070804177], [796.6254443013697, 294.55827218031504], [707.7331739871368, 397.9831929195823], [538.3745556986303, 251.44172781968496]], '씬교', 0.001435361964794178), ([[1670.672619571201, 1808.0089381529783], [1713.5211004213297, 1802.0226716376887], [1738.327380428799, 2002.9910618470217], [1695.4788995786703, 2008.9773283623113]], '8', 0.8149401563205316), ([[1117.3425418378304, 1977.0309434810015], [1230.955236783528, 2043.20963218369], [1198.6574581621696, 2096.9690565189985], [1085.044763216472, 2029.79036781631]], '또)', 0.0212641340340784)]
[([[1841, 20], [1988, 20], [1988, 73], [1841, 73]], '한달 후-', 0.9862890191083882), ([[58, 62], [331, 62], [331, 124], [58, 124]], '소선리스 [7모', 0.031480386148138695), ([[757, 73], [1075, 73], [1075, 134], [757, 134]], '테타글 -차.99 주쟁', 0.0024061032028135187), ([[1817, 64], [1986, 64], [1986, 121], [1817, 121]], '던전 심름', 0.11449559146686263), ([[122, 126], [570, 126], [570, 179], [122, 179]], '비처비 첫상대-이름없눕므불린', 0.14544792991242347), ([[68, 189], [319, 189], [319, 244], [68, 244]], '@콤플 플랜트', 0.028422926714160506), ([[85, 232], [633, 232], [633, 296], [85, 296]], '용랜최음 대%습의 모장 미악중돌', 0.017746650562343903), ([[68, 281], [328, 281], [328, 337], [68, 337]], '@절정횟순 308', 0.17415597139960975), ([[86, 329], [321, 329], [321, 384], [86, 384]], "'울산 횟수 30", 0.0618952621993969), ([[68, 374], [388, 374], [388, 431], [68, 431]], '@출순화 진행궁996', 0.06991040988060096), ([[682, 1125], [841, 1125], [841, 1178], [682, 1178]], '긴시간후', 0.3760460317134857), ([[522, 1168], [890, 1168], [890, 1223], [522, 1223]], '소서리스는군조되없다', 0.40411128607825114), ([[583, 1215], [915, 1215], [915, 1268], [583, 1268]], '하지만스녀름 군한건', 0.1794839864527141), ([[612, 1258], [944, 1258], [944, 1313], [612, 1313]], '오크엿고 죽음때까지', 0.21914442291718794), ([[614, 1303], [980, 1303], [980, 1358], [614, 1358]], '임신주머니로 사용되다:', 0.5198787758931225), ([[588.3528998917341, 287.05268933957785], [645.9673431012297, 325.4899130298419], [625.6471001082659, 355.94731066042215], [568.0326568987703, 317.5100869701581]], '스', 0.04283235220612269), ([[578.5982463119958, 339.02702270876904], [603.3045410640402, 327.0154975724062], [647.4017536880042, 418.97297729123096], [621.6954589359598, 430.9845024275938]], '9', 0.7125965799787082), ([[887.3424040507786, 373.05442430467144], [921.020617044924, 367.1323985666035], [933.6575959492214, 440.94557569532856], [899.979382955076, 446.8676014333965]], '"', 0.01231096406072446), ([[950.5121428798432, 413.0238573744001], [987.3894383364645, 400.0151892932538], [1029.4878571201568, 524.9761426255999], [992.6105616635355, 537.9848107067462]], '8', 0.480499455506461), ([[1636.2736737481337, 433.0441247346968], [1702.9237916191792, 486.0467461762241], [1670.7263262518663, 526.9558752653031], [1604.0762083808208, 473.9532538237759]], '933', 0.06157980437323716), ([[72.42572556013445, 1126.0275458253984], [117.60625627277386, 1114.0307074680727], [148.57427443986555, 1241.9724541746016], [103.39374372722614, 1253.9692925319273]], '불', 0.7576241954839738), ([[1840.0864055220115, 1199.041820189925], [1967.8215519189214, 1248.1192772921215], [1934.9135944779885, 1327.958179810075], [1807.1784480810786, 1278.8807227078785]], '4입', 0.11559162825466895), ([[1865.0542968817192, 1458.0560938064405], [1968.6869432832623, 1489.7839442786992], [1945.9457031182808, 1557.9439061935595], [1842.3130567167377, 1526.2160557213008]], '2돌', 0.004851067139041687), ([[9.414405537378054, 2797.1819438107254], [127.95185602681504, 2789.315517697686], [128.58559446262194, 2853.8180561892746], [11.048143973184967, 2861.684482302314]], '[', 0.31244896500584574)]
[]
[([[856.5793669405853, 592.3750058628436], [913.3213579156568, 629.096895462856], [801.4206330594147, 796.6249941371564], [744.6786420843432, 759.903104537144]], "'", 0.623603451972091), ([[565.7261404894031, 861.1020710342988], [744.2309042531355, 750.9470965070861], [772.2738595105969, 814.8979289657012], [593.7690957468645, 925.0529034929139]], "'", 0.5679210472919749), ([[102.41681264523096, 847.0189147365568], [327.9276461729265, 946.8610821754703], [292.58318735476905, 1018.9810852634432], [67.07235382707354, 918.1389178245297]], "'", 0.6853376687257686)]
[]
[([[1950, 546], [1992, 546], [1992, 601], [1950, 601]], '손', 0.1694865185441765), ([[1878.0735178907757, 526.1087751412585], [1950.794733192202, 537.7350889359326], [1942.9264821092243, 575.8912248587415], [1871.205266807798, 564.2649110640674]], "'스", 0.00837794109001859)]
[]
[]
[([[17, 2737], [61, 2737], [61, 2775], [17, 2775]], '0', 0.8984213722250458), ([[890.4695455742813, 1283.0117299787569], [983.6562143770038, 1310.7597412691332], [917.5304544257187, 1532.9882700212431], [823.3437856229962, 1504.2402587308668]], '맨', 0.017279466153887535)]
[([[682, 93], [854, 93], [854, 168], [682, 168]], '1~', 0.0005954956206223022), ([[797, 261], [946, 261], [946, 336], [797, 336]], '귀6', 0.051782989574313765), ([[743.0578369393376, 162.04945092370735], [861.7741551426838, 201.99645276269425], [834.9421630606624, 274.95054907629265], [717.2258448573162, 235.00354723730575]], '[', 0.09567329626316567)]
[([[763, 750], [954, 750], [954, 846], [763, 846]], '[*8+ (', 0.07184546087588552), ([[886, 825], [1066, 825], [1066, 903], [886, 903]], '[*8+(', 0.11626101940506214), ([[1941, 876], [1980, 876], [1980, 930], [1941, 930]], '1', 0.3041979027153765), ([[61, 2083], [171, 2083], [171, 2241], [61, 2241]], '1', 0.2960909138836456), ([[104, 2340], [154, 2340], [154, 2398], [104, 2398]], ')', 0.14672750392921685)]
[([[1420, 1573], [1554, 1573], [1554, 1705], [1420, 1705]], '27', 0.35390567816941615)]
[([[1999, 390], [2019, 390], [2019, 415], [1999, 415]], '"', 0.45269321151454633), ([[1231, 2223], [1264, 2223], [1264, 2258], [1231, 2258]], '0', 0.810025062754903), ([[359.6712678358369, 124.5754088880901], [489.42541838477507, 105.67284033214415], [494.3287321641631, 152.4245911119099], [364.57458161522493, 171.32715966785585]], '^시곤', 0.00015617713540457524), ([[402.1588936020131, 169.39067232241575], [512.540938046615, 138.07828077792345], [525.8411063979869, 190.60932767758425], [415.45906195338506, 221.92171922207655]], '맣사6', 0.006773199630574945)]
[]
[]
[]
[([[1834, 0], [2037, 0], [2037, 75], [1834, 75]], '@쓸스의', 0.0008930362528190017)]
[]
