2576008
108
[([[115, 282], [285, 282], [285, 354], [115, 354]], '이야  ', 0.2367006242275238), ([[180, 403], [579, 403], [579, 480], [180, 480]], '대체 얼마만이야?', 0.9816671200888214), ([[185, 473], [575, 473], [575, 546], [185, 546]], '이런애랑 하늘계', 0.18280507619584846), ([[438, 622], [601, 622], [601, 691], [438, 691]], '어떻게', 0.3707119270765253), ([[417, 684], [613, 684], [613, 759], [417, 759]], '구햇나?', 0.8336057662963867), ([[478, 1637], [687, 1637], [687, 1785], [478, 1785]], '82', 0.05751080304881696), ([[499, 1813], [742, 1813], [742, 1959], [499, 1959]], '@옷', 0.1033091659880931), ([[1302, 1921], [1529, 1921], [1529, 1996], [1302, 1996]], '주인인 척', 0.9994109931119527), ([[1231, 1989], [1601, 1989], [1601, 2062], [1231, 2062]], '마실 것 좀 젖지', 0.43140031677904656), ([[1471, 2110], [1748, 2110], [1748, 2178], [1471, 2178]], '그냥 주니까', 0.6097154374806627), ([[1346, 2172], [1860, 2172], [1860, 2249], [1346, 2249]], '잘 받아마시던데? 크크', 0.37054107322312435)]
[([[1454, 149], [1583, 149], [1583, 204], [1454, 204]], '후우: :', 0.22684564635910034), ([[1267, 216], [1416, 216], [1416, 291], [1267, 291]], '하닷;', 0.06445647635189437), ([[102, 290], [267, 290], [267, 382], [102, 382]], '라가))', 0.003464196342974901), ([[1789, 405], [1914, 405], [1914, 478], [1789, 478]], '(빠아;', 0.006398200988769531), ([[627, 456], [757, 456], [757, 545], [627, 545]], '@남', 0.040096889301380445), ([[227, 1568], [350, 1568], [350, 1621], [227, 1621]], '하아~', 0.8002426600968796), ([[304, 1643], [431, 1643], [431, 1698], [304, 1698]], '개절어', 0.9967641135930272), ([[304, 1697], [409, 1697], [409, 1747], [304, 1747]], '진짜', 0.9997405538593274), ([[104, 1859], [321, 1859], [321, 1907], [104, 1907]], '그래 그래~', 0.9884736238907758), ([[142, 1908], [278, 1908], [278, 1963], [142, 1963]], '알켓어', 0.18295793660042736), ([[238, 1984], [452, 1984], [452, 2045], [238, 2045]], '내처례니까', 0.19706683897757815), ([[247, 2038], [439, 2038], [439, 2099], [247, 2099]], '빨리 비켜', 0.9320772632104647)]
[([[844, 853], [1164, 853], [1164, 1209], [844, 1209]], '9', 0.7514929212767676), ([[985, 1638], [1124, 1638], [1124, 1853], [985, 1853]], '{', 0.06201113618814014)]
[]
[]
[]
[]
[]
[([[1655.5129924896828, 1203.1597654525403], [1697.6699868465098, 1174.0321367962981], [1752.4870075103172, 1262.8402345474597], [1710.3300131534902, 1291.9678632037019]], '5', 0.2229140542150141)]
[]
[]
[]
[([[1659, 165], [1855, 165], [1855, 291], [1659, 291]], '응어', 0.05526305647323422), ([[352, 289], [527, 289], [527, 411], [352, 411]], '옷  ', 0.25024586663083775), ([[2140, 287], [2431, 287], [2431, 409], [2140, 409]], '이상해', 0.8891461423318675), ([[353, 405], [564, 405], [564, 537], [353, 537]], '원가_', 0.7277853488922119), ([[2237, 813], [2377, 813], [2377, 934], [2237, 934]], '옛', 0.05310987616427654), ([[2388, 1306], [2620, 1306], [2620, 1403], [2388, 1403]], '된찮0', 0.049763359223543115), ([[2323, 1391], [2685, 1391], [2685, 1488], [2323, 1488]], '어자피패로', 0.13695689352892038), ([[264, 1452], [536, 1452], [536, 1549], [264, 1549]], '어; 뭐야', 0.3176792764911294), ([[2266, 1479], [2737, 1479], [2737, 1576], [2266, 1576]], '제정이닐걸8', 0.08467437612078574), ([[109, 1537], [696, 1537], [696, 1637], [109, 1637]], '벌써 깨느거갈은데? ', 0.4097403301810803)]
[([[229, 112], [340, 112], [340, 176], [229, 176]], '뭐야', 0.6040306087892556), ([[177, 168], [392, 168], [392, 236], [177, 236]], '일어낫네?', 0.17775146194967523), ([[769, 215], [880, 215], [880, 284], [769, 284]], '웃0', 0.1588498627175484), ([[2010, 194], [2179, 194], [2179, 296], [2010, 296]], "웃; '", 0.3374866837941419), ([[1671, 751], [1764, 751], [1764, 817], [1671, 817]], '료', 0.04682855905527106), ([[1701, 1057], [1927, 1057], [1927, 1202], [1701, 1202]], '논뜨', 0.0006426204118131154), ([[2437, 1228], [2880, 1228], [2880, 1581], [2437, 1581]], '퍽', 0.9914383158647446), ([[1531, 1556], [1787, 1556], [1787, 1684], [1531, 1684]], '간', 0.012533165083298492), ([[630, 1886], [679, 1886], [679, 1941], [630, 1941]], '^', 0.012920941494031446), ([[652, 1908], [873, 1908], [873, 2020], [652, 2020]], '원%', 0.15984399190757329), ([[1046, 1827], [1579, 1827], [1579, 2204], [1046, 2204]], '퍽', 0.9987112862063583), ([[1223.1043505584719, 612.2278372897349], [1346.3926866589718, 596.1902643232498], [1351.8956494415281, 668.7721627102651], [1228.6073133410282, 684.8097356767502]], '주움', 0.0531584033798368), ([[2311.119037403868, 602.009025308744], [2640.53564474245, 645.9729161351237], [2562.880962596132, 1175.990974691256], [2234.46435525755, 1133.0270838648762]], '=', 0.7186720925518699)]
[([[229, 114], [340, 114], [340, 176], [229, 176]], '뛰야', 0.2558162413730148), ([[177, 170], [392, 170], [392, 236], [177, 236]], '일어낫네?', 0.3408080231567092), ([[580, 197], [677, 197], [677, 259], [580, 259]], '용0', 0.1630313135812577), ([[323, 269], [619, 269], [619, 333], [323, 333]], '너무 푹 자격래', 0.2972232365902049), ([[289, 325], [655, 325], [655, 392], [289, 392]], '먼저 하고있없지', 0.4016104588198014), ([[1942, 426], [2055, 426], [2055, 503], [1942, 503]], '용0', 0.20010807795498928), ([[2034, 495], [2139, 495], [2139, 548], [2034, 548]], '나: ', 0.9336962491661619), ([[1926, 554], [1999, 554], [1999, 607], [1926, 607]], '왜:', 0.9230844144477286), ([[2029, 550], [2248, 550], [2248, 614], [2029, 614]], '이렇계: .?', 0.4333880521802208), ([[1701, 1057], [1927, 1057], [1927, 1201], [1701, 1201]], '끔떼}', 0.0005994730437015536), ([[1533, 1556], [1785, 1556], [1785, 1681], [1533, 1681]], '간', 0.02428514716557495), ([[2486, 1537], [2880, 1537], [2880, 1885], [2486, 1885]], '퍽', 0.9998923569084504), ([[630, 1886], [679, 1886], [679, 1943], [630, 1943]], '_', 0.012828724001154923), ([[652, 1908], [875, 1908], [875, 2020], [652, 2020]], '원%', 0.14500257518071605), ([[1139.9613785480576, 217.23392775664723], [1266.1113213291142, 200.48374139891135], [1271.0386214519424, 277.76607224335277], [1144.8886786708858, 294.5162586010886]], '/비', 0.027719004554095365), ([[2315.1166439386125, 601.0088681428994], [2648.4391610497787, 648.4259904273447], [2565.8833560613875, 1186.9911318571005], [2231.5608389502213, 1140.5740095726553]], '=', 0.969201972675112), ([[902.2730666081272, 1854.0355185774918], [1382.053347696083, 1816.8599391770392], [1386.7269333918728, 2180.964481422508], [906.946652303917, 2219.140060822961]], '퍽', 0.9945517089082756)]
[([[384, 96], [506, 96], [506, 164], [384, 164]], '힘이:-', 0.7765575051307678), ([[1837, 107], [2120, 107], [2120, 173], [1837, 173]], '영 기억안나?', 0.4921927918961364), ([[336, 160], [573, 160], [573, 233], [336, 233]], '안들어가 ', 0.9892733679047875), ([[1934, 172], [2023, 172], [2023, 216], [1934, 216]], '구크', 0.5864910168005618), ([[2259, 156], [2364, 156], [2364, 233], [2259, 233]], '81', 0.19023159163569128), ([[1169, 242], [1256, 242], [1256, 302], [1169, 302]], '%', 0.20899071143792103), ([[2053, 226], [2282, 226], [2282, 290], [2053, 290]], '잠들기전에', 0.9840477636774593), ([[2004, 283], [2331, 283], [2331, 349], [2004, 349]], '하기로 햇집아', 0.4540406441850701), ([[2250, 371], [2308, 371], [2308, 420], [2250, 420]], '웃', 0.35771477684051334), ([[2219, 428], [2362, 428], [2362, 485], [2219, 485]], '아진: .', 0.068601752331836), ([[2464, 417], [2582, 417], [2582, 492], [2464, 492]], '양', 0.6566267451901844), ([[593, 487], [691, 487], [691, 551], [593, 551]], '하', 0.5362608215240847), ([[2323, 485], [2428, 485], [2428, 547], [2323, 547]], '데옛:', 0.19670174005308783), ([[2816, 1176], [2876, 1176], [2876, 1249], [2816, 1249]], '1', 0.17953997879620065), ([[2155, 1341], [2324, 1341], [2324, 1455], [2155, 1455]], '동또', 0.00024530472073577446), ([[265, 1482], [371, 1482], [371, 1550], [265, 1550]], '%', 0.10237438133275933), ([[216, 1544], [420, 1544], [420, 1619], [216, 1619]], '아니야', 0.8720362645275825), ([[348, 1639], [608, 1639], [608, 1706], [348, 1706]], '오늘 괜찮은', 0.8370729527674697), ([[288, 1699], [667, 1699], [667, 1772], [288, 1772]], '날이라고 햇는데?', 0.5650702912889822), ([[1617, 1716], [1791, 1716], [1791, 1827], [1617, 1827]], '-%', 0.0006387854268024378), ([[498, 1791], [746, 1791], [746, 1866], [498, 1866]], '기억안나?', 0.928312497972282), ([[528, 1970], [673, 1970], [673, 2039], [528, 2039]], '아: ?', 0.10368981957435608), ([[2307.0478420678105, 631.010303532848], [2641.8755922141586, 680.6975389505178], [2559.9521579321895, 1180.989696467152], [2225.1244077858414, 1131.3024610494822]], '=', 0.5169915733937991), ([[2664.7338312761985, 1207.2159226362323], [2827.746176865128, 1174.7838944600314], [2842.2661687238015, 1282.7840773637677], [2678.253823134872, 1315.2161055399686]], '움질', 0.7582688416873302)]
[([[1793, 67], [1908, 67], [1908, 151], [1793, 151]], '엉', 0.8405216248225003), ([[407, 134], [558, 134], [558, 218], [407, 218]], "아'", 0.9266010035456472), ([[1885, 127], [1991, 127], [1991, 187], [1885, 187]], '웃 ', 0.43648414973098476), ([[1818, 185], [2062, 185], [2062, 258], [1818, 258]], '모르켓어: ', 0.4764519174148544), ([[2519, 190], [2664, 190], [2664, 265], [2519, 265]], '야애', 0.03176324085508249), ([[2340, 230], [2391, 230], [2391, 283], [2340, 283]], '들', 0.016731694048567114), ([[2071, 253], [2315, 253], [2315, 320], [2071, 320]], '뭐:  기억은', 0.9925360815926431), ([[2607, 258], [2684, 258], [2684, 320], [2607, 320]], '응', 0.9974345945988858), ([[553, 300], [717, 300], [717, 397], [553, 397]], '오얹', 0.06890327833275134), ([[2071, 312], [2311, 312], [2311, 376], [2071, 376]], '안나더라도', 0.7575349491501202), ([[2301, 379], [2444, 379], [2444, 441], [2301, 441]], '기분은', 0.9874310495914673), ([[2253, 435], [2494, 435], [2494, 507], [2253, 507]], '어때. 좋아?', 0.43487583115125544), ([[1259, 577], [1386, 577], [1386, 658], [1259, 658]], '4입', 0.016029121537891083), ([[1698, 688], [1791, 688], [1791, 754], [1698, 754]], '료0', 0.06977631847585311), ([[1701, 1057], [1926, 1057], [1926, 1202], [1701, 1202]], '빼뜨', 0.0004835762489750488), ([[2423, 1211], [2880, 1211], [2880, 1600], [2423, 1600]], "퍽'", 0.7646729345972123), ([[1531, 1556], [1785, 1556], [1785, 1681], [1531, 1681]], '그', 0.006098962307138578), ([[630, 1886], [679, 1886], [679, 1941], [630, 1941]], '^', 0.005502012445328441), ([[651, 1907], [876, 1907], [876, 2027], [651, 2027]], '원%', 0.06382035876602567), ([[1049, 1829], [1579, 1829], [1579, 2204], [1049, 2204]], '퍽', 0.9991431880277766), ([[1156.860333073146, 197.05919750220144], [1285.7142729140314, 216.83929251442075], [1267.139666926854, 314.94080249779853], [1138.2857270859686, 295.1607074855792]], '얇', 0.20689745856913877), ([[2324.1384495371462, 597.0086319036023], [2649.0547552158328, 648.4127216573752], [2557.8615504628538, 1181.9913680963975], [2233.9452447841672, 1130.5872783426248]], '=', 0.8989517621033691)]
[([[1798, 72], [1909, 72], [1909, 145], [1798, 145]], '엉애', 0.0373100694033527), ([[2093, 68], [2213, 68], [2213, 141], [2093, 141]], ')사>', 0.0003865837124516319), ([[416, 139], [598, 139], [598, 215], [416, 215]], '아이거도', 0.08767720311880112), ([[1163, 171], [1246, 171], [1246, 226], [1163, 226]], '00', 0.036664963883801596), ([[1941, 166], [2144, 166], [2144, 227], [1941, 227]], '그럼 전부', 0.9950224239933082), ([[422, 213], [587, 213], [587, 288], [422, 288]], '간다 ', 0.7927416814920504), ([[1908, 218], [2182, 218], [2182, 291], [1908, 291]], '안에다 쌀계3', 0.4536284632226673), ([[2521, 195], [2660, 195], [2660, 261], [2521, 261]], '야0', 0.07373398923335478), ([[2635, 259], [2695, 259], [2695, 312], [2635, 312]], '앗', 0.5485478516732201), ([[2087, 310], [2259, 310], [2259, 376], [2087, 376]], '알켓지?', 0.36992591619491577), ([[2320, 308], [2420, 308], [2420, 364], [2320, 364]], '응:', 0.2785936592688067), ([[2297, 369], [2445, 369], [2445, 424], [2297, 424]], '잠깐: ', 0.842229425907135), ([[2042, 1238], [2327, 1238], [2327, 1396], [2042, 1396]], '(뜨_걸', 0.004068928305059671), ([[2424, 1213], [2880, 1213], [2880, 1602], [2424, 1602]], "퍽'", 0.6063445005858419), ([[1547, 1579], [1768, 1579], [1768, 1696], [1547, 1696]], '익', 0.04486524685606974), ([[649, 1904], [874, 1904], [874, 2026], [649, 2026]], '원;', 0.07816842449225982), ([[1045, 1822], [1580, 1822], [1580, 2207], [1045, 2207]], '퍽', 0.9991572487458633), ([[528.2527887210263, 554.3847605235918], [661.868193101423, 519.7317179800475], [678.7472112789737, 608.6152394764082], [545.131806898577, 643.2682820199525]], '앗)', 0.02936820860203329), ([[2309.117229207392, 601.0090623999928], [2637.5666455934, 644.9987871324723], [2560.882770792608, 1173.9909376000073], [2232.4333544066, 1130.0012128675276]], '=', 0.9273435139795403)]
[([[460, 172], [660, 172], [660, 273], [460, 273]], '앗7', 0.0425752802906717), ([[893, 149], [1081, 149], [1081, 312], [893, 312]], '옷', 0.04500272582355991), ([[2735, 246], [2876, 246], [2876, 372], [2735, 372]], '부', 0.18175978476051569), ([[2181, 1254], [2427, 1254], [2427, 1437], [2181, 1437]], '부옷%', 0.09609020981674951), ([[2535.389933442454, 1212.3867803600988], [2736.0409400886274, 1187.957317414005], [2740.610066557546, 1262.6132196399012], [2538.9590599113726, 1287.042682585995]], '울론--', 0.011161758199433942), ([[1391.813255485028, 1469.047019111355], [1556.077942693072, 1493.6537482403114], [1531.186744514972, 1624.952980888645], [1367.922057306928, 1599.3462517596886]], '벽우', 0.0067580142043327)]
[([[1859, 124], [2004, 124], [2004, 179], [1859, 179]], '아냐 ', 0.04615500430285225), ([[2443, 143], [2610, 143], [2610, 205], [2443, 205]], '그냥해;', 0.5269073843955994), ([[1945, 189], [2197, 189], [2197, 261], [1945, 261]], '@재권페과', 0.006838930513780784), ([[2323, 199], [2732, 199], [2732, 263], [2323, 263]], '어차피약기운때문에', 0.7122340843484758), ([[1936, 251], [2207, 251], [2207, 315], [1936, 315]], '문몸증래-', 0.03631946111788993), ([[2335, 258], [2718, 258], [2718, 324], [2335, 324]], '제정신도 아니니까', 0.8536712859771436), ([[1957, 308], [2182, 308], [2182, 376], [1957, 376]], '맨갈력페움', 0.0017000895278949286), ([[1224, 696], [1326, 696], [1326, 775], [1224, 775]], '웃', 0.9031264652783335), ([[511, 745], [656, 745], [656, 818], [511, 818]], '하아])', 0.31425875425338745), ([[2245, 695], [2600, 695], [2600, 1133], [2245, 1133]], '드', 0.3734524110345525), ([[2099, 1566], [2373, 1566], [2373, 1718], [2099, 1718]], '주-0', 0.08438066393136978), ([[990, 1640], [1124, 1640], [1124, 1824], [990, 1824]], '신', 0.009007125227811275), ([[591.2349547837564, 194.1747739187817], [725.5079725718163, 184.03710287625708], [726.7650452162436, 261.82522608121826], [592.4920274281837, 271.9628971237429]], '용내', 0.046384116046289725)]
[([[1463, 153], [1704, 153], [1704, 228], [1463, 228]], '빨리 하자', 0.546609223065092), ([[1587, 273], [1799, 273], [1799, 345], [1587, 345]], '아까분터', 0.8797067403793335), ([[1557, 338], [1833, 338], [1833, 413], [1557, 413]], '쭉기타리고', 0.4974013739724922), ([[135, 392], [573, 392], [573, 467], [135, 467]], '근데 양이 모자라서', 0.9931023298779361), ([[1574, 403], [1811, 403], [1811, 480], [1574, 480]], '있없다고;', 0.4698482326621388), ([[160, 457], [548, 457], [548, 534], [160, 534]], '많이는 안녕없어', 0.5691646802511141), ([[376, 554], [651, 554], [651, 627], [376, 627]], '금방 괜지도', 0.3129729091109747), ([[451, 625], [576, 625], [576, 691], [451, 691]], '몰라', 0.7826021067272838), ([[478, 1637], [682, 1637], [682, 1782], [478, 1782]], '82', 0.43426497461144575), ([[502, 1818], [732, 1818], [732, 1954], [502, 1954]], '@엿', 0.026041580574164204), ([[372, 2359], [502, 2359], [502, 2432], [372, 2432]], '좋아', 0.3129214789671811), ([[301, 2427], [574, 2427], [574, 2495], [301, 2495]], '일단 보지논', 0.7197000262440116), ([[266, 2489], [606, 2489], [606, 2566], [266, 2566]], '내가 먼저 쏟다', 0.9756809816777254)]
[([[1879, 126], [1990, 126], [1990, 199], [1879, 199]], '@', 0.43323229532740015), ([[1823, 209], [1909, 209], [1909, 258], [1823, 258]], '이야_', 0.9651452641044401), ([[1735, 250], [2017, 250], [2017, 303], [1735, 303]], '뒤도이렇게 쉽계', 0.25797798859699655), ([[1915, 320], [2132, 320], [2132, 368], [1915, 368]], '오늘만 먹는게', 0.6864377073079706), ([[1899, 362], [2143, 362], [2143, 413], [1899, 413]], '너무아쉽데소)', 0.08621422454783902), ([[1116, 590], [1189, 590], [1189, 647], [1116, 647]], '급칭', 0.009802041347178256), ([[2568, 1132], [2706, 1132], [2706, 1209], [2568, 1209]], '뜨', 0.18127619709717013), ([[1953, 1712], [2297, 1712], [2297, 1961], [1953, 1961]], '땅/', 0.1734994680785853), ([[2362, 1953], [2539, 1953], [2539, 2057], [2362, 2057]], '슈적', 0.003556506062890669), ([[2501.250437935693, 1360.0567442096703], [2814.4618706347633, 1331.3843294159371], [2820.749562064307, 1567.9432557903297], [2507.5381293652367, 1595.6156705840629]], '광', 0.2379794010062577)]
[([[204, 64], [324, 64], [324, 133], [204, 133]], '웃7', 0.43532799714745923), ([[294, 164], [491, 164], [491, 231], [294, 231]], '몸이 너무-', 0.7182514129004284), ([[301, 224], [441, 224], [441, 290], [301, 290]], '뜨거워', 0.5815384941060501), ([[494, 386], [635, 386], [635, 494], [494, 494]], '애7', 0.07690958426064035), ([[1760, 398], [1873, 398], [1873, 447], [1760, 447]], '좋네', 0.511539740372041), ([[1823, 457], [2096, 457], [2096, 508], [1823, 508]], '이용이렇계되거', 0.0720862770848055), ([[1836, 500], [2087, 500], [2087, 550], [1836, 550]], '약몽 빠질매-지', 0.10502320896654713), ([[1365, 537], [1451, 537], [1451, 603], [1365, 603]], '팬', 0.06880270469864413), ([[1871, 541], [2063, 541], [2063, 595], [1871, 595]], '쭉하지금', 0.38579046726226807), ([[751, 706], [877, 706], [877, 790], [751, 790]], '해', 0.48224145990479883), ([[241, 810], [359, 810], [359, 885], [241, 885]], '앗동', 0.004808607249882527), ([[122, 878], [271, 878], [271, 926], [122, 926]], '약 때문에', 0.9765205068056286), ([[159, 926], [246, 926], [246, 968], [159, 968]], '그래', 0.9986743176632008), ([[187, 1006], [373, 1006], [373, 1057], [187, 1057]], '아마 지금은', 0.9837785656101676), ([[171, 1049], [388, 1049], [388, 1099], [171, 1099]], '아프고 뭐고도', 0.8663910695802433), ([[221, 1094], [352, 1094], [352, 1144], [221, 1144]], '없을결?', 0.16401407122612), ([[341, 1091], [448, 1091], [448, 1177], [341, 1177]], "'해", 0.09579832462423334), ([[2347, 1088], [2539, 1088], [2539, 1204], [2347, 1204]], '7리', 0.11842415069893289), ([[2498, 1241], [2880, 1241], [2880, 1553], [2498, 1553]], '평', 0.2277716681185007), ([[2005, 1600], [2246, 1600], [2246, 1739], [2005, 1739]], '할잘', 0.008829020733557536), ([[1883, 1807], [2150, 1807], [2150, 2078], [1883, 2078]], '땅', 0.6059549119500076), ([[1339.8833706075407, 297.05206550068607], [1465.6154464248107, 322.4042607993246], [1442.1166293924593, 427.94793449931393], [1315.3845535751893, 401.5957392006754]], '다보', 0.0025678453067060378)]
[([[259, 196], [467, 196], [467, 271], [259, 271]], '앗버%닫', 0.0012753456830978394), ([[512, 415], [684, 415], [684, 567], [512, 567]], '애', 0.0784992833503253), ([[161, 730], [257, 730], [257, 774], [161, 774]], '오옷 ', 0.4296436770830445), ([[252, 691], [363, 691], [363, 766], [252, 766]], '얇', 0.02449471167991768), ([[117, 772], [314, 772], [314, 823], [117, 823]], '또조인다 !', 0.5931803317891996), ([[239, 857], [379, 857], [379, 908], [239, 908]], '정신없이', 0.9998100996017456), ([[234, 902], [384, 902], [384, 951], [234, 951]], '가능구만', 0.5453958511352539), ([[207, 956], [274, 956], [274, 1007], [207, 1007]], ' ', 0.02719469001970709), ([[2241, 1530], [2467, 1530], [2467, 1693], [2241, 1693]], '대앗', 0.07547853788572301), ([[1292.1394789811618, 353.115831849295], [1518.4225381530407, 332.59282771460886], [1521.8605210188382, 462.884168150705], [1295.5774618469593, 483.40717228539114]], '8)', 0.5610024875123181), ([[2486.325622444546, 1047.0610274902779], [2723.171640960166, 1033.698537758268], [2723.674377555454, 1229.9389725097221], [2486.828359039834, 1244.301462241732]], '#리', 0.009601464264755702)]
[([[216, 269], [409, 269], [409, 405], [216, 405]], '%0', 0.03693311067717212), ([[351, 378], [472, 378], [472, 431], [351, 431]], '아웃@', 0.4666089721348784), ([[359, 433], [446, 433], [446, 475], [359, 475]], "잠깐'", 0.37753115043906943), ([[1594, 426], [1700, 426], [1700, 481], [1594, 481]], '으웃', 0.6034904241705358), ([[504, 442], [655, 442], [655, 542], [504, 542]], '@', 0.9896120412488472), ([[1528, 471], [1968, 471], [1968, 546], [1528, 546]], '프이논거화8  @', 0.03333396821545353), ([[1646, 541], [1929, 541], [1929, 606], [1646, 606]], '싸기아까운니까', 0.5983750734365718), ([[738, 560], [884, 560], [884, 672], [738, 672]], '@', 0.57691824766923), ([[1697, 596], [1873, 596], [1873, 649], [1697, 649]], '좀침아굶', 0.012810500751192335), ([[484, 646], [746, 646], [746, 701], [484, 701]], '오 또움질거려', 0.7205265224543792), ([[506, 698], [733, 698], [733, 751], [506, 751]], '벌써 간건가?', 0.686928900285322), ([[2378, 1199], [2632, 1199], [2632, 1360], [2378, 1360]], '스씬', 0.03173982188386223), ([[1710, 1665], [1977, 1665], [1977, 1816], [1710, 1816]], '7소', 0.0059816763680647055), ([[1286.9079721723117, 358.14660242341245], [1513.05225157383, 328.0700933934834], [1522.0920278276883, 458.85339757658755], [1295.94774842617, 488.9299066065166]], '히', 0.1725454227615666)]
[([[1050, 53], [1215, 53], [1215, 142], [1050, 142]], '헤우', 0.00557100064620414), ([[1125, 144], [1237, 144], [1237, 195], [1125, 195]], '안대앗', 0.409727854034351), ([[1247, 217], [1362, 217], [1362, 270], [1247, 270]], '아직"(', 0.20359374582767487), ([[1814, 203], [2020, 203], [2020, 256], [1814, 256]], '잠 참아름', 0.006129181404013391), ([[147, 230], [286, 230], [286, 352], [147, 352]], '햇', 0.5457376200016739), ([[1234, 264], [1344, 264], [1344, 309], [1234, 309]], '민감"', 0.32486960437636697), ([[1320, 248], [1527, 248], [1527, 363], [1320, 363]], '패하', 0.010052952036230975), ([[1980, 288], [2134, 288], [2134, 341], [1980, 341]], '확실하게', 0.9849486947059631), ([[1936, 333], [2170, 333], [2170, 394], [1936, 394]], '임신시켜출계', 0.40070756028913107), ([[139, 855], [320, 855], [320, 922], [139, 922]], '간다"~', 0.01782921515405178), ([[165, 944], [391, 944], [391, 1008], [165, 1008]], '간다앗7~', 0.015857941774903683), ([[2458, 957], [2831, 957], [2831, 1213], [2458, 1213]], '퍽%', 0.11607117130609503), ([[1635, 1937], [1750, 1937], [1750, 2047], [1635, 2047]], '>', 0.6002865964129036), ([[1929, 1773], [2376, 1773], [2376, 2045], [1929, 2045]], '꽉', 0.7164828007968396), ([[579.9733597974953, 793.0376932459353], [749.2741318241649, 840.5505703382688], [714.0266402025047, 956.9623067540647], [543.7258681758351, 909.4494296617312]], '%', 0.003984029065957684)]
[([[1048, 155], [1322, 155], [1322, 292], [1048, 292]], '웃내자', 0.010090378437833152), ([[1306, 91], [1476, 91], [1476, 374], [1306, 374]], '0', 0.009481888790935367), ([[163, 298], [298, 298], [298, 397], [163, 397]], '아아', 0.02937624379631816), ([[1645, 1947], [1745, 1947], [1745, 2046], [1645, 2046]], ';', 0.021772141937677958), ([[1653.6271870540327, 1199.1359352701636], [1698.6453874739252, 1170.0298152816083], [1752.3728129459673, 1262.8640647298364], [1707.3546125260748, 1291.9701847183917]], '5', 0.4516906187191694)]
[([[294, 107], [371, 107], [371, 171], [294, 171]], '0', 0.044439752752797546), ([[160, 298], [298, 298], [298, 401], [160, 401]], '아0', 0.046946523402802594), ([[152, 781], [348, 781], [348, 884], [152, 884]], '아~', 0.3210483929160265), ([[1059.9135710474898, 355.04928152238756], [1220.3980232314113, 391.24699235063287], [1194.0864289525102, 488.95071847761244], [1033.6019767685887, 452.75300764936713]], '/0', 0.00519482574019617)]
[([[1105, 246], [1249, 246], [1249, 323], [1105, 323]], '하아내', 0.14254114529871323), ([[1551, 302], [1755, 302], [1755, 367], [1551, 367]], '와   진짜', 0.5715800058101674), ([[1576, 361], [1733, 361], [1733, 423], [1576, 423]], '최고다', 0.9970319398234806), ([[1668, 464], [1958, 464], [1958, 537], [1668, 537]], '한번만 먹기엔 ', 0.41554114497052796), ([[1651, 528], [1973, 528], [1973, 594], [1651, 594]], '너무 아까운데:', 0.5318717599092992), ([[1288, 665], [1406, 665], [1406, 729], [1288, 729]], '웃빌', 0.029294684448388814), ([[53, 1133], [378, 1133], [378, 1199], [53, 1199]], '뭐  아직 시간은', 0.4339971875912322), ([[94, 1192], [333, 1192], [333, 1256], [94, 1256]], '남있으니까', 0.3188349239949238), ([[256, 1286], [480, 1286], [480, 1350], [256, 1350]], '좀더 하고.', 0.43333481500439613), ([[190, 1345], [556, 1345], [556, 1411], [190, 1411]], '이후에 생각하지구', 0.6528242327816132), ([[141, 2175], [347, 2175], [347, 2239], [141, 2239]], '월생각해', 0.9618470072746277), ([[258, 2269], [448, 2269], [448, 2333], [258, 2333]], '다음주에', 0.9860918521881104), ([[276, 2330], [443, 2330], [443, 2390], [276, 2390]], '또오자', 0.9928585112615785), ([[415, 2434], [529, 2434], [529, 2498], [415, 2498]], '중0', 0.0814347670531004), ([[487.1539501058485, 264.4618503175454], [645.3162157637486, 234.75853199015032], [654.8460498941515, 311.5381496824546], [496.6837842362515, 341.2414680098497]], '헤군)', 0.08839731033880269)]
[([[115, 282], [285, 282], [285, 354], [115, 354]], '이야 ', 0.41726221680796777), ([[180, 403], [579, 403], [579, 480], [180, 480]], '대체 얼마만이야?', 0.7961720187437125), ([[185, 473], [575, 473], [575, 546], [185, 546]], '이런애량 하늘계', 0.16104960986465244), ([[438, 622], [601, 622], [601, 691], [438, 691]], '어떻게', 0.35335135398638706), ([[417, 684], [613, 684], [613, 759], [417, 759]], '구햇나?', 0.8192471265792847), ([[1300, 1919], [1529, 1919], [1529, 1997], [1300, 1997]], '주인인 척', 0.997387518586314), ([[1230, 1986], [1601, 1986], [1601, 2064], [1230, 2064]], '마실 것 좀 취지', 0.38003124761695556), ([[1471, 2110], [1748, 2110], [1748, 2178], [1471, 2178]], '그냥 주니까', 0.9870579122724529), ([[1346, 2172], [1862, 2172], [1862, 2249], [1346, 2249]], '잘받아마시던데? 크크', 0.42226120554588875)]
[([[1463, 153], [1704, 153], [1704, 228], [1463, 228]], '빨리하자', 0.7651889998185338), ([[1587, 273], [1799, 273], [1799, 345], [1587, 345]], '아까분터', 0.9783015251159668), ([[1557, 338], [1833, 338], [1833, 413], [1557, 413]], '쭉 기타리고', 0.38365448066672536), ([[133, 392], [573, 392], [573, 467], [133, 467]], '근데 양이 모자라서', 0.9019480415031258), ([[1574, 403], [1811, 403], [1811, 480], [1574, 480]], '있없다고움', 0.3972521382688778), ([[160, 457], [548, 457], [548, 534], [160, 534]], '많이는 안녕없어', 0.5290872256087058), ([[374, 552], [651, 552], [651, 627], [374, 627]], '금방 펼치도', 0.3299434934938137), ([[451, 625], [576, 625], [576, 691], [451, 691]], '몰라', 0.8043785865646889), ([[375, 2362], [497, 2362], [497, 2428], [375, 2428]], '좋아', 0.5146041155207023), ([[301, 2427], [574, 2427], [574, 2495], [301, 2495]], '일단 보지논', 0.704236703608024), ([[263, 2487], [606, 2487], [606, 2566], [263, 2566]], '내가 먼저 쏟다', 0.989951623396474)]
[([[1271, 92], [1401, 92], [1401, 143], [1271, 143]], '가슴도', 0.9720261316796167), ([[812, 130], [931, 130], [931, 214], [812, 214]], '웃벼', 0.014720652034054177), ([[1226, 144], [1448, 144], [1448, 197], [1226, 197]], '존나 크네: ', 0.8959693199718924), ([[118, 213], [455, 213], [455, 275], [118, 275]], '다음사람 생각해서', 0.9887570155655225), ([[149, 270], [420, 270], [420, 325], [149, 325]], '깨끗하게 씨라', 0.745349185133048), ([[289, 374], [521, 374], [521, 437], [289, 437]], '질싸 금지야', 0.712809649757635), ([[326, 430], [481, 430], [481, 485], [326, 485]], '알울나?', 0.15182506559543263), ([[167, 2252], [301, 2252], [301, 2308], [167, 2308]], '오옷 -', 0.5534362223318687), ([[123, 2303], [385, 2303], [385, 2367], [123, 2367]], '존나 포이네: .', 0.4370514300723569), ([[342, 2390], [510, 2390], [510, 2445], [342, 2445]], '알없어~', 0.16149748861789703), ([[334, 2440], [515, 2440], [515, 2502], [334, 2502]], '알앉다고', 0.19182851910591125), ([[396, 2513], [575, 2513], [575, 2569], [396, 2569]], '서몸 쓰면', 0.05048574249714481), ([[378, 2567], [593, 2567], [593, 2622], [378, 2622]], '되는거아나', 0.81869774778666), ([[1489.5621678605214, 2313.273538586294], [1645.1568935703615, 2281.6199534363395], [1658.4378321394786, 2378.726461413706], [1502.8431064296385, 2410.3800465636605]], '본들', 0.00015440745617764258), ([[807.8322625053069, 2402.0252638725883], [1185.08272239835, 2460.0071507022617], [1139.1677374946933, 2686.9747361274117], [760.91727760165, 2628.9928492977383]], '스유 ', 0.06275963776479741)]
[([[1271, 92], [1401, 92], [1401, 143], [1271, 143]], '가슴도', 0.821250647113824), ([[815, 133], [930, 133], [930, 213], [815, 213]], '옷내', 0.05156987470623164), ([[1226, 144], [1448, 144], [1448, 197], [1226, 197]], "존나 크네: '", 0.670555689757379), ([[118, 213], [455, 213], [455, 275], [118, 275]], '다음사람 생각해서', 0.9884401765619657), ([[148, 270], [420, 270], [420, 325], [148, 325]], '깨끗하게 씨라', 0.7826266342441617), ([[289, 373], [521, 373], [521, 437], [289, 437]], '질싸 금지야', 0.8164776982738052), ([[326, 430], [483, 430], [483, 487], [326, 487]], '알켓나?', 0.38757914304733276), ([[416, 1874], [544, 1874], [544, 1962], [416, 1962]], '원', 0.09223316507372203), ([[169, 2255], [298, 2255], [298, 2308], [169, 2308]], '오옷: ', 0.5595017079566234), ([[125, 2305], [383, 2305], [383, 2365], [125, 2365]], '존나 조이네: ', 0.569498432492386), ([[342, 2389], [507, 2389], [507, 2445], [342, 2445]], '알앉어~', 0.6203896403312683), ([[337, 2440], [515, 2440], [515, 2502], [337, 2502]], '알있다고', 0.4018849730491638), ([[396, 2516], [573, 2516], [573, 2569], [396, 2569]], '홍놈 쓰면', 0.06774557113204731), ([[936, 2518], [1099, 2518], [1099, 2598], [936, 2598]], '질잘%', 0.016030234764971004), ([[378, 2567], [593, 2567], [593, 2622], [378, 2622]], '되는거아나', 0.8423149683458848), ([[1494.8149288778122, 2308.2006159401863], [1643.9486485698874, 2285.0048959498545], [1654.1850711221878, 2385.7993840598137], [1504.0513514301126, 2409.9951040501455]], '저례베', 0.0008335186321057418)]
[([[1224, 74], [1468, 74], [1468, 129], [1224, 129]], '아뇨사람하례', 0.13521507778220676), ([[196, 128], [289, 128], [289, 177], [196, 177]], '으웃', 0.4571304693003743), ([[1008, 102], [1140, 102], [1140, 179], [1008, 179]], '응씨', 0.07862404009324105), ([[1169, 125], [1526, 125], [1526, 187], [1169, 187]], '잘드는걸로 빌컷지', 0.1864439998702282), ([[104, 178], [413, 178], [413, 235], [104, 235]], '안에 진짜 좁아~', 0.4174241839051158), ([[356, 270], [442, 270], [442, 321], [356, 321]], '근데', 0.9999720146072846), ([[267, 314], [537, 314], [537, 382], [267, 382]], '엄청 젖어앗네.', 0.27010581287895774), ([[259, 374], [541, 374], [541, 429], [259, 429]], '잘느끼논건가?', 0.9462397588379794), ([[1649, 1130], [1779, 1130], [1779, 1185], [1649, 1185]], '우인단', 0.9993547198669055), ([[1625, 1184], [1801, 1184], [1801, 1239], [1625, 1239]], '거라능데,', 0.3515072100093632), ([[1739, 1253], [1871, 1253], [1871, 1309], [1739, 1309]], '약혼가', 0.6952712605395959), ([[1689, 1306], [1919, 1306], [1919, 1366], [1689, 1366]], '꽤 중은가화', 0.4792032332748334), ([[418, 1874], [542, 1874], [542, 1962], [418, 1962]], '웬', 0.3216278163628239), ([[225, 2041], [350, 2041], [350, 2092], [225, 2092]], '"개네', 0.9775456032831474), ([[118, 2089], [452, 2089], [452, 2149], [118, 2149]], '위험한 애들 아냐?', 0.7052186229325041), ([[378, 2205], [472, 2205], [472, 2256], [378, 2256]], '몰라', 0.567481867984402), ([[286, 2257], [559, 2257], [559, 2314], [286, 2314]], '알바 아니지 뭐', 0.9982740979992745), ([[719, 2226], [1142, 2226], [1142, 2495], [719, 2495]], '속육"', 0.05153313897100433)]
[([[218, 60], [373, 60], [373, 171], [218, 171]], '후육', 0.9783475798345357), ([[1006, 99], [1140, 99], [1140, 179], [1006, 179]], '응좁', 0.02120035892303192), ([[1747, 320], [1906, 320], [1906, 446], [1747, 446]], '휴-', 0.7360112291778281), ([[52, 1314], [168, 1314], [168, 1369], [52, 1369]], '후우--', 0.34004536598846713), ([[144, 1402], [287, 1402], [287, 1453], [144, 1453]], '얘 진짜', 0.999137818813324), ([[101, 1454], [332, 1454], [332, 1511], [101, 1511]], '최상급인데?', 0.968059055765749), ([[1661, 1547], [1877, 1547], [1877, 1612], [1661, 1612]], '알켓으니까', 0.5440375074086016), ([[257, 1587], [426, 1587], [426, 1647], [257, 1647]], '여태까지', 0.9293779730796814), ([[1425, 1587], [1574, 1587], [1574, 1686], [1425, 1686]], '원전담', 0.0017148726532434221), ([[1624, 1603], [1904, 1603], [1904, 1663], [1624, 1663]], '빨리 하고 비켜', 0.9851306910356611), ([[214, 1643], [467, 1643], [467, 1698], [214, 1698]], '햇볕 애들이랑', 0.2966530136070064), ([[241, 1694], [438, 1694], [438, 1750], [241, 1750]], '완전 달라;', 0.9994217761806626), ([[447, 1777], [585, 1777], [585, 1867], [447, 1867]], '원%', 0.03598014816203798), ([[1648, 2055], [1877, 2055], [1877, 2341], [1648, 2341]], '퍽', 0.9908957034367951), ([[137, 2319], [580, 2319], [580, 2646], [137, 2646]], '팩"', 0.08473813465596128)]
[([[114, 137], [265, 137], [265, 245], [114, 245]], '후육', 0.9637396943148342), ([[1792, 284], [1947, 284], [1947, 408], [1792, 408]], '휴육-', 0.37366292123362765), ([[1592, 955], [1777, 955], [1777, 1017], [1592, 1017]], '안되젯다', 0.550722062587738), ([[1692, 1040], [1876, 1040], [1876, 1097], [1692, 1097]], '입은 내가', 0.9999084564525902), ([[1716, 1090], [1863, 1090], [1863, 1150], [1716, 1150]], '쏟다   !', 0.5752713824494659), ([[1403, 2089], [1610, 2089], [1610, 2225], [1403, 2225]], '타우', 0.004829400641705482), ([[1628, 1972], [1947, 1972], [1947, 2232], [1628, 2232]], "떼'", 0.4881887966021594), ([[276, 2278], [682, 2278], [682, 2554], [276, 2554]], '퍽"', 0.29094122407436346), ([[835, 2399], [1024, 2399], [1024, 2537], [835, 2537]], '지작', 0.00941661506013533), ([[678.827593008602, 365.182798750752], [827.1141592843992, 338.7300431209957], [840.172406991398, 449.817201249248], [691.8858407156008, 476.2699568790043]], '음', 0.22019536067228174)]
[([[114, 137], [265, 137], [265, 245], [114, 245]], '후육', 0.9651659999736066), ([[1792, 284], [1947, 284], [1947, 408], [1792, 408]], '휴육-', 0.46641067701111255), ([[1718, 951], [1865, 951], [1865, 1035], [1718, 1035]], '@', 0.5208274214692779), ([[1629, 1033], [1761, 1033], [1761, 1088], [1629, 1088]], "오옷:'", 0.19396827409812456), ([[1710, 1100], [1878, 1100], [1878, 1156], [1710, 1156]], '입보지도', 0.9960829615592957), ([[1683, 1154], [1858, 1154], [1858, 1210], [1683, 1210]], '개절어:', 0.9187890291213989), ([[169, 1485], [258, 1485], [258, 1540], [169, 1540]], '웃:', 0.4352166066284004), ([[257, 1566], [397, 1566], [397, 1621], [257, 1621]], '나쓸슬', 0.30710779103261976), ([[198, 1618], [458, 1618], [458, 1675], [198, 1675]], '올라오는데:  !', 0.7801362741773421), ([[1403, 2089], [1610, 2089], [1610, 2225], [1403, 2225]], '타우', 0.003810512949258809), ([[1628, 1972], [1947, 1972], [1947, 2230], [1628, 2230]], "팩'", 0.49642998109623837), ([[276, 2278], [682, 2278], [682, 2556], [276, 2556]], '\'퍽"', 0.4005019368162427), ([[835, 2399], [1024, 2399], [1024, 2537], [835, 2537]], '지작', 0.00942684755753571), ([[678.9611170019083, 366.1744786110678], [826.4490972972359, 339.4786881959501], [839.0388829980917, 447.8255213889322], [692.5509027027641, 474.5213118040499]], '음', 0.22060633981749422), ([[1398.9127277988578, 863.2770928557738], [1512.2790621242675, 847.0428456913678], [1518.0872722011422, 915.7229071442262], [1404.7209378757325, 931.9571543086322]], '찌켜', 0.13874437287569524)]
[([[699, 317], [814, 317], [814, 409], [699, 409]], '해', 0.018377965590181455), ([[1462, 877], [1582, 877], [1582, 941], [1462, 941]], '@약', 0.02199358012109364), ([[223, 1568], [366, 1568], [366, 1624], [223, 1624]], '좋아 !', 0.5468473891857178), ([[211, 1673], [486, 1673], [486, 1737], [211, 1737]], '싸 산다" !', 0.037450926386132934), ([[1475, 2231], [1632, 2231], [1632, 2352], [1475, 2352]], '절본요', 0.012250178779760973), ([[1616, 2111], [1848, 2111], [1848, 2386], [1616, 2386]], '퍽', 0.5376314697184768), ([[850, 2412], [1017, 2412], [1017, 2529], [850, 2529]], '지앞', 0.013704803970955528), ([[1377.7894562468896, 309.07354122449476], [1495.8658484616547, 325.3743399330498], [1481.2105437531104, 410.92645877550524], [1363.1341515383453, 394.6256600669502]], '@7', 0.049591440240528986), ([[293.0490632942664, 2065.011595064921], [573.9837841576691, 2301.8754677646825], [361.9509367057336, 2552.988404935079], [80.0162158423309, 2316.1245322353175]], '셋', 0.17714666399933776)]
[([[513, 556], [750, 556], [750, 681], [513, 681]], '휴', 0.2889262032973683), ([[1684, 937], [1883, 937], [1883, 1006], [1684, 1006]], '으웃 `', 0.12850125133991241), ([[698, 2087], [961, 2087], [961, 2215], [698, 2215]], '#릇내', 0.004047669762107453), ([[1529, 1999], [1764, 1999], [1764, 2169], [1529, 2169]], '볶옷', 0.12338795780344837), ([[1374.325363643901, 798.1005182443794], [1569.428281768224, 784.9133210879819], [1569.674636356099, 908.8994817556206], [1375.571718231776, 922.0866789120181]], ";앗'", 0.007499336381738208), ([[465.15652583770793, 839.3417559346025], [681.8432650830396, 800.1363178610156], [693.8434741622921, 903.6582440653975], [477.1567349169604, 942.8636821389844]], '부음츠', 0.06455777427080868)]
[([[1454, 149], [1583, 149], [1583, 204], [1454, 204]], '후우: :', 0.42133948870180543), ([[1267, 216], [1416, 216], [1416, 291], [1267, 291]], '하닷;', 0.06283819899527075), ([[102, 290], [267, 290], [267, 382], [102, 382]], '라가))', 0.002006536116823554), ([[1789, 405], [1914, 405], [1914, 478], [1789, 478]], '(파아;', 0.00842140894383192), ([[629, 459], [755, 459], [755, 543], [629, 543]], '응0', 0.07120485237289718), ([[227, 1568], [352, 1568], [352, 1621], [227, 1621]], '하아', 0.9990048051304107), ([[304, 1643], [431, 1643], [431, 1698], [304, 1698]], '개절어', 0.9969199373398868), ([[304, 1697], [409, 1697], [409, 1747], [304, 1747]], "진짜'", 0.4133316215872624), ([[104, 1859], [321, 1859], [321, 1907], [104, 1907]], '그래 그래~', 0.989673234707778), ([[141, 1907], [281, 1907], [281, 1967], [141, 1967]], '알켓어', 0.1963387828596374), ([[239, 1982], [451, 1982], [451, 2047], [239, 2047]], '내처례니까', 0.4108330208326278), ([[248, 2041], [436, 2041], [436, 2094], [248, 2094]], '빨리 비켜', 0.6731418654346971)]
[]
[([[1659, 165], [1855, 165], [1855, 291], [1659, 291]], '응어', 0.05526305647323422), ([[352, 289], [527, 289], [527, 411], [352, 411]], '옷  ', 0.25024586663083775), ([[2140, 287], [2431, 287], [2431, 409], [2140, 409]], '이상해', 0.8891461423318675), ([[353, 405], [564, 405], [564, 537], [353, 537]], '원가_', 0.7277853488922119), ([[2237, 813], [2377, 813], [2377, 934], [2237, 934]], '옛', 0.05310987616427654), ([[2388, 1306], [2620, 1306], [2620, 1403], [2388, 1403]], '된찮0', 0.049763359223543115), ([[2323, 1391], [2685, 1391], [2685, 1488], [2323, 1488]], '어자피패로', 0.13695689352892038), ([[264, 1452], [536, 1452], [536, 1549], [264, 1549]], '어; 뭐야', 0.3176792764911294), ([[2266, 1479], [2737, 1479], [2737, 1576], [2266, 1576]], '제정이닐걸8', 0.08467437612078574), ([[109, 1537], [696, 1537], [696, 1637], [109, 1637]], '벌써 깨느거갈은데? ', 0.4097403301810803)]
[([[1224, 74], [1468, 74], [1468, 130], [1224, 130]], '아뇨사람한테', 0.09645643821149388), ([[196, 126], [289, 126], [289, 177], [196, 177]], '으웃-', 0.3108327647222121), ([[1008, 102], [1140, 102], [1140, 179], [1008, 179]], '응씨', 0.12517721929029188), ([[1169, 125], [1528, 125], [1528, 187], [1169, 187]], '잘드는걸로 빌봉지', 0.2537306817421224), ([[104, 178], [413, 178], [413, 235], [104, 235]], '안에 진짜 좁아~', 0.39624131739969093), ([[356, 270], [442, 270], [442, 321], [356, 321]], '근데', 0.9999732790026099), ([[267, 314], [537, 314], [537, 382], [267, 382]], '엄청 젖어앗네.', 0.30483904611221063), ([[259, 374], [541, 374], [541, 429], [259, 429]], '잘느끼논건가?', 0.944051267486045), ([[1649, 1130], [1777, 1130], [1777, 1185], [1649, 1185]], '우인단', 0.999450517314709), ([[1625, 1184], [1801, 1184], [1801, 1239], [1625, 1239]], '거라능데,', 0.2109347557808431), ([[1739, 1253], [1871, 1253], [1871, 1309], [1739, 1309]], '약혼가', 0.6926941871643066), ([[1689, 1306], [1919, 1306], [1919, 1366], [1689, 1366]], '꽤 중은가화,', 0.2379410540670777), ([[416, 1874], [535, 1874], [535, 1962], [416, 1962]], '원', 0.13296158880084263), ([[221, 2039], [350, 2039], [350, 2092], [221, 2092]], '"개네', 0.8436845998571836), ([[118, 2087], [455, 2087], [455, 2151], [118, 2151]], '위험한 애들 아냐?', 0.7125868294877101), ([[376, 2205], [476, 2205], [476, 2258], [376, 2258]], '몰라', 0.9670511448388474), ([[283, 2254], [569, 2254], [569, 2320], [283, 2320]], '알바 아니지뭐', 0.27387724132848923), ([[759.8146229939391, 2220.025102656962], [1148.0253701128827, 2279.6713935844436], [1100.185377006061, 2511.974897343038], [712.9746298871174, 2452.3286064155564]], '스유사', 0.030722697086873547)]
[([[229, 112], [340, 112], [340, 176], [229, 176]], '뭐야', 0.5881139350925121), ([[177, 168], [392, 168], [392, 236], [177, 236]], '일어낫네?', 0.17777169355649017), ([[769, 215], [880, 215], [880, 284], [769, 284]], '웃0', 0.16983829254878804), ([[2010, 194], [2179, 194], [2179, 296], [2010, 296]], "웃; '", 0.25600127375695747), ([[1671, 751], [1764, 751], [1764, 817], [1671, 817]], '흉', 0.05762569227551162), ([[1701, 1060], [1925, 1060], [1925, 1200], [1701, 1200]], '표', 0.009539997249846444), ([[2426, 1221], [2880, 1221], [2880, 1595], [2426, 1595]], "퍽'", 0.9853010141096266), ([[1529, 1550], [1789, 1550], [1789, 1684], [1529, 1684]], "'잘꺼]", 0.030248187482357025), ([[630, 1883], [681, 1883], [681, 1943], [630, 1943]], '스', 0.0222489005086155), ([[654, 1910], [870, 1910], [870, 2020], [654, 2020]], '원%', 0.0839384281280457), ([[1046, 1827], [1579, 1827], [1579, 2204], [1046, 2204]], '퍽', 0.9504845307508312), ([[1225.3005628453516, 611.1825890886176], [1347.5509777764703, 599.4081931473339], [1349.6994371546484, 672.8174109113824], [1227.4490222235297, 683.5918068526661]], '주움', 0.029166662603092763), ([[2344.1806336459335, 701.0111914411755], [2576.579283436804, 739.270027274515], [2508.8193663540665, 1126.9888085588245], [2276.420716563196, 1087.7299727254851]], '=', 0.6615815023921279)]
[([[229, 114], [340, 114], [340, 176], [229, 176]], '뛰야', 0.16251243294549125), ([[177, 170], [392, 170], [392, 236], [177, 236]], '일어낫네?', 0.3783127909929052), ([[580, 197], [677, 197], [677, 259], [580, 259]], '용0', 0.15534840198233738), ([[323, 269], [619, 269], [619, 333], [323, 333]], '너무 푹 자길래', 0.3315726882713026), ([[289, 325], [655, 325], [655, 392], [289, 392]], '먼저 하고있없지', 0.3789802000051519), ([[1942, 426], [2053, 426], [2053, 501], [1942, 501]], '용0', 0.18508872478674085), ([[2034, 495], [2139, 495], [2139, 548], [2034, 548]], '나: ', 0.9289675895186041), ([[1926, 554], [1999, 554], [1999, 607], [1926, 607]], '왜:', 0.8168622627145538), ([[2029, 550], [2248, 550], [2248, 614], [2029, 614]], '이렇계: .?', 0.3880228517310865), ([[2279, 714], [2572, 714], [2572, 1131], [2279, 1131]], '들', 0.8108282202561554), ([[1700, 1057], [1926, 1057], [1926, 1201], [1700, 1201]], '핑력', 0.023178170475982647), ([[1533, 1556], [1787, 1556], [1787, 1679], [1533, 1679]], '잘꺼', 0.07497154689473404), ([[2486, 1537], [2880, 1537], [2880, 1885], [2486, 1885]], '퍽', 0.9999142903574274), ([[630, 1883], [679, 1883], [679, 1941], [630, 1941]], '곧', 0.007111704718289202), ([[652, 1910], [875, 1910], [875, 2020], [652, 2020]], '원', 0.7234698711073548), ([[885, 1833], [1395, 1833], [1395, 2194], [885, 2194]], '퍽', 0.983216494137551), ([[1137.047625879632, 215.21431645834443], [1265.0087851817495, 197.3540341591462], [1271.952374120368, 277.7856835416556], [1142.9912148182505, 295.6459658408538]], '웃0', 0.03250824936872814)]
[([[384, 96], [506, 96], [506, 164], [384, 164]], '힘이:-', 0.7765575051307678), ([[1837, 107], [2120, 107], [2120, 173], [1837, 173]], '영 기억안나?', 0.4309156480190123), ([[336, 160], [573, 160], [573, 233], [336, 233]], '안들어가 ', 0.9892733679047875), ([[1936, 174], [2025, 174], [2025, 216], [1936, 216]], '구크', 0.534731705643718), ([[2262, 160], [2364, 160], [2364, 233], [2262, 233]], '80', 0.9208895647664568), ([[1169, 242], [1256, 242], [1256, 302], [1169, 302]], '%', 0.2145091321697743), ([[2053, 226], [2282, 226], [2282, 290], [2053, 290]], '잠들기전에', 0.987678117200318), ([[2004, 283], [2331, 283], [2331, 349], [2004, 349]], '하기로 햇집아', 0.4502656963571149), ([[2250, 371], [2305, 371], [2305, 420], [2250, 420]], '웃', 0.4530525297896162), ([[2219, 428], [2362, 428], [2362, 485], [2219, 485]], '아년: .', 0.08228117925380343), ([[2464, 412], [2584, 412], [2584, 492], [2464, 492]], '양보', 0.048173149941733696), ([[2323, 485], [2428, 485], [2428, 547], [2323, 547]], '데옛:', 0.17470464141641706), ([[2152, 1342], [2325, 1342], [2325, 1465], [2152, 1465]], '절', 0.029088355890522166), ([[265, 1484], [371, 1484], [371, 1553], [265, 1553]], '%', 0.032868214720171096), ([[217, 1547], [414, 1547], [414, 1616], [217, 1616]], '아니야~', 0.9773938655853271), ([[350, 1639], [608, 1639], [608, 1706], [350, 1706]], '오늘 괜찮은', 0.7967475901298372), ([[289, 1700], [666, 1700], [666, 1769], [289, 1769]], '날이라고 햇는데?', 0.6554457775124922), ([[1622, 1716], [1788, 1716], [1788, 1829], [1622, 1829]], '저러', 0.2152339718947752), ([[498, 1794], [746, 1794], [746, 1866], [498, 1866]], '기억안나?', 0.9743384989374066), ([[528, 1970], [673, 1970], [673, 2039], [528, 2039]], '아: ?', 0.16290631890296936), ([[587.4871464448379, 501.4665807565786], [687.1087766513551, 479.2145636430344], [697.5128535551621, 540.5334192434215], [597.8912233486449, 562.7854363569656]], '하)', 0.38670092702504727), ([[2345.182864593171, 701.0111305693778], [2577.5852310187897, 739.2751517949922], [2507.817135406829, 1127.9888694306221], [2276.4147689812103, 1088.7248482050077]], '=', 0.7145579185041449), ([[2663.5199112566056, 1208.5157071467984], [2880.631486308864, 1161.8421741092593], [2896.4800887433944, 1264.4842928532016], [2678.368513691136, 1312.1578258907407]], '움질 ', 0.09202172693979667)]
[([[1793, 65], [1908, 65], [1908, 151], [1793, 151]], '엉', 0.04569653714320254), ([[407, 134], [558, 134], [558, 218], [407, 218]], "아'", 0.9207088758172849), ([[1885, 127], [1994, 127], [1994, 187], [1885, 187]], '웃  ', 0.43137702054528887), ([[1818, 185], [2062, 185], [2062, 258], [1818, 258]], '모르켓어:  `', 0.16664505161380688), ([[2521, 195], [2662, 195], [2662, 263], [2521, 263]], '야어', 0.029253038364897527), ([[2071, 253], [2315, 253], [2315, 320], [2071, 320]], '뭐:  기억은', 0.9930066300763476), ([[2607, 258], [2716, 258], [2716, 320], [2607, 320]], '응:', 0.1912902596546263), ([[553, 299], [717, 299], [717, 397], [553, 397]], '오%남', 0.021909006574255374), ([[2071, 312], [2311, 312], [2311, 376], [2071, 376]], '안나더라도', 0.7096067776278038), ([[2301, 379], [2444, 379], [2444, 443], [2301, 443]], '기분은', 0.9872668369515691), ([[2253, 435], [2494, 435], [2494, 507], [2253, 507]], '어때 좋아?', 0.8281482612580843), ([[1259, 577], [1386, 577], [1386, 658], [1259, 658]], '4입', 0.014463852435823403), ([[1698, 685], [1791, 685], [1791, 754], [1698, 754]], '표 ', 0.035004085201069214), ([[832, 841], [1165, 841], [1165, 1217], [832, 1217]], '9', 0.03627893257807657), ([[1701, 1060], [1925, 1060], [1925, 1200], [1701, 1200]], '넷적%', 0.00032761159685771484), ([[2422, 1213], [2880, 1213], [2880, 1604], [2422, 1604]], '퍽,', 0.22035393880844847), ([[1529, 1550], [1789, 1550], [1789, 1685], [1529, 1685]], "'잘]", 0.05263388132390072), ([[630, 1883], [679, 1883], [679, 1943], [630, 1943]], '스', 0.01619301400463602), ([[654, 1910], [870, 1910], [870, 2020], [654, 2020]], '원%', 0.0635027415571787), ([[1044, 1827], [1579, 1827], [1579, 2206], [1044, 2206]], '퍽', 0.9024217241094448), ([[1156.8363533994714, 197.06172195502975], [1282.7593848135805, 216.92511989693813], [1264.1636466005286, 312.9382780449702], [1138.2406151864195, 292.0748801030619]], '얇', 0.1432521090277996), ([[2341.1556267462765, 700.0115015883571], [2579.2123370955014, 737.495501938186], [2512.8443732537235, 1128.988498411643], [2274.7876629044986, 1091.504498061814]], '=', 0.46907843795055726)]
[([[1798, 72], [1909, 72], [1909, 145], [1798, 145]], '엉', 0.5944428808551407), ([[416, 139], [598, 139], [598, 215], [416, 215]], '아이거', 0.9996568438693438), ([[1080, 147], [1248, 147], [1248, 228], [1080, 228]], '애', 0.0764333239625472), ([[1941, 166], [2144, 166], [2144, 227], [1941, 227]], '그럼 전부', 0.996715322179647), ([[421, 211], [588, 211], [588, 288], [421, 288]], '간다: .', 0.3377596952773751), ([[1908, 218], [2182, 218], [2182, 290], [1908, 290]], '안에다 쌀계3', 0.8933192667888988), ([[2521, 195], [2660, 195], [2660, 261], [2521, 261]], '야0', 0.05283800233559095), ([[2635, 259], [2695, 259], [2695, 312], [2635, 312]], '앗', 0.5253248309602441), ([[2085, 306], [2261, 306], [2261, 378], [2085, 378]], '알켓지?', 0.21035118401050568), ([[2320, 308], [2420, 308], [2420, 364], [2320, 364]], '응:', 0.29863120055872816), ([[2297, 369], [2445, 369], [2445, 422], [2297, 422]], '잠깐  ', 0.5841914415359497), ([[835, 797], [1153, 797], [1153, 1214], [835, 1214]], '드', 0.011826825152305709), ([[2044, 1246], [2321, 1246], [2321, 1390], [2044, 1390]], '절굽-%', 0.023563239723443985), ([[2421, 1213], [2880, 1213], [2880, 1600], [2421, 1600]], "퍽'", 0.640622850592623), ([[1549, 1576], [1769, 1576], [1769, 1697], [1549, 1697]], '타요', 0.0024053741796115965), ([[630, 1886], [679, 1886], [679, 1943], [630, 1943]], '_', 0.011181357967751604), ([[650, 1906], [875, 1906], [875, 2028], [650, 2028]], '원 ;', 0.260571935114435), ([[1044, 1825], [1579, 1825], [1579, 2204], [1044, 2204]], '퍽', 0.547595515164975), ([[528.2527887210263, 554.3847605235918], [661.868193101423, 519.7317179800475], [679.7472112789737, 608.6152394764082], [545.131806898577, 643.2682820199525]], '대)', 0.055754938899074256), ([[2345.1715867400567, 704.0114399900438], [2577.36813040632, 740.0898379629523], [2513.8284132599433, 1125.9885600099562], [2281.63186959368, 1089.9101620370477]], '=', 0.9255187962919678)]
[([[460, 172], [660, 172], [660, 273], [460, 273]], '앗7', 0.0425752802906717), ([[893, 149], [1081, 149], [1081, 312], [893, 312]], '옷', 0.04500272582355991), ([[2735, 246], [2876, 246], [2876, 372], [2735, 372]], '부', 0.18175978476051569), ([[2181, 1256], [2427, 1256], [2427, 1437], [2181, 1437]], '부옷', 0.7734931424720538), ([[1371, 1473], [1649, 1473], [1649, 1629], [1371, 1629]], '부앗', 0.4868450975188807), ([[796.6024519859495, 915.0777605836222], [1036.1176338436842, 791.6910577341168], [1182.3975480140505, 1142.9222394163778], [942.8823661563157, 1267.3089422658832]], '=', 0.22977413738105046), ([[2535.389933442454, 1212.3867803600988], [2737.0498447189993, 1187.9750776405003], [2740.610066557546, 1262.6132196399012], [2538.9501552810007, 1287.0249223594997]], '울필--', 0.009212421443980892)]
[([[1859, 124], [2004, 124], [2004, 179], [1859, 179]], '아냐 ', 0.06523500553400922), ([[2443, 143], [2610, 143], [2610, 205], [2443, 205]], '그냥해', 0.9967806245639471), ([[1948, 195], [2196, 195], [2196, 259], [1948, 259]], '이새괜지과', 0.014830612162326073), ([[2323, 199], [2732, 199], [2732, 263], [2323, 263]], '어차피약기운때문에', 0.6844734545478206), ([[1936, 251], [2207, 251], [2207, 315], [1936, 315]], '문몸증래-', 0.045171728862762765), ([[2334, 256], [2718, 256], [2718, 324], [2334, 324]], '제정신도 아니니까', 0.9809551538893997), ([[1957, 308], [2182, 308], [2182, 376], [1957, 376]], '맨갈햇페움', 0.0034473802591255963), ([[1231, 698], [1326, 698], [1326, 773], [1231, 773]], '웃0', 0.20711806634230692), ([[510, 744], [657, 744], [657, 817], [510, 817]], '하아내)', 0.07149787992238998), ([[837, 850], [1163, 850], [1163, 1206], [837, 1206]], '드', 0.0425122227400756), ([[2099, 1577], [2368, 1577], [2368, 1716], [2099, 1716]], '주-0', 0.09739521554715713), ([[988, 1638], [1120, 1638], [1120, 1849], [988, 1849]], '{', 0.009786173693904276), ([[591.2349547837564, 194.1747739187817], [725.5079725718163, 184.03710287625708], [726.7650452162436, 261.82522608121826], [592.4920274281837, 271.9628971237429]], '용내', 0.046384116046289725)]
[([[1879, 126], [1990, 126], [1990, 199], [1879, 199]], '@', 0.44246327953102593), ([[1823, 209], [1909, 209], [1909, 258], [1823, 258]], '이야_', 0.957910326612173), ([[1735, 250], [2017, 250], [2017, 303], [1735, 303]], '뒤도이렇게 쉽계', 0.25057306840070626), ([[1915, 320], [2132, 320], [2132, 370], [1915, 370]], '오늘만 먹는게', 0.30584287713040237), ([[1899, 362], [2143, 362], [2143, 413], [1899, 413]], '너문아쉽데소)', 0.03197200144813968), ([[1115, 586], [1195, 586], [1195, 650], [1115, 650]], '꼼뒤', 0.006552797983173242), ([[2570, 1132], [2706, 1132], [2706, 1209], [2570, 1209]], '젓', 0.03412027633079817), ([[2481, 1333], [2833, 1333], [2833, 1592], [2481, 1592]], '광', 0.40523711961668596), ([[1939, 1717], [2306, 1717], [2306, 1959], [1939, 1959]], '평', 0.8558749089306197), ([[2360, 1954], [2539, 1954], [2539, 2057], [2360, 2057]], '5스9', 0.0005331781439435925)]
[([[204, 64], [326, 64], [326, 133], [204, 133]], '웃7', 0.29893387505768065), ([[294, 164], [491, 164], [491, 231], [294, 231]], '몸이 너무-', 0.6695956774523132), ([[301, 224], [441, 224], [441, 290], [301, 290]], '뜨거워', 0.5231649634548472), ([[494, 386], [635, 386], [635, 494], [494, 494]], '어7', 0.07720963690435051), ([[1760, 398], [1873, 398], [1873, 447], [1760, 447]], '좋네', 0.6009848450080806), ([[1823, 457], [2096, 457], [2096, 508], [1823, 508]], '이용이렇계되거', 0.06081590913045994), ([[1836, 500], [2085, 500], [2085, 550], [1836, 550]], '약몽 빠질때까지', 0.1510482921192821), ([[1367, 537], [1451, 537], [1451, 603], [1367, 603]], '팬', 0.025389556661900237), ([[1871, 541], [2063, 541], [2063, 595], [1871, 595]], '쭉하지금', 0.6031978130340576), ([[749, 706], [880, 706], [880, 790], [749, 790]], '해', 0.21078034265828993), ([[239, 808], [359, 808], [359, 885], [239, 885]], '애동', 0.0005513586825376922), ([[122, 878], [271, 878], [271, 926], [122, 926]], '약 때문에', 0.9723259571217339), ([[159, 926], [246, 926], [246, 968], [159, 968]], '그래', 0.9979020692598363), ([[187, 1006], [373, 1006], [373, 1057], [187, 1057]], '아마 지금은', 0.976197443743381), ([[171, 1049], [388, 1049], [388, 1099], [171, 1099]], '아프고 뭐고도', 0.882426706745662), ([[221, 1094], [352, 1094], [352, 1144], [221, 1144]], '없을결?', 0.18497297167778015), ([[341, 1091], [448, 1091], [448, 1177], [341, 1177]], "'해)", 0.04855442921568071), ([[2347, 1088], [2537, 1088], [2537, 1204], [2347, 1204]], '7리', 0.04086931718829368), ([[2008, 1600], [2244, 1600], [2244, 1734], [2008, 1734]], '곁본낚', 0.0025841015678082216), ([[1879, 1816], [2254, 1816], [2254, 2083], [1879, 2083]], '땅내', 0.027114489026237112), ([[1337.8404037912871, 299.0561590502578], [1464.3832342687047, 319.9843166538457], [1444.1595962087129, 425.9438409497422], [1317.6167657312953, 405.0156833461543]], '%갈', 0.002937410555081272), ([[2500.11633632541, 1297.1262341096756], [2872.066182760177, 1194.5988987657067], [2923.88366367459, 1476.8737658903244], [2552.933817239823, 1579.4011012342933]], '끝니', 0.015500330358678193)]
[([[259, 196], [467, 196], [467, 271], [259, 271]], '앗버%닫', 0.0013800529995933175), ([[512, 417], [684, 417], [684, 565], [512, 565]], ')', 0.06266997374386651), ([[161, 730], [255, 730], [255, 774], [161, 774]], '오옷', 0.9870256070485948), ([[252, 689], [363, 689], [363, 768], [252, 768]], '옛', 0.012571992648269303), ([[119, 772], [314, 772], [314, 820], [119, 820]], '또조인다; !', 0.3755530938200145), ([[239, 857], [382, 857], [382, 908], [239, 908]], '정신없이', 0.999828577041626), ([[234, 902], [384, 902], [384, 951], [234, 951]], '가능구만', 0.47173724699400704), ([[2243, 1532], [2470, 1532], [2470, 1691], [2243, 1691]], '#갇', 0.017504424737701422), ([[1291.0175441986348, 356.1315814897605], [1515.2527673444347, 331.347272545425], [1520.9824558013652, 460.8684185102395], [1296.7472326555653, 485.652727454575]], '8)', 0.1011151923457669), ([[213.98022872944, 955.105097901312], [277.52729467979435, 966.8778306188464], [268.01977127056, 1012.894902098688], [204.47270532020565, 1001.1221693811536]], '신', 0.05350716779056186), ([[2486.3376920066953, 1047.0601496923935], [2724.1670655161124, 1033.693404638343], [2724.6623079933047, 1230.9398503076065], [2486.8329344838876, 1245.306595361657]], '#리', 0.025428001451135097)]
[([[218, 60], [373, 60], [373, 171], [218, 171]], '후육', 0.9774764742069573), ([[1006, 99], [1137, 99], [1137, 179], [1006, 179]], '응내', 0.03400191446855135), ([[1747, 320], [1906, 320], [1906, 446], [1747, 446]], '휴-', 0.7501321013258215), ([[52, 1314], [168, 1314], [168, 1369], [52, 1369]], '후우--', 0.31757621018358756), ([[144, 1402], [287, 1402], [287, 1453], [144, 1453]], '얘 진짜', 0.9992462992668152), ([[104, 1454], [332, 1454], [332, 1511], [104, 1511]], '최상급인데?', 0.9469242722370791), ([[1661, 1547], [1875, 1547], [1875, 1612], [1661, 1612]], '알켓으니까', 0.4607842487157092), ([[257, 1587], [426, 1587], [426, 1647], [257, 1647]], '여태까지', 0.9169368147850037), ([[1425, 1589], [1569, 1589], [1569, 1686], [1425, 1686]], '월현비', 0.041810303124229925), ([[1624, 1603], [1904, 1603], [1904, 1663], [1624, 1663]], '빨리 하고 비켜', 0.8412453494702866), ([[214, 1643], [467, 1643], [467, 1698], [214, 1698]], '햇볕 애들이랑', 0.32353325593763), ([[241, 1694], [438, 1694], [438, 1750], [241, 1750]], '완전 달라;', 0.999191123425319), ([[447, 1777], [594, 1777], [594, 1867], [447, 1867]], '원%', 0.09732108011753449), ([[1656, 2057], [1921, 2057], [1921, 2339], [1656, 2339]], '퍽', 0.9773394189710984), ([[145, 2327], [478, 2327], [478, 2642], [145, 2642]], '퍽', 0.5113100302048998)]
[([[216, 269], [409, 269], [409, 405], [216, 405]], '%0', 0.03693311067717212), ([[351, 378], [472, 378], [472, 431], [351, 431]], '아웃@', 0.4666089721348784), ([[359, 433], [446, 433], [446, 475], [359, 475]], "잠깐'", 0.37753115043906943), ([[1594, 426], [1700, 426], [1700, 481], [1594, 481]], '으웃', 0.6034904241705358), ([[504, 442], [655, 442], [655, 542], [504, 542]], '@', 0.9896120412488472), ([[1528, 471], [1968, 471], [1968, 546], [1528, 546]], '프이논거화8  @', 0.03333396821545353), ([[1646, 541], [1929, 541], [1929, 606], [1646, 606]], '싸기아까운니까', 0.5983750734365718), ([[738, 560], [884, 560], [884, 672], [738, 672]], '@', 0.57691824766923), ([[1697, 596], [1873, 596], [1873, 649], [1697, 649]], '좀침아굶', 0.012810500751192335), ([[484, 646], [746, 646], [746, 701], [484, 701]], '오 또움질거려', 0.7205265224543792), ([[506, 698], [733, 698], [733, 751], [506, 751]], '벌써 간건가?', 0.686928900285322), ([[2378, 1199], [2632, 1199], [2632, 1360], [2378, 1360]], '스씬', 0.03173982188386223), ([[1710, 1665], [1977, 1665], [1977, 1816], [1710, 1816]], '7소', 0.0059816763680647055), ([[1286.9079721723117, 358.14660242341245], [1513.05225157383, 328.0700933934834], [1522.0920278276883, 458.85339757658755], [1295.94774842617, 488.9299066065166]], '히', 0.1725454227615666)]
[([[1050, 53], [1215, 53], [1215, 142], [1050, 142]], '헤웃', 0.008566368313019334), ([[1125, 144], [1237, 144], [1237, 195], [1125, 195]], '안대앗', 0.5150539586457277), ([[1247, 217], [1362, 217], [1362, 271], [1247, 271]], '아직(', 0.30536827636033553), ([[1814, 203], [2020, 203], [2020, 256], [1814, 256]], ' 참아름', 0.04993128404021263), ([[147, 230], [284, 230], [284, 352], [147, 352]], '햇', 0.4561752495492364), ([[1221, 245], [1525, 245], [1525, 361], [1221, 361]], '@ 패히', 0.014203578233718872), ([[1980, 288], [2134, 288], [2134, 341], [1980, 341]], '확실하게', 0.9356832323466748), ([[1936, 333], [2169, 333], [2169, 394], [1936, 394]], '임신시켜출게', 0.505259035614676), ([[137, 855], [320, 855], [320, 922], [137, 922]], '간다"', 0.11993121145678866), ([[165, 944], [389, 944], [389, 1008], [165, 1008]], '간다앗7애', 0.019003028300763936), ([[2459, 965], [2828, 965], [2828, 1208], [2459, 1208]], '퍽', 0.9151647750414647), ([[1932, 1780], [2371, 1780], [2371, 2032], [1932, 2032]], '팩-', 0.30930112058721443), ([[577.0095799450279, 791.0350772248928], [751.3652743511914, 842.8323338044672], [712.9904200549721, 959.9649227751072], [538.6347256488086, 909.1676661955328]], '@%', 0.0064356788448007435)]
[([[1047, 156], [1322, 156], [1322, 293], [1047, 293]], '웃고진', 0.01720294710824832), ([[1303, 86], [1484, 86], [1484, 386], [1303, 386]], '0', 0.0045068679653864074), ([[163, 295], [298, 295], [298, 397], [163, 397]], '아0', 0.0034438509614368356), ([[1654.5129924896828, 1203.1597654525403], [1697.6699868465098, 1174.0321367962981], [1753.4870075103172, 1262.8402345474597], [1710.3300131534902, 1291.9678632037019]], '5', 0.21054156876034202)]
[([[292, 107], [371, 107], [371, 173], [292, 173]], '', 0.0), ([[163, 298], [298, 298], [298, 401], [163, 401]], '아0', 0.040601936124315875), ([[154, 786], [347, 786], [347, 883], [154, 883]], '아7', 0.26187288723201524), ([[1059.9232795412454, 355.0484029078244], [1220.377243209408, 391.1844611187961], [1194.0767204587546, 489.9515970921756], [1033.622756790592, 453.8155388812039]], '%0', 0.020124822911779684)]
[([[1105, 246], [1249, 246], [1249, 323], [1105, 323]], '하아내', 0.1281448685486329), ([[1551, 302], [1755, 302], [1755, 367], [1551, 367]], '와   진짜)', 0.39643398907759697), ([[1576, 361], [1733, 361], [1733, 423], [1576, 423]], '최고다', 0.9971972635230224), ([[1668, 464], [1958, 464], [1958, 537], [1668, 537]], '한번만 먹기엔 ', 0.46314889911305446), ([[1651, 528], [1973, 528], [1973, 594], [1651, 594]], '너무 아까운데:', 0.4379822567487351), ([[1288, 665], [1406, 665], [1406, 731], [1288, 731]], '웃내', 0.06311873904456124), ([[53, 1133], [378, 1133], [378, 1199], [53, 1199]], '뭐. 아직 시간은', 0.65083698355377), ([[96, 1192], [333, 1192], [333, 1256], [96, 1256]], '남있으니까', 0.4201614915769947), ([[256, 1288], [491, 1288], [491, 1348], [256, 1348]], '좀더 하고 .', 0.3372322778731896), ([[190, 1345], [556, 1345], [556, 1411], [190, 1411]], '이후에 생각하지구', 0.571080207580967), ([[141, 2175], [347, 2175], [347, 2239], [141, 2239]], '월생각해', 0.9174678325653076), ([[258, 2269], [448, 2269], [448, 2333], [258, 2333]], '다음주에', 0.9822219014167786), ([[277, 2331], [440, 2331], [440, 2386], [277, 2386]], '또오자', 0.9933767006663361), ([[415, 2434], [529, 2434], [529, 2498], [415, 2498]], '좋아)', 0.9968053910890289), ([[487.46050308407604, 261.3657104858586], [645.2645330041083, 232.68713257908493], [654.5394969159239, 312.6342895141414], [496.73546699589167, 341.31286742091504]], '(앗 0', 0.4310944080352783)]
[([[478, 1639], [682, 1639], [682, 1785], [478, 1785]], '82', 0.016014986898460006), ([[501, 1817], [740, 1817], [740, 1955], [501, 1955]], '@끊', 0.03255573069650937)]
[([[472, 1645], [681, 1645], [681, 1781], [472, 1781]], '&', 0.10791742093820833), ([[522.8746213411157, 1812.0453046298342], [742.2754639457123, 1846.5545464768945], [718.1253786588843, 1963.9546953701658], [497.7245360542876, 1928.4454535231055]], '@', 0.7954619054735304)]
[]
[]
[]
[([[115, 140], [264, 140], [264, 244], [115, 244]], '후육', 0.9570053719385905), ([[1792, 284], [1947, 284], [1947, 408], [1792, 408]], '휴육-', 0.41476807074144273), ([[1592, 955], [1777, 955], [1777, 1017], [1592, 1017]], '안되젯다', 0.5045556426048279), ([[1692, 1040], [1876, 1040], [1876, 1097], [1692, 1097]], '입은 내가', 0.999888989214002), ([[1716, 1090], [1863, 1090], [1863, 1150], [1716, 1150]], '쏟다   !', 0.5644604582574317), ([[1629, 1975], [1934, 1975], [1934, 2218], [1629, 2218]], '퍽', 0.9845455636000366), ([[281, 2279], [681, 2279], [681, 2544], [281, 2544]], '퍽', 0.9921357885128259), ([[831, 2394], [1031, 2394], [1031, 2539], [831, 2539]], '일버', 0.001448472499852454), ([[676.5449838825484, 367.2339161892516], [826.8810426740846, 334.50647162425435], [843.4550161174516, 444.7660838107484], [693.1189573259154, 477.49352837574565]], '움', 0.3771613920410033), ([[1406.719142236191, 2111.1744245352406], [1601.187816369577, 2077.0083652548433], [1614.280857763809, 2205.8255754647594], [1419.812183630423, 2238.9916347451567]], '끝폐요', 0.0017308690880512398)]
[]
[]
[]
[]
[]
[]
[]
[([[2319.1482482265264, 602.0086375677523], [2640.970793744309, 648.8040952169076], [2557.8517517734736, 1178.9913624322478], [2236.029206255691, 1132.1959047830924]], '=', 0.9680104387966857)]
[([[2242, 628], [2638, 628], [2638, 1178], [2242, 1178]], '=', 0.9779167377827349)]
[([[2314.1130834633573, 592.0089397825304], [2647.8895926331793, 642.8127820164304], [2559.8869165366427, 1175.9910602174696], [2227.1104073668207, 1126.1872179835696]], '=', 0.6536061213973063)]
[([[115, 140], [264, 140], [264, 244], [115, 244]], '후육', 0.9546430685480312), ([[1792, 284], [1949, 284], [1949, 408], [1792, 408]], '휴육-', 0.41949886764538685), ([[1718, 951], [1865, 951], [1865, 1035], [1718, 1035]], '@%', 0.024053732908032473), ([[1629, 1033], [1761, 1033], [1761, 1088], [1629, 1088]], "오옷:'", 0.31898083224662754), ([[1710, 1100], [1878, 1100], [1878, 1156], [1710, 1156]], '입보지도', 0.9962656497955322), ([[1683, 1154], [1858, 1154], [1858, 1210], [1683, 1210]], '개절어:', 0.8510813117027283), ([[169, 1485], [258, 1485], [258, 1540], [169, 1540]], "웃:'", 0.2880341496806), ([[256, 1565], [398, 1565], [398, 1625], [256, 1625]], '나슬슬', 0.34534393760035115), ([[198, 1618], [458, 1618], [458, 1675], [198, 1675]], '올라오는데:  !', 0.5030013153813091), ([[1629, 1975], [1937, 1975], [1937, 2220], [1629, 2220]], '퍽', 0.9338361607135539), ([[279, 2279], [679, 2279], [679, 2544], [279, 2544]], '퍽 ', 0.5731735391926971), ([[676.5896978304282, 367.22539850126986], [825.8399657765315, 334.4682108148704], [842.4103021695718, 445.77460149873014], [693.1600342234685, 477.5317891851296]], '움', 0.33265559723533045), ([[1400.0129971978583, 862.2506890716477], [1513.392083582695, 848.1894628707554], [1516.9870028021417, 916.7493109283523], [1403.607916417305, 930.8105371292446]], '채켜', 0.051702066754522935), ([[1404.6115134176307, 2112.1913831893103], [1600.187816369577, 2077.0083652548433], [1614.3884865823693, 2203.8086168106897], [1418.812183630423, 2238.9916347451567]], '끝증걸', 0.0016958393546473978), ([[834.0925352602195, 2415.1217750297124], [1019.2795711827875, 2392.112064222881], [1027.9074647397804, 2522.8782249702876], [842.7204288172125, 2546.887935777119]], '7앗', 0.0015230336932747603)]
[([[2234, 677], [2634, 677], [2634, 1163], [2234, 1163]], '=', 0.9276926444147335)]
[([[2321.140171948417, 595.0085974208597], [2649.5579576362347, 649.8527908575718], [2555.859828051583, 1180.9914025791404], [2226.4420423637653, 1126.1472091424282]], '=', 0.8427599726948962)]
[]
[([[2258, 703], [2597, 703], [2597, 1135], [2258, 1135]], '드', 0.4189905831638363), ([[990, 1640], [1122, 1640], [1122, 1824], [990, 1824]], ')', 0.00963968322179043)]
[]
[]
[]
[]
[([[1635, 1937], [1750, 1937], [1750, 2049], [1635, 2049]], '>', 0.7366586832019415)]
[([[1643, 1947], [1747, 1947], [1747, 2048], [1643, 2048]], '>', 0.11618286405996514), ([[1653.653098774953, 1198.13080375226], [1699.639516134592, 1169.0292741329474], [1752.346901225047, 1262.86919624774], [1706.360483865408, 1291.9707258670526]], '5', 0.4091921395465228)]
[([[698, 316], [818, 316], [818, 413], [698, 413]], '해', 0.00547472110014624), ([[1464, 877], [1582, 877], [1582, 941], [1464, 941]], '으0', 0.02860397571292223), ([[223, 1571], [366, 1571], [366, 1624], [223, 1624]], '좋아 !', 0.7557959050354014), ([[211, 1673], [484, 1673], [484, 1735], [211, 1735]], '싸 센다 컨', 0.043210483259173045), ([[156, 2147], [570, 2147], [570, 2485], [156, 2485]], '퍽', 0.9942735395615188), ([[1612, 2118], [1848, 2118], [1848, 2372], [1612, 2372]], '퍽', 0.9959286252893094), ([[847, 2406], [1020, 2406], [1020, 2532], [847, 2532]], '돌', 0.10051781749922384), ([[1377.7894562468896, 309.07354122449476], [1495.91332506755, 325.46649845702194], [1481.2105437531104, 410.92645877550524], [1362.08667493245, 393.53350154297806]], '@아', 0.0028476705750373533), ([[1469.401330583257, 2230.0915760743364], [1634.7302812933822, 2219.007722014701], [1636.598669416743, 2344.9084239256636], [1471.2697187066178, 2355.992277985299]], '넓%', 0.019121243386279532)]
[]
[]
[]
[]
[]
[]
[]
[]
[]
[]
[([[513, 555], [750, 555], [750, 679], [513, 679]], '휴', 0.4147587164785058), ([[1377, 787], [1576, 787], [1576, 915], [1377, 915]], '나앗7', 0.0023385489633160695), ([[1684, 937], [1883, 937], [1883, 1006], [1684, 1006]], '으웃 `', 0.11460473388433456), ([[691, 2069], [976, 2069], [976, 2227], [691, 2227]], '플', 0.025156948132122103), ([[1527, 2002], [1766, 2002], [1766, 2171], [1527, 2171]], '#옛', 0.07022249913813151), ([[461.17990404835746, 836.3095682176086], [676.2615788258922, 793.018772024306], [690.8200959516425, 906.6904317823914], [475.73842117410777, 948.981227975694]], '부웃', 0.04603413419572476)]
[]
[]
[]
[([[1635, 278], [1701, 278], [1701, 340], [1635, 340]], '0', 0.008366916856022977)]
[([[2396.1562861231782, 688.0107874162771], [2637.9654449653235, 792.480471242312], [2483.8437138768218, 1144.989212583723], [2242.0345550346765, 1040.519528757688]], '주', 0.6596574310349332)]
[([[2340.166949093193, 696.010845178613], [2584.4068714119185, 741.2145873200907], [2505.833050906807, 1143.989154821387], [2262.5931285880815, 1098.7854126799093]], '=', 0.03291158841432407)]
[([[2332.148672852982, 701.0116918485576], [2571.3098686806657, 729.748629491605], [2517.851327147018, 1126.9883081514424], [2278.6901313193343, 1097.251370508395]], '=', 0.8821043354348745)]
[([[820, 838], [1164, 838], [1164, 1218], [820, 1218]], '주', 0.01366722935515896), ([[2350.1780079531663, 695.0108998343782], [2590.4210022803118, 744.5915047067662], [2505.8219920468337, 1133.9891001656217], [2265.5789977196882, 1084.4084952932337]], '=', 0.22643037297081037)]
[([[2343.1624679982147, 700.0113159339415], [2583.452418069188, 748.6215782731493], [2502.8375320017853, 1131.9886840660586], [2262.547581930812, 1083.3784217268508]], '=', 0.25117529155170715), ([[875.9436497551815, 781.0136105010423], [1192.3470598834656, 827.3687220649116], [1122.0563502448185, 1250.9863894989578], [805.6529401165344, 1204.6312779350885]], '쥐', 0.010958667104965736)]
[([[798.7363806613206, 905.0657473747144], [1064.3257467646101, 791.6807360707111], [1185.2636193386793, 1154.9342526252856], [919.67425323539, 1268.3192639292888]], '>', 0.7091285357426536)]
