2577109
8
[([[6, 19], [664, 19], [664, 106], [6, 106]], '[위시튼튼] 수녀 미즈키', 0.022571368697734046), ([[1703, 2706], [1879, 2706], [1879, 2792], [1703, 2792]], '역색', 0.054695721198621754), ([[1682, 2789], [1903, 2789], [1903, 2873], [1682, 2873]], '[예-', 0.05475326740733992)]
[]
[([[67, 1459], [351, 1459], [351, 1543], [67, 1543]], '술예분지?', 0.06555091395797077), ([[121, 1538], [1369, 1538], [1369, 1628], [121, 1628]], '당신들의지속 주머니예분-죄약이 가득하군요', 0.2701854660816471), ([[997, 2676], [1653, 2676], [1653, 2765], [997, 2765]], '제계롭베율어트국', 0.03249612382465124)]
[]
[([[22, 84], [638, 84], [638, 163], [22, 163]], '대입재중만@로분분족하켓조-', 0.026995856384337734), ([[43, 259], [343, 259], [343, 331], [43, 331]], '때마침성활의', 0.04324874676724366), ([[77, 320], [461, 320], [461, 392], [77, 392]], '통인이 플럽답내다 [', 0.00757207736486792), ([[1198, 847], [1564, 847], [1564, 911], [1198, 911]], '보아하다   우딪]', 0.1374732470090056), ([[1110, 943], [1818, 943], [1818, 1021], [1110, 1021]], '성험에 더욱 힘흘 들여야캠오오', 0.08667442041716569), ([[1041, 2117], [1430, 2117], [1430, 2330], [1041, 2330]], '구주니~', 0.018881147727370262), ([[845, 2364], [1224, 2364], [1224, 2432], [845, 2432]], '마음껏니-보길:', 0.04083778798263984), ([[1150, 2443], [1629, 2443], [1629, 2515], [1150, 2515]], '저의 "입재주"틀 말이조', 0.43549531987923906), ([[761, 2601], [1025, 2601], [1025, 2674], [761, 2674]], '이렇하면', 0.7045655846595764), ([[858, 2671], [1689, 2671], [1689, 2748], [858, 2748]], '더욱리죄롭씻율순있원숙)다:', 0.000980134489536882), ([[1490.4550670072035, 94.32925462737353], [1689.416523618602, 61.59980276494323], [1697.5449329927965, 151.67074537262647], [1499.583476381398, 183.40019723505677]], '유없', 0.002769529487155915), ([[1499.2214851534113, 182.49800991421037], [1903.4637313378096, 100.12029263344355], [1912.7785148465887, 170.50199008578963], [1507.5362686621904, 252.87970736655646]], '이업따오 김남 죄약', 0.008913366753464916), ([[439.84856391521663, 1105.1550910149947], [631.3329692644526, 1076.1733114605695], [641.1514360847834, 1203.8449089850053], [450.6670307355474, 1232.8266885394305]], '똑육"', 0.19970175502438736), ([[39.67272787196109, 1666.6254570622366], [438.60272531504205, 1557.1964848267994], [475.3272721280389, 1753.3745429377634], [76.39727468495795, 1861.8035151732006]], '팀중%', 0.02684509686472693)]
[]
[([[626, 300], [917, 300], [917, 381], [626, 381]], '@이}하아', 0.44623100516309827), ([[1336, 417], [1949, 417], [1949, 541], [1336, 541]], '떠-속하;긍망숙요-다', 0.0010432939757892047), ([[608, 1500], [1406, 1500], [1406, 1580], [608, 1580]], '이독에블 수에탈출말이초- ', 0.008231353284852432)]
[([[645, 911], [767, 911], [767, 977], [645, 977]], '9', 0.48997052713845335), ([[963, 1243], [1007, 1243], [1007, 1297], [963, 1297]], '5', 0.08656851275276622), ([[1190, 1234], [1246, 1234], [1246, 1304], [1190, 1304]], '군', 0.0488409608509619), ([[1145, 1295], [1261, 1295], [1261, 1379], [1145, 1379]], '도 쇼', 0.013352190144360065), ([[755.651818773715, 899.3117294627456], [851.4377533202232, 873.828470258836], [867.348181226285, 953.6882705372544], [771.5622466797768, 979.171529741164]], '묘아사', 0.006367959354491208), ([[829.2188821120326, 1130.260075193773], [1015.0971683648816, 1082.9073361625246], [1038.7811178879674, 1212.739924806227], [852.9028316351184, 1261.0926638374754]], '표군 ', 0.1916127041447238), ([[1329.2155354594472, 1135.0776772972363], [1378.9977037885594, 1162.864484617337], [1362.7844645405528, 1192.9223227027637], [1312.0022962114406, 1165.135515382663]], '모', 0.008553780382286824), ([[1123.802230976821, 1156.3078084188735], [1222.8018287567197, 1138.4919347246332], [1231.197769023179, 1206.6921915811265], [1132.1981712432803, 1224.5080652753668]], '손 ?', 0.03141966462135315), ([[1374.471345119636, 1156.0350883972694], [1439.8351924508336, 1207.8636466812345], [1416.528654880364, 1238.9649116027306], [1351.1648075491664, 1186.1363533187655]], '8187', 0.4840024709701538), ([[1323.339181399545, 1155.0438604965868], [1399.9630675894875, 1202.3934028501737], [1376.660818600455, 1239.9561395034132], [1300.0369324105125, 1192.6065971498263]], '오7', 0.0035329182621855245)]
