2578899
15
[]
[([[313, 279], [742, 279], [742, 569], [313, 569]], '9', 0.1280050211082404), ([[1720, 237], [2093, 237], [2093, 606], [1720, 606]], '액', 0.6169083593555946)]
[([[1718, 352], [1843, 352], [1843, 563], [1718, 563]], '특', 0.9924428729306243), ([[594, 857], [647, 857], [647, 915], [594, 915]], '{', 0.013200751694970814), ([[180, 497], [489, 497], [489, 1356], [180, 1356]], '올', 0.1679374754301799), ([[536, 946], [660, 946], [660, 1094], [536, 1094]], '꾸', 0.6048942518000935), ([[1681, 833], [1893, 833], [1893, 1389], [1681, 1389]], '통', 0.405527133927567), ([[1377, 1213], [1509, 1213], [1509, 1401], [1377, 1401]], '틀', 0.23674418818114962), ([[956, 1417], [1073, 1417], [1073, 1536], [956, 1536]], '크', 0.21062737281114607), ([[609, 1783], [682, 1783], [682, 1852], [609, 1852]], '서-', 0.17288955918543447), ([[596.2280088244012, 15.007268575699932], [905.1550602485383, 71.42607367786944], [798.7719911755988, 627.9927314243], [490.84493975146165, 571.5739263221305]], '대', 0.01434799544576948), ([[1626.9707066347526, 194.09827833795114], [1752.76313198025, 108.01387054312492], [1886.0292933652474, 338.9017216620489], [1760.23686801975, 424.98612945687506]], '콩', 0.06497948397863329)]
[([[1794, 63], [2118, 63], [2118, 693], [1794, 693]], '@', 0.04123090107221139), ([[1830, 696], [2118, 696], [2118, 984], [1830, 984]], '아', 0.48682158681145893), ([[0, 487], [400, 487], [400, 1460], [0, 1460]], '출', 0.09009446356540085), ([[928, 946], [988, 946], [988, 984], [928, 984]], "'", 0.19841973564674564), ([[1825, 990], [2118, 990], [2118, 1286], [1825, 1286]], '아', 0.5589335944324638), ([[1758, 1310], [2053, 1310], [2053, 1612], [1758, 1612]], '0', 0.5880458419448509), ([[609, 1783], [680, 1783], [680, 1850], [609, 1850]], '서-', 0.05350799205068306), ([[1497, 2357], [1647, 2357], [1647, 2572], [1497, 2572]], '>', 0.2361814307828789), ([[1743.1305400389217, 2232.109590330834], [1982.2835380942574, 2211.081052993856], [1984.8694599610783, 2348.890409669166], [1745.7164619057426, 2369.918947006144]], "'|-", 0.002398525165029951)]
[]
[([[1157, 727], [1254, 727], [1254, 824], [1157, 824]], '칼', 0.753728917235108), ([[1487, 769], [1575, 769], [1575, 864], [1487, 864]], '군', 0.053408198538385854), ([[726, 1489], [830, 1489], [830, 1557], [726, 1557]], '보-;', 0.331437575669397), ([[957, 1760], [1095, 1760], [1095, 1835], [957, 1835]], '최이', 0.008763816232835023), ([[162.50606034586065, 894.0093870961348], [260.7965903567987, 883.3043675865965], [290.49393965413935, 1182.9906129038652], [192.20340964320133, 1194.6956324134035]], '록', 0.2247817402281962), ([[1912.478237443972, 1018.0170328927693], [1975.4389972670913, 1007.1304836955945], [2003.521762556028, 1186.9829671072307], [1940.5610027329087, 1197.8695163044056]], '틀', 0.6918557151355031)]
[([[1157, 727], [1254, 727], [1254, 824], [1157, 824]], '칼', 0.753728917235108), ([[1487, 769], [1575, 769], [1575, 864], [1487, 864]], '군', 0.053408198538385854), ([[726, 1489], [830, 1489], [830, 1557], [726, 1557]], '보-;', 0.331437575669397), ([[957, 1760], [1095, 1760], [1095, 1835], [957, 1835]], '최이', 0.008763816232835023), ([[162.50606034586065, 894.0093870961348], [260.7965903567987, 883.3043675865965], [290.49393965413935, 1182.9906129038652], [192.20340964320133, 1194.6956324134035]], '록', 0.2247817402281962), ([[1912.478237443972, 1018.0170328927693], [1975.4389972670913, 1007.1304836955945], [2003.521762556028, 1186.9829671072307], [1940.5610027329087, 1197.8695163044056]], '틀', 0.6918557151355031)]
[([[773, 683], [894, 683], [894, 808], [773, 808]], '땅', 0.0433400024464794), ([[1573, 789], [1858, 789], [1858, 1104], [1573, 1104]], '7?', 0.30134886031242136), ([[51.58947787197489, 908.1621362526142], [256.1769963579743, 863.7440292811925], [278.4105221280251, 1017.8378637473858], [73.82300364202571, 1062.2559707188075]], "평'", 0.050715213254485914)]
[([[1002.1594452019812, 1715.020793080019], [1287.88280337309, 1813.0072756674385], [1234.840554798019, 1950.979206919981], [949.1171966269101, 1852.9927243325615]], '4쥐', 0.4036451471012476)]
[([[1365.0857906366286, 1305.013932881421], [1559.5916009120078, 1215.0058337611977], [1752.9142093633714, 1692.986067118579], [1558.4083990879922, 1781.9941662388023]], '약', 0.3494943875628884)]
[([[399, 1104], [657, 1104], [657, 1362], [399, 1362]], '빵', 0.9951933109694124), ([[1353, 1200], [1614, 1200], [1614, 1458], [1353, 1458]], '빵', 0.9975952079875618)]
[([[210, 819], [415, 819], [415, 1002], [210, 1002]], '꾸울', 0.1734962383243395), ([[543, 982], [716, 982], [716, 1130], [543, 1130]], '꾸물', 0.8517336397413782), ([[1507, 1615], [1705, 1615], [1705, 1825], [1507, 1825]], '코을', 0.11421780443685603), ([[1549.7753087076803, 1227.037531935191], [1674.651120463961, 1155.0106017563958], [1814.2246912923197, 1429.962468064809], [1689.348879536039, 1501.9893982436042]], '평', 0.13554712496550625)]
[([[286, 453], [584, 453], [584, 550], [286, 550]], '으으웃!', 0.6425722241401672), ([[521, 742], [715, 742], [715, 936], [521, 936]], '꽃', 0.46307055695456256), ([[1457, 928], [1699, 928], [1699, 1103], [1457, 1103]], '스튜', 0.0871661635987016)]
[([[348, 276], [626, 276], [626, 630], [348, 630]], '양', 0.8726083465354719), ([[376, 617], [598, 617], [598, 778], [376, 778]], '아', 0.7506041418271394), ([[606, 712], [815, 712], [815, 860], [606, 860]], '꿀렁', 0.09068624516797387), ([[1659, 1173], [1920, 1173], [1920, 1378], [1659, 1378]], '아', 0.9960515213397549), ([[640, 1459], [738, 1459], [738, 1528], [640, 1528]], '불>', 0.5943513558424254), ([[1625, 1348], [1943, 1348], [1943, 1805], [1625, 1805]], '안', 0.9207654157772858), ([[335.32635116218705, 760.0500644085234], [602.7546473972354, 740.1567667399967], [607.673648837813, 982.9499355914766], [340.24535260276457, 1003.8432332600033]], '아', 0.9975978274383444), ([[1496.9731037703068, 913.0293159803684], [1778.350257345842, 974.2074463974772], [1739.0268962296932, 1123.9706840196316], [1457.649742654158, 1062.7925536025227]], '꿀령', 0.378971005709526), ([[524.2383404030197, 1419.0860084836236], [688.9866325538715, 1372.326644241969], [706.7616595969803, 1444.9139915163764], [542.0133674461285, 1491.673355758031]], '~붓(', 0.37576667378489564), ([[161.81052651918083, 1589.0789488938562], [314.45583819849026, 1463.1804408085318], [356.1894734808192, 1531.9210511061438], [203.54416180150974, 1657.8195591914682]], '{', 0.16362830903773684), ([[1272.3214058935425, 1939.0462630228603], [1336.9052187110162, 1987.031067908935], [1311.6785941064575, 2021.9537369771397], [1246.0947812889838, 1972.968932091065]], '<', 0.01114663025153484)]
[([[562, 832], [726, 832], [726, 940], [562, 940]], '꾸극', 0.09491297957330389), ([[1477, 926], [1639, 926], [1639, 1047], [1477, 1047]], '대류', 0.020075718880619108), ([[1406.0034542417552, 243.04145090106144], [1483.5875298235055, 201.01439160048636], [1573.9965457582448, 386.95854909893853], [1496.4124701764945, 428.98560839951364]], '푹', 0.5287078892379782)]
