2579138
15
[([[82.05742827528547, 1342.5033708955139], [107.61750752109444, 1319.0479518649956], [149.94257172471453, 1367.4966291044861], [124.38249247890556, 1390.9520481350044]], '3', 0.30265260236325275), ([[14.400119964011996, 1354.0605878236588], [54.882470773542686, 1388.1685180460934], [36.59988003598801, 1408.9394121763412], [-2.8824707735426838, 1374.8314819539066]], '%', 0.007761146805476182)]
[([[2236, 4], [2346, 4], [2346, 80], [2236, 80]], '새-3', 0.016539463305923315), ([[0, 856], [160, 856], [160, 1122], [0, 1122]], '5', 0.8832947793418136), ([[122.91802480305674, 687.0638042898248], [468.87924715596745, 627.8496511042857], [497.08197519694323, 917.9361957101752], [151.12075284403252, 977.1503488957143]], '0', 0.08625910043083795), ([[1439.1764536849728, 1096.117444219674], [1908.169916120079, 994.1422808988258], [1945.8235463150272, 1283.882555780326], [1476.830083879921, 1385.857719101174]], '1)', 0.02067125541270384), ([[1027.7800162962194, 1177.1301385178654], [1152.1793790646625, 1117.465362408888], [1222.2199837037806, 1299.8698614821346], [1097.8206209353375, 1358.534637591112]], '>', 0.7564910231066193)]
[([[2236, 4], [2346, 4], [2346, 82], [2236, 82]], '듭- ', 0.02157529027368816), ([[207.47893962030983, 1074.4141973545268], [225.599880035988, 1058.0605878236588], [259.5210603796902, 1096.5858026454732], [241.400119964012, 1112.9394121763412]], '8', 0.8730292175628485), ([[245.71963120067105, 1105.4635574408053], [260.50898659855926, 1092.0658509254747], [286.280368799329, 1120.5364425591947], [271.49101340144074, 1133.9341490745253]], '!', 0.2309500918219678), ([[1978.1139757886835, 1249.0261908287516], [2098.8830772872507, 1264.7161716011706], [2072.8860242113165, 1447.9738091712484], [1952.1169227127493, 1432.2838283988294]], '7', 0.036831037584139636)]
[([[2236, 4], [2346, 4], [2346, 82], [2236, 82]], '듭- ', 0.01921366185415557), ([[1999.0576515495434, 1226.0222128503199], [2150.936732758142, 1270.9161037328372], [2087.9423484504564, 1477.9777871496801], [1937.0632672418576, 1433.0838962671628]], '"\'', 0.046768554666594846)]
[([[2236, 4], [2346, 4], [2346, 80], [2236, 80]], '새-3', 0.017846681290412378)]
[([[2236, 4], [2346, 4], [2346, 82], [2236, 82]], '듭- ', 0.014622030807457753)]
[([[2236, 4], [2346, 4], [2346, 80], [2236, 80]], '새3', 0.034705767594513)]
[([[2236, 4], [2346, 4], [2346, 80], [2236, 80]], '새-3', 0.013614297013802984), ([[819, 61], [1419, 61], [1419, 121], [819, 121]], '높지대도아난데갑자기당이꺼지다니', 0.4320119753464779), ([[731, 155], [1133, 155], [1133, 215], [731, 215]], '글라시르나벗어나자마자', 0.27711688577875854), ([[691, 205], [1169, 205], [1169, 265], [691, 265]], '여런수치름겪울출은올렉는겉', 0.10937200042210382), ([[1156, 314], [1788, 314], [1788, 374], [1156, 374]], "'대체뇨눈가이런이상한함정올만문거지?", 0.27239210833727184), ([[1658, 868], [1870, 868], [1870, 1036], [1658, 1036]], '댐문물', 0.0029500829738471593), ([[97, 1375], [369, 1375], [369, 1561], [97, 1561]], '@@', 0.20086138748247143), ([[615, 1199], [999, 1199], [999, 1531], [615, 1531]], '댐말', 0.0023170347909366117), ([[1424, 1260], [1624, 1260], [1624, 1508], [1424, 1508]], '똑', 0.014037552041856749), ([[2135.0921409203243, 825.33441733788], [2259.80652122306, 711.0141451427894], [2425.9078590796757, 928.66558266212], [2301.19347877694, 1041.9858548572106]], '숲', 0.05496604673843053), ([[68.05777299374985, 748.0158579143706], [317.67340071221804, 895.7358596386833], [193.94222700625014, 1100.9841420856294], [-55.673400712218054, 953.2641403613167]], '유도', 0.010315789211748517), ([[1696.1114721817653, 1092.0714327993012], [1982.6594733288705, 1059.3619696150904], [1992.8885278182347, 1273.9285672006988], [1705.3405266711295, 1306.6380303849096]], '카', 0.015532127231763282)]
[([[2236, 4], [2346, 4], [2346, 80], [2236, 80]], '새3', 0.043866833626452044), ([[425, 77], [911, 77], [911, 137], [425, 137]], '근데이거 .원가엄청안락한걸?', 0.17760994506526986), ([[995, 138], [1535, 138], [1535, 198], [995, 198]], '이상하게포근화느낌되들지않아?', 0.27629710112567074), ([[1058, 189], [1472, 189], [1472, 251], [1058, 251]], '흙에서이런느낌이틀수가', 0.2723758122844972), ([[1077, 237], [1457, 237], [1457, 299], [1077, 299]], '잇나싶음정도되말이야', 0.14677474685031514), ([[793, 367], [1109, 367], [1109, 427], [793, 427]], '그러게? 분명흙속에', 0.9404251551577307), ([[683, 417], [1223, 417], [1223, 479], [683, 479]], '빠진거지고논되게편안하느낌이', 0.3944120816623627), ([[207, 657], [487, 657], [487, 917], [207, 917]], '9', 0.2450008707980409), ([[704, 959], [1037, 959], [1037, 1177], [704, 1177]], '48{', 0.05717919492954824), ([[5, 1061], [233, 1061], [233, 1299], [5, 1299]], '꼴', 0.05166477661363822), ([[1607, 1085], [1771, 1085], [1771, 1315], [1607, 1315]], '1', 0.12023253888636365), ([[1701, 1333], [1913, 1333], [1913, 1557], [1701, 1557]], '꼴', 0.016512920094612582), ([[2178.0801872466413, 686.014104240514], [2439.901682663018, 862.5731967693782], [2296.9198127533587, 1071.985895759486], [2035.0983173369818, 895.4268032306218]], '몇', 0.02223710415652036), ([[1770.254250313469, 863.0139084009645], [2018.8768786492888, 1031.7842168063087], [1922.745749686531, 1170.9860915990355], [1674.1231213507112, 1002.2157831936912]], '6움', 0.11494464009611484), ([[103.091846781627, 885.020629195794], [473.76563597382125, 981.947192349593], [422.908153218373, 1144.979370804206], [52.23436402617875, 1047.052807650407]], '씨:', 0.0010028859467863642), ([[1036.575906582034, 1159.056422933626], [1169.2652600755273, 1122.12556619658], [1214.424093417966, 1320.943577066374], [1081.7347399244727, 1357.87443380342]], '그', 0.10459366467365783), ([[1413.219131190557, 1191.012198097823], [1603.8627606623375, 1240.5093801847947], [1518.780868809443, 1560.987801902177], [1328.1372393376625, 1510.4906198152053]], '꽃', 0.5253618980950456), ([[552.8330490813343, 1232.0272503405527], [815.5900375818218, 1289.2906488500994], [763.1669509186657, 1495.9727496594473], [500.4099624181782, 1438.7093511499006]], ')', 0.0833320226623222)]
[([[861, 29], [1233, 29], [1233, 89], [861, 89]], '뭐 편안하다라도이곳올', 0.8821817131943769), ([[2236, 4], [2346, 4], [2346, 80], [2236, 80]], '새-3', 0.036522730199379745), ([[871, 77], [1229, 77], [1229, 139], [871, 139]], '나오건나외야하논데 .', 0.18217165283899775), ([[1195, 146], [1917, 146], [1917, 212], [1195, 212]], '우리의힘은슈호의 예서쓰-에뉴위험학니까?', 0.0038387564389630834), ([[669, 181], [1111, 181], [1111, 237], [669, 237]], '하지만우리셋다빠져버려서', 0.36611647382744844), ([[1251, 197], [1881, 197], [1881, 257], [1251, 257]], '일단다른쪽오로간계승자름기릭려보자', 0.16860607980044565), ([[681, 232], [1103, 232], [1103, 288], [681, 288]], '쉽계나오긴힘들거갈은데?', 0.45499323986805323), ([[1971, 697], [2107, 697], [2107, 911], [1971, 911]], '봉', 0.7772122936655848), ([[0, 938], [255, 938], [255, 1113], [0, 1113]], '빠다', 0.6494189612661426), ([[513, 943], [841, 943], [841, 1173], [513, 1173]], '음튼', 0.005178666072031456), ([[1685, 869], [1843, 869], [1843, 1039], [1685, 1039]], '저', 0.021609407394421964), ([[2196, 964], [2400, 964], [2400, 1206], [2196, 1206]], '명', 0.4997925576179938), ([[4, 1184], [330, 1184], [330, 1428], [4, 1428]], '대다', 0.008973531624070132), ([[683, 1249], [977, 1249], [977, 1431], [683, 1431]], '예흘)', 0.01777111584672596), ([[1630, 1104], [1872, 1104], [1872, 1374], [1630, 1374]], '동', 0.8101698034576863), ([[2088, 1162], [2188, 1162], [2188, 1404], [2088, 1404]], '봉', 0.33572170018523195), ([[1170, 1502], [1364, 1502], [1364, 1640], [1170, 1640]], '오텅', 0.015335550513106672), ([[325.3302309804112, 570.0083085105731], [636.8073839454285, 854.0640732177496], [484.6697690195888, 1026.9916914894268], [172.1926160545715, 742.9359267822504]], '{간', 0.005385657932445813)]
[([[2236, 4], [2346, 4], [2346, 80], [2236, 80]], '새-3', 0.041037479272873975), ([[907, 49], [1586, 49], [1586, 109], [907, 109]], '그런데피지스녀석들 대체무슨생각인거지?', 0.555812120916251), ([[817, 97], [1679, 97], [1679, 161], [817, 161]], '그랑시드바로워에있는수호의숙에서음모름꾸미다니.', 0.2353374948803135), ([[808, 178], [1222, 178], [1222, 234], [808, 234]], '그러게 아무래도계승자와', 0.9736184322239386), ([[686, 225], [1346, 225], [1346, 287], [686, 287]], '우리글라시로의영웅들음만만히본거켓지', 0.20662244463517068), ([[1007, 313], [1788, 313], [1788, 386], [1007, 386]], '피시스가 주믿음모에되야상회생자가나라선안돼', 0.03658130543443569), ([[1081, 369], [1727, 369], [1727, 429], [1081, 429]], '그러니우리가계승지름도와직접나서요', 0.34829742140454084), ([[167, 601], [299, 601], [299, 745], [167, 745]], '콩', 0.16895837174289685), ([[232, 672], [376, 672], [376, 858], [232, 858]], '움', 0.7488649882923291), ([[568, 862], [980, 862], [980, 1038], [568, 1038]], '덮7', 0.22265839648355065), ([[1737, 861], [2021, 861], [2021, 1073], [1737, 1073]], '{', 0.007162555553763605), ([[0, 1071], [411, 1071], [411, 1328], [0, 1328]], '온목_:', 0.022805871441960335), ([[2176, 888], [2374, 888], [2374, 1269], [2176, 1269]], '퍽', 0.2673711192834425), ([[1954, 1256], [2094, 1256], [2094, 1441], [1954, 1441]], '7', 0.01838663276021979), ([[1164.9576162272515, 832.0286153359774], [1450.28780631309, 895.8467349908132], [1408.0423837727485, 1051.9713846640225], [1122.71219368691, 988.1532650091868]], '예심9', 0.0032433016646358464), ([[629.0681712853404, 1350.1249188971215], [919.3032794953702, 1328.0701547875829], [919.9318287146596, 1456.8750811028785], [629.6967205046298, 1478.9298452124171]], '연원', 0.002512478918847533), ([[1179.9098448547495, 1498.0313004726395], [1464.0626482822468, 1551.1058726657932], [1427.0901551452505, 1709.9686995273605], [1142.9373517177532, 1655.8941273342068]], '표접탓', 0.0027604086269035887)]
[([[2236, 4], [2346, 4], [2346, 80], [2236, 80]], '새3', 0.03884078960740806), ([[114, 68], [484, 68], [484, 292], [114, 292]], '혼아?', 0.030185021361191), ([[721, 113], [1267, 113], [1267, 372], [721, 372]], '넷', 0.033954349020916874), ([[165, 601], [301, 601], [301, 743], [165, 743]], '용', 0.46932365175394253), ([[565, 859], [981, 859], [981, 1039], [565, 1039]], '덮다7', 0.008179687050506904), ([[1737, 863], [2019, 863], [2019, 1073], [1737, 1073]], '{', 0.007238924240872413), ([[0, 1068], [324, 1068], [324, 1324], [0, 1324]], '스목로', 0.15797423544407832), ([[279, 1235], [383, 1235], [383, 1301], [279, 1301]], '0)', 0.09707394259702959), ([[2171, 887], [2375, 887], [2375, 1272], [2171, 1272]], '', 0.0), ([[1406.0781925006386, -46.986720227840195], [1773.6382228243697, 121.20178611194393], [1655.9218074993614, 363.9867202278402], [1288.3617771756303, 194.79821388805607]], '오체임', 0.06562799651557272), ([[1163.9460696271722, 834.0292532890971], [1450.28780631309, 896.8467349908132], [1409.0539303728278, 1051.9707467109029], [1122.71219368691, 989.1532650091868]], '소싹니', 0.006189763176878107), ([[1380.3311291629611, 1240.0139869947707], [1588.6706174230383, 1398.7701780883815], [1503.6688708370389, 1510.9860130052293], [1295.3293825769617, 1351.2298219116185]], '시', 0.00712303396444508), ([[629.0925352602195, 1350.1217750297124], [907.2104449959721, 1329.8947805798557], [906.9074647397805, 1457.8782249702876], [629.7895550040279, 1479.1052194201443]], '연', 0.03295688429389898), ([[2078.0152866389762, 1410.0323569124387], [2170.5470810252473, 1349.0099799082252], [2313.9847133610238, 1591.9676430875613], [2221.4529189747527, 1652.9900200917748]], '}', 0.05942703291773399), ([[215.93798788721148, 1437.04345222398], [286.52588497626755, 1375.0106410861915], [456.0620121127885, 1584.95654777602], [386.47411502373245, 1647.9893589138085]], '7', 0.8972700445733359), ([[1178.884281582922, 1498.032786909675], [1440.781904784748, 1545.306431278745], [1404.115718417078, 1705.967213090325], [1142.218095215252, 1657.693568721255]], '표쉽-', 0.001865607271679324)]
[([[2236, 4], [2344, 4], [2344, 80], [2236, 80]], '새-3', 0.03125287045115968), ([[46, 14], [214, 14], [214, 138], [46, 138]], ']', 0.011171686974421391), ([[1007, 43], [1167, 43], [1167, 157], [1007, 157]], '따뼈', 0.00990847635988022), ([[15, 150], [241, 150], [241, 287], [15, 287]], '하이이', 0.00863316366597145), ([[1992, 171], [2176, 171], [2176, 260], [1992, 260]], '3해', 0.07997630976992405), ([[172, 604], [298, 604], [298, 742], [172, 742]], '8', 0.1777479036370302), ([[566, 862], [978, 862], [978, 1038], [566, 1038]], '덮 7', 0.029322255089642264), ([[1741, 867], [2019, 867], [2019, 1073], [1741, 1073]], '몸대', 0.04183442780993547), ([[0, 1066], [320, 1066], [320, 1321], [0, 1321]], '스목로', 0.04359223693609238), ([[281, 1233], [381, 1233], [381, 1301], [281, 1301]], '애)', 0.02124938627511444), ([[2175, 885], [2379, 885], [2379, 1277], [2175, 1277]], '명', 0.017466846692354432), ([[225, 1382], [369, 1382], [369, 1485], [225, 1485]], '색바', 0.000874635853983057), ([[127, 1495], [267, 1495], [267, 1633], [127, 1633]], '8)', 0.12009536127035692), ([[1972.0939978838462, -22.96262560546171], [2126.860634084044, 32.25454095077869], [2091.906002116154, 119.96262560546171], [1937.1393659159562, 62.74545904922131]], '안5', 0.2176333278865743), ([[209.92040876190137, 39.04490514281657], [447.52954456330457, 76.53438129100087], [424.0795912380986, 184.95509485718344], [187.47045543669543, 148.46561870899913]], '온오다', 0.11149139832546338), ([[733.8052543811901, 91.17310260149752], [1014.2266957299797, 60.18032907491169], [1019.1947456188099, 181.82689739850247], [738.7733042700203, 213.8196709250883]], '조진적.', 0.07281889021396637), ([[1984.8449914182543, 83.06692619698747], [2118.065364062817, 101.778723604337], [2103.1550085817457, 188.93307380301255], [1968.9346359371827, 171.22127639566298]], '온쪽0', 0.11673896680689697), ([[2114.995138386607, 109.04214680061975], [2349.7270163966923, 152.4549879309306], [2326.004861613393, 251.95785319938025], [2091.2729836033077, 208.5450120690694]], '선멋다', 0.020533671380468188), ([[803.233031891709, 218.6466063783418], [1133.3376115065437, 131.90625005930053], [1157.766968108291, 225.3533936216582], [827.6623884934563, 312.09374994069947]], '만꺼4오고이트', 0.09070861601532841), ([[811.1100137799586, 308.97602204793384], [1126.4141303908928, 205.21887616076685], [1155.8899862200412, 315.02397795206616], [840.5858696091071, 418.78112383923315]], '(슈퍼버터넷', 0.008159823787159775), ([[6.702902240537811, 256.1101833015932], [427.55060461757967, 207.60352268376562], [434.2970977594622, 407.8898166984068], [13.449395382420342, 457.3964773162344]], '@웨미화다', 0.0008581637339488624), ([[2047.1450354001452, 233.03049560203118], [2344.958822649037, 302.0067423048973], [2317.854964599855, 396.9695043979688], [2020.0411773509632, 328.9932576951027]], '{#아아야다', 0.004050921485298364), ([[1163.9342647639987, 834.0299127991792], [1449.2449415988813, 894.6969719920207], [1409.0657352360013, 1049.970087200821], [1123.7550584011187, 989.3030280079793]], '예심9', 0.011166786042696731), ([[1354.1337797496776, 1193.0220830936792], [1686.8972180933838, 1287.1334468385216], [1641.8662202503224, 1422.9779169063208], [1309.1027819066162, 1328.8665531614784]], '뱃0항광', 8.68495408212766e-05), ([[2158.2138050562867, 1293.0181892157968], [2422.9984267999225, 1415.768728887076], [2358.7861949437133, 1542.9818107842032], [2095.0015732000775, 1420.231271112924]], '국', 0.010432665231320526), ([[624.9364744308797, 1357.1426159023338], [881.6340710099226, 1327.9141945536494], [888.0635255691203, 1458.8573840976662], [631.3659289900774, 1488.0858054463506]], '오', 0.16520984229952607), ([[1176.8710458403, 1498.0335701170384], [1439.603599832671, 1540.8506452786853], [1406.1289541597, 1703.9664298829616], [1143.396400167329, 1661.1493547213147]], '있럼-', 0.004244098842550926)]
[([[2236, 4], [2346, 4], [2346, 80], [2236, 80]], '새-3', 0.028214516001055488), ([[811, 174], [1261, 174], [1261, 395], [811, 395]], '오유 ?', 0.0887790415009129), ([[1871, 733], [2127, 733], [2127, 915], [1871, 915]], '꿀정', 0.009956133020435382), ([[276, 861], [562, 861], [562, 1020], [276, 1020]], '`물2', 0.002849628552428612), ([[1418, 1074], [1570, 1074], [1570, 1238], [1418, 1238]], '꿈물', 0.045843320330520305), ([[187, 1325], [559, 1325], [559, 1387], [187, 1387]], '건-거짓말-0내혼이', 0.17066928424293992), ([[663, 1221], [910, 1221], [910, 1417], [663, 1417]], '@량', 0.11290485596297864), ([[1942, 1288], [2382, 1288], [2382, 1414], [1942, 1414]], '알콤콤품출운문하  이)', 0.0005891161434016808), ([[69, 1373], [579, 1373], [579, 1439], [69, 1439]], '내몸도저런꼴지마운모습으로 `', 0.03381410487999355), ([[1321, 1379], [1757, 1379], [1757, 1441], [1321, 1441]], "'뒤가어떻게된 어저축등", 0.015950409001844957), ([[335, 1459], [520, 1459], [520, 1561], [335, 1561]], '옛페아규?', 0.0006144858034549638), ([[634, 1418], [948, 1418], [948, 1542], [634, 1542]], '똑몸', 0.0037679281931071234), ([[1260, 1427], [1769, 1427], [1769, 1496], [1260, 1496]], '당교있튼중중한롭이설마내몸?', 0.035216119663402726), ([[2127, 1503], [2333, 1503], [2333, 1620], [2127, 1620]], '@다[', 0.0020408259164681085), ([[38.09585101731659, 167.10099956277597], [339.35340569549857, 140.60463233559045], [341.9041489826834, 296.899000437224], [40.64659430450145, 323.39536766440955]], '아; ?', 0.2636067569255829), ([[2074.048697011691, 239.02263724551125], [2390.5499404863426, 324.7810158828865], [2338.951302988309, 488.97736275448875], [2022.4500595136572, 404.2189841171135]], '옷7', 0.7395541365078466), ([[253.86229088846406, 643.0540543288726], [435.2590431275111, 669.8486209697445], [415.13770911153597, 771.9459456711274], [233.7409568724889, 744.1513790302555]], '{', 0.10379060242939886), ([[1143.0142219950064, 944.0303963191045], [1243.5690348053115, 884.0101219707484], [1376.9857780049936, 1137.9696036808955], [1276.4309651946885, 1196.9898780292517]], '몸', 0.13448805460602475), ([[687.8991665341539, 936.0379147452322], [870.8929714459381, 981.1519745631133], [834.1008334658461, 1112.9620852547678], [650.1070285540619, 1067.8480254368867]], '압님', 0.0017654498431296185), ([[2094.8210212444014, 1069.1323742040906], [2327.274573225654, 1028.8432855722958], [2344.1789787555986, 1186.8676257959094], [2110.725426774346, 1227.1567144277042]], '(약', 0.2745067123132139), ([[1667.9718228088652, 1171.0251853008513], [2164.5954079404614, 1240.8976626460058], [2128.0281771911345, 1416.9748146991487], [1631.4045920595386, 1347.1023373539942]], '딱와{물', 0.00026192900259047747), ([[24.259441378041316, 1444.0689613633206], [230.5119915903535, 1418.4651247334155], [243.74055862195868, 1613.9310386366794], [36.488008409646525, 1639.5348752665845]], '및', 0.20573751274973606), ([[563.1303028434654, 1539.0421192876934], [673.8410470978023, 1586.31599102899], [640.8696971565346, 1659.9578807123066], [530.1589529021977, 1613.68400897101]], '으%', 0.007000017552696055)]
[([[2236, 4], [2346, 4], [2346, 80], [2236, 80]], '새-3', 0.021276236276522125), ([[1446.5800623798102, 1090.088848365419], [1899.0366071332498, 1008.5019000082494], [1927.4199376201898, 1291.911151634581], [1473.9633928667502, 1373.4980999917505]], '1)', 0.16243094993395069)]
