2581844
20
[([[907, 33], [1015, 33], [1015, 71], [907, 71]], '이렇게나', 0.8541358709335327), ([[903, 67], [1017, 67], [1017, 105], [903, 105]], '큰 가슴을', 0.2688743514709879), ([[879, 103], [1043, 103], [1043, 141], [879, 141]], '달고 싸우기논', 0.48497818741021276), ([[27, 111], [147, 111], [147, 171], [27, 171]], '어쩌지 ', 0.8015232682228088), ([[137, 143], [161, 143], [161, 161], [137, 161]], '0', 0.46654546416044695), ([[907, 139], [1019, 139], [1019, 177], [907, 177]], '힘드데:  `', 0.20118907401493402), ([[43, 205], [133, 205], [133, 247], [43, 247]], '가슴이', 0.9632510542869568), ([[55, 243], [119, 243], [119, 283], [55, 283]], '점점', 0.9999490869866166), ([[45, 281], [131, 281], [131, 317], [45, 317]], '커지네', 0.9984126395516452), ([[983, 339], [1027, 339], [1027, 417], [983, 417]], '물', 0.9999063036932654), ([[574, 346], [622, 346], [622, 488], [574, 488]], '축', 0.010754012351541997), ([[974, 428], [1022, 428], [1022, 490], [974, 490]], '경', 0.15957768687462703), ([[628, 588], [682, 588], [682, 620], [628, 620]], '오늘', 0.7811065316200256), ([[614, 622], [694, 622], [694, 654], [614, 654]], '너에게', 0.9418308780431648), ([[603, 655], [707, 655], [707, 691], [603, 691]], '도전하러', 0.993172287940979), ([[621, 691], [685, 691], [685, 727], [621, 727]], '앉다.', 0.14903605024253708), ([[646, 804], [727, 804], [727, 844], [646, 844]], '나만의', 0.9999004789682105), ([[619, 841], [757, 841], [757, 877], [619, 877]], '엄청난 힘을', 0.3104067789758742), ([[485, 881], [525, 881], [525, 919], [485, 919]], '오', 0.9999973773973494), ([[635, 877], [743, 877], [743, 913], [635, 913]], '보여주마', 0.999870240688324), ([[503, 1025], [591, 1025], [591, 1061], [503, 1061]], '나에게', 0.9003487653114475), ([[475, 1061], [617, 1061], [617, 1101], [475, 1101]], '도전하다니', 0.9997847766615529), ([[481, 1099], [611, 1099], [611, 1139], [481, 1139]], '용감하군!', 0.9527086704867664), ([[696, 1134], [822, 1134], [822, 1190], [696, 1190]], '와라! !', 0.5152546518465884), ([[857, 1255], [921, 1255], [921, 1297], [857, 1297]], '전부', 0.9999701601616544), ([[821, 1295], [959, 1295], [959, 1339], [821, 1339]], '받아주지!', 0.9994707017785354), ([[148, 1406], [314, 1406], [314, 1494], [148, 1494]], '3', 0.00546238713250885)]
[([[75, 77], [171, 77], [171, 119], [75, 119]], '오늘도', 0.3770219507138601), ([[91, 119], [155, 119], [155, 161], [91, 161]], '많이', 0.9989128687618157), ([[67, 163], [181, 163], [181, 203], [67, 203]], '오/네~', 0.2579377875439551), ([[585, 277], [669, 277], [669, 313], [585, 313]], '하지만', 0.9999351666460607), ([[545, 311], [707, 311], [707, 347], [545, 347]], '아이가 나오니', 0.8207102665528282), ([[545, 347], [709, 347], [709, 385], [545, 385]], '당분간 도전은', 0.9661496603021901), ([[553, 383], [701, 383], [701, 419], [553, 419]], '받지않아요~', 0.9921326304536989), ([[745, 409], [833, 409], [833, 445], [745, 445]], '그래도', 0.9999522352451364), ([[699, 445], [879, 445], [879, 485], [699, 485]], '다들 오섞으니', 0.28765575199225984), ([[743, 483], [833, 483], [833, 525], [743, 525]], '예약은', 0.9579710244108162), ([[719, 523], [861, 523], [861, 563], [719, 563]], '받아줄께요', 0.782465748891621), ([[67, 1173], [191, 1173], [191, 1215], [67, 1215]], '무도가들', 0.9987456202507019), ([[877, 1159], [1003, 1159], [1003, 1203], [877, 1203]], '매일같이', 0.9918429255485535), ([[81, 1215], [177, 1215], [177, 1255], [81, 1255]], '사이에', 0.994285063490496), ([[893, 1203], [987, 1203], [987, 1243], [893, 1243]], '도전올', 0.9965710067495193), ([[83, 1257], [177, 1257], [177, 1299], [83, 1299]], '란마에', 0.5846735932060442), ([[889, 1243], [991, 1243], [991, 1285], [889, 1285]], '받게 된', 0.9272070892076767), ([[97, 1299], [163, 1299], [163, 1339], [97, 1339]], '대한', 0.9999959539049404), ([[907, 1285], [973, 1285], [973, 1327], [907, 1327]], '란마', 0.5163627314107561), ([[81, 1341], [177, 1341], [177, 1381], [81, 1381]], '소문이', 0.9997443175898613), ([[67, 1381], [193, 1381], [193, 1423], [67, 1423]], '퍼지면서', 0.9968316555023193), ([[618, 1381], [1067, 1381], [1067, 1486], [618, 1486]], '숨료)0구', 0.002352298254724932)]
[]
[]
[]
[]
[]
[([[133, 0], [213, 0], [213, 33], [133, 33]], "('", 0.6755731675801556)]
[]
[]
[]
[([[429, 59], [519, 59], [519, 97], [429, 97]], '그런데', 0.9999821053874435), ([[397, 95], [551, 95], [551, 135], [397, 135]], '갑자기 옷은', 0.9545589518362948), ([[389, 133], [559, 133], [559, 175], [389, 175]], '왜 벗은거지?', 0.8898053532590983), ([[457, 253], [607, 253], [607, 293], [457, 293]], '남자 알몸올', 0.800394734855282), ([[920, 238], [1010, 238], [1010, 288], [920, 288]], '흐흐', 0.3970531370867739), ([[457, 291], [607, 291], [607, 333], [457, 333]], '보는 취미는', 0.7572268698876373), ([[443, 329], [625, 329], [625, 371], [443, 371]], '없어서 말이야', 0.975957757603064), ([[815, 417], [949, 417], [949, 461], [815, 461]], '나의 힘은', 0.9983994440861426), ([[801, 459], [963, 459], [963, 501], [801, 501]], '고간에 전부', 0.9949805569720567), ([[819, 501], [945, 501], [945, 543], [819, 543]], '모여있다', 0.999238908290863), ([[791, 659], [987, 659], [987, 703], [791, 703]], '이걸로 수많은', 0.8170903981350071), ([[449, 681], [489, 681], [489, 725], [449, 725]], '뭐', 0.9999973773973494), ([[777, 699], [999, 699], [999, 743], [777, 743]], '암컷 무도가들올', 0.8382469307443341), ([[811, 743], [945, 743], [945, 785], [811, 785]], '이겨앉다.', 0.21496743375989966), ([[462, 772], [570, 772], [570, 820], [462, 820]], '뛰야! !', 0.44817739579430155), ([[646, 771], [875, 771], [875, 927], [646, 927]], '쏟음드', 0.04575822996334312), ([[515, 1071], [557, 1071], [557, 1107], [515, 1107]], '고.', 0.9745598183622678), ([[491, 1111], [561, 1111], [561, 1149], [491, 1149]], '고추.', 0.9992558268094349), ([[576, 1114], [600, 1114], [600, 1142], [576, 1142]], '?', 0.9998971250290687), ([[553, 1289], [635, 1289], [635, 1325], [553, 1325]], '나한데', 0.41230863265066126), ([[565, 1325], [621, 1325], [621, 1361], [565, 1361]], '이놈', 0.10412636128522182), ([[766, 1330], [820, 1330], [820, 1362], [766, 1362]], '이거', 0.9999259066443098), ([[527, 1359], [659, 1359], [659, 1397], [527, 1397]], '상대하라는', 0.9854313205067008), ([[735, 1363], [849, 1363], [849, 1399], [735, 1399]], '완전 변태', 0.9725285513540621), ([[545, 1393], [641, 1393], [641, 1432], [545, 1432]], '거야 .?', 0.8982118904677576), ([[721, 1399], [865, 1399], [865, 1435], [721, 1435]], '자식이없네!', 0.853656207241714)]
[]
[([[635, 49], [705, 49], [705, 93], [635, 93]], '어절', 0.7786896926227133), ([[743, 49], [845, 49], [845, 93], [743, 93]], '없나:.', 0.7188540697097778), ([[35, 85], [89, 85], [89, 125], [35, 125]], '야!', 0.9487281152236758), ([[491, 75], [587, 75], [587, 111], [491, 111]], '무섭나?', 0.9993303418159485), ([[818, 95], [1048, 95], [1048, 148], [818, 148]], '이미 결투신청올', 0.8632314557648162), ([[547, 161], [627, 161], [627, 197], [547, 197]], '결투릎', 0.2142277866517501), ([[839, 137], [1026, 137], [1026, 189], [839, 189]], '받아버럿으니', 0.3330526240314732), ([[535, 197], [641, 197], [641, 233], [535, 233]], '승낙하고', 0.8446959853172302), ([[42, 218], [96, 218], [96, 250], [42, 250]], '저리', 0.9999983984201323), ([[545, 233], [627, 233], [627, 269], [545, 269]], '피하는', 0.9551442313848447), ([[25, 251], [115, 251], [115, 287], [25, 287]], '치위! ! !', 0.7816868128992983), ([[539, 267], [625, 267], [625, 303], [539, 303]], '것인가.', 0.9634723663330078), ([[38, 396], [128, 396], [128, 428], [38, 428]], '더러워!', 0.9602543115615845), ([[800, 490], [1026, 490], [1026, 538], [800, 538]], '어떤 방식으로든_', 0.4341194584732147), ([[800, 530], [1028, 530], [1028, 584], [800, 584]], '승분들 내아켓네', 0.13390978192451516), ([[495, 727], [561, 727], [561, 767], [495, 767]], '좋아', 0.9577927701213926), ([[437, 819], [587, 819], [587, 861], [437, 861]], '내 가슴으로', 0.7336535311977419), ([[405, 857], [619, 857], [619, 899], [405, 899]], '이 홍촉한 고추름', 0.34953313656548135), ([[442, 894], [587, 894], [587, 937], [442, 937]], '만족시키면', 0.9990410224966787), ([[437, 935], [587, 935], [587, 975], [437, 975]], '내가 이기논', 0.595423576709146), ([[451, 975], [575, 975], [575, 1013], [451, 1013]], '걸로 하자', 0.8992181967355737), ([[879, 1085], [941, 1085], [941, 1125], [879, 1125]], '좋다', 0.9994764077113374), ([[895, 1205], [989, 1205], [989, 1247], [895, 1247]], '니 놈의', 0.8978984074913351), ([[837, 1243], [1045, 1243], [1045, 1285], [837, 1285]], '커다란 가슴으로', 0.9290509739098187), ([[865, 1281], [1019, 1281], [1019, 1323], [865, 1323]], '맘껏 해화라', 0.382445722098996), ([[476, 1402], [612, 1402], [612, 1498], [476, 1498]], "'젓움", 0.1314546418571621)]
[([[43, 103], [117, 103], [117, 145], [43, 145]], '우와.', 0.5757116307084116), ([[662, 92], [770, 92], [770, 146], [662, 146]], '8아', 0.09520011234349723), ([[529, 127], [595, 127], [595, 169], [529, 169]], '엄청', 0.9882561877617799), ([[513, 169], [613, 169], [613, 213], [513, 213]], "'뜨겁고", 0.9672397971153259), ([[501, 211], [627, 211], [627, 253], [501, 253]], '단단하네', 0.7696455026485559), ([[45, 273], [183, 273], [183, 317], [45, 317]], '내 것보다', 0.6517038559663433), ([[947, 269], [1045, 269], [1045, 313], [947, 313]], '조금만', 0.9998383994392753), ([[35, 315], [193, 315], [193, 359], [35, 359]], '훨씬 크고..', 0.7005478939337371), ([[927, 311], [1061, 311], [1061, 353], [927, 353]], '힘흘 뼈면', 0.34105563980660564), ([[941, 351], [1047, 351], [1047, 395], [941, 395]], '고추가', 0.9999206446025802), ([[170, 374], [262, 374], [262, 452], [170, 452]], '불꾸_', 0.12543370956085156), ([[926, 392], [1058, 392], [1058, 440], [926, 440]], '가슴에서', 0.7700549364089966), ([[410, 418], [506, 418], [506, 496], [410, 496]], '불{', 0.3234196447205756), ([[920, 434], [1066, 434], [1066, 482], [920, 482]], '빠지켓어!', 0.9145924263411266), ([[239, 813], [421, 813], [421, 971], [239, 971]], '꽤', 0.21734087837934624), ([[528, 894], [584, 894], [584, 924], [528, 924]], '으아', 0.9925315126098606), ([[855, 879], [994, 879], [994, 919], [855, 919]], '정액 범먹이', 0.547754654323249), ([[869, 917], [977, 917], [977, 953], [869, 953]], '돼버로어', 0.7953198552131653), ([[525, 979], [605, 979], [605, 1017], [525, 1017]], '갑자기', 0.9996640013972541), ([[919, 995], [1001, 995], [1001, 1031], [919, 1031]], '더러워', 0.9934828734546302), ([[525, 1015], [607, 1015], [607, 1051], [525, 1051]], '이렇게', 0.7953889980134279), ([[526, 1052], [604, 1052], [604, 1084], [526, 1084]], '싸다니', 0.9996712277545133), ([[890, 1138], [982, 1138], [982, 1212], [890, 1212]], '흥권', 0.34566063642395456), ([[518, 1230], [612, 1230], [612, 1306], [518, 1306]], '흥권', 0.702182272357397), ([[0, 1349], [418, 1349], [418, 1499], [0, 1499]], '은요이}-입딩', 0.0017181970629180272), ([[973.0446053670523, 92.07655327572412], [1081.7848930059433, 112.40782761304312], [1069.9553946329477, 165.9234467242759], [961.2151069940567, 145.5921723869569]], '하아', 0.1205977718789129)]
[([[731, 13], [811, 13], [811, 53], [731, 53]], '하아', 0.7235563988173793), ([[240, 34], [348, 34], [348, 82], [240, 82]], '잠깐! !', 0.6597202173262684), ([[875, 71], [971, 71], [971, 113], [875, 113]], '엉덩이', 0.9994186535155682), ([[9, 109], [89, 109], [89, 147], [9, 147]], '하아', 0.6299793957224009), ([[875, 113], [971, 113], [971, 155], [875, 155]], '구멍이', 0.9960581662793865), ([[312, 124], [392, 124], [392, 174], [312, 174]], '하약', 0.20099301273690603), ([[77, 151], [173, 151], [173, 193], [77, 193]], '어디에', 0.9993471497187394), ([[861, 153], [985, 153], [985, 197], [861, 197]], '망가져! !', 0.6246275378874279), ([[61, 189], [191, 189], [191, 238], [61, 238]], '넣느거야', 0.7292191982269287), ([[975, 191], [1051, 191], [1051, 235], [975, 235]], '싹악', 0.043311655643042755), ([[40, 326], [92, 326], [92, 354], [40, 354]], '빼! !', 0.5475525772425353), ([[908, 318], [1000, 318], [1000, 350], [908, 350]], '찢어저!', 0.9919703285280693), ([[15, 357], [119, 357], [119, 393], [15, 393]], '빼라고! !', 0.7076912944891574), ([[9, 425], [94, 425], [94, 464], [9, 464]], '하안', 0.4410041186851098), ([[975, 491], [1060, 491], [1060, 530], [975, 530]], '아아', 0.9977028430800472), ([[939, 603], [981, 603], [981, 645], [939, 645]], '왜', 0.9995652909742638), ([[892, 647], [1034, 647], [1034, 697], [892, 697]], '남자한터', 0.6148119568824768), ([[83, 709], [165, 709], [165, 747], [83, 747]], '대결은', 0.9992992515047998), ([[296, 680], [348, 680], [348, 754], [296, 754]], '품', 0.9560979915251124), ([[889, 695], [1034, 695], [1034, 749], [889, 749]], '박논건데', 0.6287554502487183), ([[65, 743], [183, 743], [183, 781], [65, 781]], '끝잖아!', 0.4193931221961975), ([[888, 745], [1036, 745], [1036, 793], [888, 793]], '에에에에', 0.9990781545639038), ([[98, 784], [148, 784], [148, 808], [98, 808]], '!! ! !', 0.6412570124500065), ([[662, 764], [780, 764], [780, 860], [662, 860]], '품움', 0.05076085566993568), ([[72, 824], [294, 824], [294, 992], [72, 992]], '푹품', 0.16856133451974092), ([[823, 833], [889, 833], [889, 919], [823, 919]], '품', 0.8862174472233733), ([[300, 1000], [432, 1000], [432, 1048], [300, 1048]], '여자같은', 0.7452677213617468), ([[541, 1008], [737, 1008], [737, 1053], [541, 1053]], '엉덩이 안에도', 0.5979581073753989), ([[244, 1040], [488, 1040], [488, 1090], [244, 1090]], '목소리가 나와!', 0.2817752657499285), ([[561, 1049], [691, 1049], [691, 1093], [561, 1093]], '싸고있어', 0.9480067491531372), ([[913, 1137], [1003, 1137], [1003, 1205], [913, 1205]], '곱음', 0.003127381720569434), ([[563, 1239], [665, 1239], [665, 1281], [563, 1281]], '그래도', 0.9999723321940842), ([[345, 1267], [385, 1267], [385, 1315], [345, 1315]], '크', 0.9620202665993283), ([[383, 1257], [419, 1257], [419, 1327], [383, 1327]], '옷', 0.5335613449774179), ([[549, 1281], [681, 1281], [681, 1325], [549, 1325]], '다행이야', 0.9973931908607483), ([[912, 1337], [1016, 1337], [1016, 1385], [912, 1385]], '임신올', 0.5383024215698242), ([[910, 1380], [1016, 1380], [1016, 1428], [910, 1428]], '하지늄', 0.09953603570588221), ([[900, 1420], [1027, 1420], [1027, 1472], [900, 1472]], '양젠어노', 0.016613973304629326)]
[([[49, 53], [131, 53], [131, 89], [49, 89]], '나한테', 0.47035676037118396), ([[33, 87], [147, 87], [147, 125], [33, 125]], '이딴 짓을', 0.36585350579724846), ([[25, 123], [157, 123], [157, 159], [25, 159]], '저지르다니', 0.9996302197932729), ([[531, 121], [611, 121], [611, 157], [531, 157]], '남자로', 0.9996189916724479), ([[519, 157], [625, 157], [625, 193], [519, 193]], '돌아가면', 0.9999713897705078), ([[500, 188], [643, 188], [643, 229], [500, 229]], '복수하켓어!', 0.9967083089438608), ([[11, 215], [97, 215], [97, 251], [11, 251]], '반드시.', 0.9438295960426331), ([[594, 360], [688, 360], [688, 436], [594, 436]], "'홍제", 0.049157928015608636), ([[709, 373], [815, 373], [815, 409], [709, 409]], '그렇계는', 0.21392316608749395), ([[721, 407], [805, 407], [805, 443], [721, 443]], '안되다', 0.735218827164358), ([[775, 463], [939, 463], [939, 501], [775, 501]], '너같은 여자는', 0.7450981563715388), ([[63, 479], [161, 479], [161, 523], [63, 523]], "'이따걸", 0.19287122786045074), ([[749, 499], [963, 499], [963, 535], [749, 535]], '나의 전용구멍으로', 0.950734279263443), ([[51, 521], [177, 521], [177, 565], [51, 565]], '엉덩이에', 0.9916391968727112), ([[777, 535], [937, 535], [937, 571], [777, 571]], '살아가야한다', 0.6046007455597265), ([[17, 559], [208, 559], [208, 611], [17, 611]], '박아버리다니', 0.9987537463352829), ([[122, 638], [328, 638], [328, 686], [122, 686]], '체 정신이야??', 0.8192125203410824), ([[644, 656], [808, 656], [808, 706], [644, 706]], '아안돼!!', 0.6969633137633514), ([[23, 779], [129, 779], [129, 815], [23, 815]], '처음으로', 0.9996780157089233), ([[21, 815], [133, 815], [133, 851], [21, 851]], '맘에 드는', 0.7469369382576838), ([[465, 833], [575, 833], [575, 869], [465, 869]], '임신해라,', 0.9944180428106573), ([[23, 849], [133, 849], [133, 885], [23, 885]], '여자니까', 0.9989157915115356), ([[493, 867], [554, 867], [554, 904], [493, 904]], '여자', 0.9999616465832794), ([[68, 968], [120, 968], [120, 1000], [68, 1000]], '나의', 0.9996606504427736), ([[54, 1004], [132, 1004], [132, 1036], [54, 1036]], '아이틀', 0.769625377908324), ([[788, 980], [1046, 980], [1046, 1030], [788, 1030]], '전부 들어갈리가.9', 0.34026130927218834), ([[55, 1037], [137, 1037], [137, 1073], [55, 1073]], '낳아야', 0.997821095998159), ([[68, 1074], [124, 1074], [124, 1106], [68, 1106]], '한다', 0.9984720131199781), ([[748, 1082], [1000, 1082], [1000, 1130], [748, 1130]], '전부 들어갖어! ! ! !', 0.8022173773652141), ([[58, 1164], [106, 1164], [106, 1212], [58, 1212]], '곧', 0.024781007745231287), ([[446, 1258], [528, 1258], [528, 1308], [446, 1308]], '잠깐.', 0.9334570223216907), ([[420, 1308], [568, 1308], [568, 1356], [420, 1356]], '거기능...', 0.2847427078626891), ([[767, 1386], [936, 1386], [936, 1500], [767, 1500]], '몸울', 0.02431255605881514)]
[([[179, 33], [277, 33], [277, 77], [179, 77]], '안쪽에', 0.9241293068592151), ([[149, 75], [285, 75], [285, 119], [149, 119]], '뜨거운게:', 0.4702497271060113), ([[340, 56], [558, 56], [558, 112], [340, 112]], '아까 엉덩이', 0.6694989829767091), ([[361, 109], [535, 109], [535, 169], [361, 169]], '구멍과는', 0.9366189241409302), ([[828, 106], [1028, 106], [1028, 154], [828, 154]], '홍촉한 고추가', 0.2737482398327071), ([[871, 151], [979, 151], [979, 193], [871, 193]], '배 안에', 0.9713609607311733), ([[329, 163], [567, 163], [567, 225], [329, 225]], '차원이 달라!', 0.9651688007921576), ([[840, 190], [1014, 190], [1014, 238], [840, 238]], '날뛰고있어!', 0.9079065245988441), ([[505, 249], [643, 249], [643, 291], [505, 291]], '뛰야 이거', 0.8366743146847395), ([[707, 207], [830, 207], [830, 296], [707, 296]], '어품욕', 0.060947365229017454), ([[499, 299], [695, 299], [695, 341], [499, 341]], '허리가 멋대로', 0.9016376991362934), ([[39, 360], [239, 360], [239, 405], [39, 405]], '분명 괴로운데.', 0.9874064959614749), ([[1007, 327], [1067, 327], [1067, 427], [1007, 427]], '품', 0.991860569160977), ([[677, 389], [721, 389], [721, 457], [677, 457]], '푹', 0.9998310875701613), ([[6, 494], [196, 494], [196, 544], [6, 544]], '@사양 조금만', 0.09559253642769948), ([[91, 537], [159, 537], [159, 579], [91, 579]], '살살', 0.997592915652037), ([[169, 585], [254, 585], [254, 623], [169, 623]], '아인', 0.6425297112188704), ([[774, 620], [848, 620], [848, 650], [774, 650]], '아 0', 0.2785763144493103), ([[950, 621], [1029, 621], [1029, 654], [950, 654]], '아아', 0.9734098244207702), ([[131, 645], [259, 645], [259, 687], [131, 687]], '상낭하게', 0.3967183530330658), ([[117, 687], [271, 687], [271, 729], [117, 729]], '해달라고! !', 0.9425298543064002), ([[54, 814], [328, 814], [328, 870], [54, 870]], '나 유슨 소리틀', 0.0901715887598131), ([[855, 809], [933, 809], [933, 853], [855, 853]], '내내가', 0.3573852192255083), ([[105, 861], [283, 861], [283, 921], [105, 921]], "'하느거지? ", 0.40658359934673044), ([[393, 841], [675, 841], [675, 901], [393, 901]], '상낭하게 라니!', 0.5715006839455218), ([[782, 851], [988, 851], [988, 908], [782, 908]], '이상해저가 .', 0.5038184579390989), ([[540, 1212], [668, 1212], [668, 1312], [540, 1312]], '으음', 0.31672168195075956), ([[388, 1360], [614, 1360], [614, 1414], [388, 1414]], '무슨 여자같은', 0.6172529176230082), ([[342, 1408], [660, 1408], [660, 1462], [342, 1462]], '말을 하느거야 ..???', 0.5639123374595862), ([[632.4100031799904, 259.45600508798475], [682.3092738811802, 251.08499239121642], [686.5899968200096, 280.54399491201525], [636.6907261188198, 288.9150076087836]], '...?', 0.4500429630279541)]
[([[256, 52], [288, 52], [288, 82], [256, 82]], '드', 0.9997401406326958), ([[819, 53], [889, 53], [889, 95], [819, 95]], '배가', 0.9998600753303822), ([[231, 85], [325, 85], [325, 123], [231, 123]], '들어와!', 0.9928083419799805), ([[807, 97], [877, 97], [877, 139], [807, 139]], '터저.', 0.9124926736309296), ([[1010, 74], [1062, 74], [1062, 130], [1010, 130]], '칼', 0.9193617107223737), ([[112, 248], [224, 248], [224, 296], [112, 296]], '자궁에', 0.7418954649632983), ([[68, 296], [272, 296], [272, 344], [68, 344]], '사정하지마~', 0.9975197738894259), ([[701, 395], [743, 395], [743, 439], [701, 439]], '앗', 0.3881808724529492), ([[1010, 372], [1060, 372], [1060, 436], [1010, 436]], '활', 0.1719589620464923), ([[68, 442], [182, 442], [182, 490], [68, 490]], '여자가', 0.9999173410136957), ([[700, 442], [776, 442], [776, 490], [700, 490]], '안돼', 0.6607410036115585), ([[40, 490], [206, 490], [206, 538], [40, 538]], '돼버려~! !', 0.9790133037066838), ([[752, 594], [784, 594], [784, 632], [752, 632]], '싫', 0.2656887647329462), ([[741, 633], [781, 633], [781, 671], [741, 671]], '어', 0.9999486214561593), ([[725, 760], [1075, 760], [1075, 916], [725, 916]], '꽤영', 0.04954962633614806), ([[589, 879], [679, 879], [679, 969], [589, 969]], '평', 0.9786876261969155), ([[833, 1193], [973, 1193], [973, 1235], [833, 1235]], '너의 보지,', 0.9913973953935938), ([[837, 1235], [973, 1235], [973, 1279], [837, 1279]], '기분 좋다', 0.9949431532432839), ([[686, 1190], [738, 1190], [738, 1388], [686, 1388]], '유', 0.04011629677622697), ([[306, 1382], [404, 1382], [404, 1456], [306, 1456]], '흥권', 0.3585035925163984), ([[558, 1356], [652, 1356], [652, 1428], [558, 1428]], '흥권', 0.308729938996917), ([[851, 1381], [983, 1381], [983, 1423], [851, 1423]], '내일 다시', 0.9301736377878481), ([[841, 1421], [997, 1421], [997, 1465], [841, 1465]], '넣어주켓다', 0.18271805918269457)]
[([[57, 51], [165, 51], [165, 93], [57, 93]], '그 뒤로', 0.9855893004892313), ([[652, 62], [704, 62], [704, 94], [652, 94]], '나의', 0.9996956290288954), ([[47, 91], [181, 91], [181, 135], [47, 135]], '이 녀석과', 0.9139351642387444), ([[240, 96], [352, 96], [352, 148], [240, 148]], '안때', 0.27124415641356914), ([[609, 95], [747, 95], [747, 133], [609, 133]], '모든 구멍올', 0.6067698840812511), ([[51, 133], [175, 133], [175, 177], [51, 177]], '매일같이', 0.9986154437065125), ([[626, 132], [732, 132], [732, 164], [626, 164]], '범해지고', 0.9996971487998962), ([[65, 175], [161, 175], [161, 217], [65, 217]], '석스틀', 0.15155879744707382), ([[612, 162], [745, 162], [745, 204], [612, 204]], '더럽혀젓다', 0.232756443955358), ([[51, 217], [179, 217], [179, 259], [51, 259]], '해버로다', 0.37322795391082764), ([[309, 621], [447, 621], [447, 657], [309, 657]], '여자의 몸에', 0.9778735595180617), ([[449, 589], [568, 589], [568, 644], [449, 644]], "_아'", 0.15577810823746616), ([[206, 650], [274, 650], [274, 700], [206, 700]], '오올', 0.24972045515164704), ([[297, 655], [459, 655], [459, 693], [297, 693]], '익숙해질 때좀', 0.4017157299748283), ([[533, 657], [639, 657], [639, 710], [533, 710]], '하아', 0.9054661431623132), ([[406, 706], [462, 706], [462, 738], [406, 738]], '배가', 0.9993625462939519), ([[379, 739], [487, 739], [487, 775], [379, 775]], '커지면서', 0.9969894886016846), ([[25, 1389], [287, 1389], [287, 1433], [25, 1433]], '뱃속에서 새 생명이', 0.7634129323138992), ([[29, 1431], [285, 1431], [285, 1475], [29, 1475]], '자라나기 시작있다', 0.4488969396819968), ([[798.8669156380993, 23.107961318116118], [875.4769095113695, 35.54980363965048], [866.1330843619007, 86.89203868188389], [788.5230904886305, 74.45019636034952]], '움', 0.22260173561234353)]
