2581517
22
[([[145, 201], [185, 201], [185, 243], [145, 243]], '말', 0.999685431427114), ([[205, 201], [365, 201], [365, 245], [205, 245]], '말도 안돼 .', 0.4547893011850059), ([[197, 375], [431, 375], [431, 417], [197, 417]], '내가 .. 또 젊어?..', 0.4196114335564763), ([[596, 1070], [861, 1070], [861, 1130], [596, 1130]], '예에에에스]', 0.42624876530371497), ([[589, 1128], [869, 1128], [869, 1191], [589, 1191]], '내가 이겪다]!', 0.2594272415615846), ([[960, 1121], [1918, 1121], [1918, 1318], [960, 1318]], '@어어어어어청-', 0.021708335408221723)]
[([[1260, 56], [1674, 56], [1674, 228], [1260, 228]], '향름', 0.01748689602409047), ([[236, 251], [413, 251], [413, 314], [236, 314]], '이루루]!', 0.49692132910401443), ([[170, 314], [481, 314], [481, 381], [170, 381]], '역시 무슨 일이', 0.9942136440860571), ([[215, 380], [437, 380], [437, 445], [215, 445]], '있는거지?', 0.8103664336743692), ([[158, 914], [454, 914], [454, 979], [158, 979]], '나 들어갈게]', 0.8278948700854198)]
[([[856, 634], [1102, 634], [1102, 829], [856, 829]], '[', 0.4038836012243543), ([[221, 1261], [403, 1261], [403, 1347], [221, 1347]], '매양', 0.25256954179633734), ([[74, 1432], [219, 1432], [219, 1511], [74, 1511]], '매임-', 0.2420011082014282), ([[1280, 1454], [1445, 1454], [1445, 1519], [1280, 1519]], '#록구', 0.09765372477334965), ([[550, 1454], [1158, 1454], [1158, 1586], [550, 1586]], '8 (? 3 품', 0.06216830309061353), ([[1287, 1523], [1439, 1523], [1439, 1577], [1287, 1577]], '4 _ 소', 0.3181811815236681), ([[1469, 2489], [1722, 2489], [1722, 2555], [1469, 2555]], '여름이없다', 0.9036987584830819), ([[1714, 2587], [1885, 2587], [1885, 2648], [1714, 2648]], '설사다~', 0.002072419971227646)]
[]
[]
[([[552.9701742579928, 1167.0129354681126], [987.8878890374164, 1314.0103084634934], [866.0298257420072, 1646.9870645318874], [431.1121109625836, 1499.9896915365066]], '@', 0.3369208167186777)]
[]
[]
[]
[]
[([[1442, 1948], [1507, 1948], [1507, 1975], [1442, 1975]], '~>', 0.47726691005880095), ([[1593.161007719496, 1848.350472347405], [1627.8837787435975, 1871.8509902078938], [1543.838992280504, 1991.649527652595], [1509.1162212564025, 1968.1490097921062]], '"', 0.23041203476408612)]
[([[322, 131], [630, 131], [630, 188], [322, 188]], '내가 이겨으니까', 0.7057796524776326), ([[822, 156], [938, 156], [938, 209], [822, 209]], '석스', 0.4319406582677921), ([[348, 185], [606, 185], [606, 246], [348, 246]], '약속대로 석스', 0.27956292571473795), ([[776, 208], [985, 208], [985, 271], [776, 271]], '벌칙 석스]', 0.1572553299581561), ([[356, 241], [595, 241], [595, 302], [356, 302]], '해주는거지]!', 0.5235120765611496), ([[768, 266], [991, 266], [991, 326], [768, 326]], '임신 씩스!!', 0.27591570376279334), ([[1086, 396], [1331, 396], [1331, 448], [1086, 448]], '뭐 인간따위가', 0.9919492778148492), ([[1057, 447], [1338, 447], [1338, 497], [1057, 497]], '털 얼마나 하켓어', 0.2846026158639148), ([[418, 546], [679, 546], [679, 609], [418, 609]], '임신 석스라고', 0.3497973153240189), ([[418, 602], [680, 602], [680, 665], [418, 665]], '한 적 없거든?', 0.8632252176352753), ([[446, 745], [608, 745], [608, 915], [446, 915]], '0', 0.9383735535994333), ([[1509, 1159], [1843, 1159], [1843, 1222], [1509, 1222]], '이번 한번 뿐이야!', 0.5777090908934986), ([[149, 1297], [443, 1297], [443, 1364], [149, 1364]], '좋앉어어어', 0.12726805568850663), ([[695, 1151], [1184, 1151], [1184, 1415], [695, 1415]], '덜령', 0.08404249011080026), ([[168, 1361], [428, 1361], [428, 1428], [168, 1428]], '임신 씩스!!', 0.505674998787464), ([[1702, 2309], [1794, 2309], [1794, 2375], [1702, 2375]], '옛?', 0.9965110990094431)]
[([[1105, 1499], [1188, 1499], [1188, 1531], [1105, 1531]], "'", 0.0090900207816485)]
[]
[([[849, 631], [1103, 631], [1103, 836], [849, 836]], '[', 0.10390131549117143), ([[1279, 1453], [1446, 1453], [1446, 1521], [1279, 1521]], '##구', 0.02250996980786659), ([[550, 1454], [1158, 1454], [1158, 1586], [550, 1586]], '8 (? 3 품', 0.08541708112729257), ([[1287, 1523], [1439, 1523], [1439, 1577], [1287, 1577]], '4 _ 소', 0.26111590623557307)]
[([[1288, 4], [1363, 4], [1363, 80], [1288, 80]], '4', 0.9234243623542717), ([[30, 41], [348, 41], [348, 258], [30, 258]], '땅', 0.04916582236603184), ([[387, 102], [611, 102], [611, 186], [387, 186]], '@오30', 0.008640783096783747), ([[749, 65], [1224, 65], [1224, 273], [749, 273]], '파양', 0.0821935048459367), ([[1163, 1023], [1864, 1023], [1864, 1236], [1163, 1236]], '훈엷증원쿠롭', 0.00021653663106470185), ([[32, 1281], [561, 1281], [561, 1534], [32, 1534]], '교양생', 0.009647794183960754), ([[906, 1249], [1377, 1249], [1377, 1479], [906, 1479]], '파양빵', 0.10511897815984887), ([[362, 1538], [471, 1538], [471, 1638], [362, 1638]], '감', 0.001974564411964655), ([[1384, 1399], [1694, 1399], [1694, 1612], [1384, 1612]], '광', 0.11994623522332404), ([[18, 1632], [277, 1632], [277, 1713], [18, 1713]], '@용요옷0', 0.0801915310211917), ([[1606, 2141], [1920, 2141], [1920, 2365], [1606, 2365]], '평생', 0.01910402027613055), ([[65, 2393], [583, 2393], [583, 2629], [65, 2629]], '파양', 0.9918026198977667), ([[1409, 2409], [1805, 2409], [1805, 2604], [1409, 2604]], '파양', 0.9913470470168425)]
[([[84, 95], [246, 95], [246, 169], [84, 169]], '@@뇨', 0.002713348367125406), ([[1431, 24], [1898, 24], [1898, 210], [1431, 210]], '좁아앉생', 0.025533823296427727), ([[51, 298], [186, 298], [186, 355], [51, 355]], '@95', 0.06223842577357654), ([[1614, 310], [1865, 310], [1865, 400], [1614, 400]], '8청입``', 0.002390723507624015), ([[71, 1304], [312, 1304], [312, 1479], [71, 1479]], '광', 0.9854013015904037), ([[755, 1228], [1125, 1228], [1125, 1415], [755, 1415]], '피양있', 0.038152833328329645), ([[1314, 1324], [1522, 1324], [1522, 1388], [1314, 1388]], '@이건워', 0.016830027103424072), ([[1635, 1269], [1876, 1269], [1876, 1439], [1635, 1439]], '핑', 0.025534732891082434), ([[1323, 1371], [1545, 1371], [1545, 1451], [1323, 1451]], '분덧습 0', 0.002124159610647122), ([[1572, 1541], [1849, 1541], [1849, 1601], [1572, 1601]], '@중교', 0.012178742481789202), ([[1545, 1598], [1832, 1598], [1832, 1659], [1545, 1659]], '씩스되준언교', 0.012244705261725773), ([[13, 1694], [256, 1694], [256, 1868], [13, 1868]], '광빛', 0.05725116975112111), ([[43, 1914], [356, 1914], [356, 2127], [43, 2127]], '핑', 0.029298177983450024), ([[94, 2288], [626, 2288], [626, 2535], [94, 2535]], '파양', 0.9911470280181911), ([[1463, 2357], [1759, 2357], [1759, 2454], [1463, 2454]], '@호올짝', 0.014321621507406235), ([[1417, 2448], [1744, 2448], [1744, 2549], [1417, 2549]], '@올', 0.7803596624502643), ([[666, 2567], [1071, 2567], [1071, 2700], [666, 2700]], '푸습습숨--', 0.017692680221673685)]
[([[237, 46], [494, 46], [494, 228], [237, 228]], '광', 0.13015463953985318), ([[922, 365], [1271, 365], [1271, 453], [922, 453]], '요걸요오올', 0.05245990562733296), ([[90, 539], [388, 539], [388, 625], [90, 625]], '영락리입', 0.005150706507265568), ([[481, 517], [831, 517], [831, 689], [481, 689]], '파양', 0.9541267973083042), ([[67, 611], [347, 611], [347, 689], [67, 689]], '때리지맛페', 0.03273177254984917), ([[7, 1048], [262, 1048], [262, 1224], [7, 1224]], '광', 0.03128326163981954), ([[1231, 1162], [1894, 1162], [1894, 1361], [1231, 1361]], '표루루루듭', 0.06808513663912377), ([[1545, 1455], [1703, 1455], [1703, 1510], [1545, 1510]], '어이~!', 0.9725814461708069), ([[1536, 1519], [1714, 1519], [1714, 1580], [1536, 1580]], '이루루]!', 0.2824735861977333), ([[1446, 1764], [1804, 1764], [1804, 1975], [1446, 1975]], '멈률', 0.10464822099606236), ([[155, 2319], [285, 2319], [285, 2445], [155, 2445]], '?!', 0.9448131020425599)]
[([[919, 125], [1090, 125], [1090, 175], [919, 175]], '아까부터', 0.9939112663269043), ([[854, 177], [1119, 177], [1119, 237], [854, 237]], '이상한 소리가', 0.9761286854091801), ([[889, 237], [1084, 237], [1084, 289], [889, 289]], '들리논데', 0.8580030202865601), ([[854, 673], [1095, 673], [1095, 733], [854, 733]], '대체 털 하고', 0.5314168402606761), ([[875, 735], [1077, 735], [1077, 798], [875, 798]], '있는거야?', 0.7873289750386255), ([[1138, 1109], [1383, 1109], [1383, 1169], [1138, 1169]], '촬륭놀이라도', 0.20527121442496019), ([[1673, 1135], [1808, 1135], [1808, 1190], [1673, 1190]], '아니면', 0.9999329642490232), ([[1160, 1162], [1358, 1162], [1358, 1224], [1160, 1224]], '하느거야?', 0.9664153413978118), ([[1699, 1189], [1815, 1189], [1815, 1250], [1699, 1250]], '반죽?', 0.999872123287824), ([[254, 1525], [558, 1525], [558, 1579], [254, 1579]], '타 타켓토?! ..', 0.3859382349924253), ([[1345, 1626], [1664, 1626], [1664, 1681], [1345, 1681]], '아니 저기 이건 .', 0.812371328706807), ([[1444, 1684], [1556, 1684], [1556, 1740], [1444, 1740]], '그게..', 0.7620508074760437), ([[1337, 2414], [1606, 2414], [1606, 2480], [1337, 2480]], '고 고기 반죽분', 0.6928634763171648), ([[1272, 2473], [1671, 2473], [1671, 2533], [1272, 2533]], '고기반죽올 하고 있에!', 0.7576580404107435)]
[([[167, 192], [285, 192], [285, 243], [167, 243]], '멈추! ..', 0.1800064573940713), ([[126, 236], [325, 236], [325, 293], [126, 293]], '뭐하느거야!', 0.8702603255421844), ([[1592, 648], [1810, 648], [1810, 705], [1592, 705]], '고기반죽? ..', 0.44598478694061217), ([[1547, 831], [1765, 831], [1765, 903], [1547, 903]], '반찬이라도', 0.9735638648578325), ([[1541, 895], [1773, 895], [1773, 955], [1541, 955]], '만드는거야?', 0.9616135866631614), ([[185, 986], [335, 986], [335, 1028], [185, 1028]], '타켓토가', 0.5107235312461853), ([[135, 1031], [383, 1031], [383, 1084], [135, 1084]], '듣고 있다고].', 0.16437609643319798), ([[19, 1229], [619, 1229], [619, 1608], [19, 1608]], '량빵', 0.2249378423441066), ([[112, 1794], [240, 1794], [240, 1933], [112, 1933]], '{', 0.8119370249255695), ([[239, 1650], [537, 1650], [537, 1935], [239, 1935]], '?!', 0.9778074876700197), ([[429, 2394], [619, 2394], [619, 2461], [429, 2461]], '이루루?', 0.9996110796928406), ([[932, 2406], [1126, 2406], [1126, 2462], [932, 2462]], '의 으응] .', 0.33972998974923335), ([[383, 2457], [665, 2457], [665, 2537], [383, 2537]], '너 괜찮아?', 0.9983303115409199), ([[893, 2462], [1174, 2462], [1174, 2523], [893, 2523]], '잠깐 넘어진 것', 0.9196973617438171), ([[917, 2520], [1150, 2520], [1150, 2575], [917, 2575]], '뿐 .이야!.', 0.44572898818829493)]
[([[48, 30], [491, 30], [491, 187], [48, 187]], '표류#륭&', 0.0010111558237266395), ([[1793, 56], [1883, 56], [1883, 197], [1793, 197]], '2', 0.7847012041384147), ([[1579, 172], [1617, 172], [1617, 193], [1579, 193]], "'", 0.13724112214461925), ([[1075, 1018], [1379, 1018], [1379, 1110], [1075, 1110]], '@오옷맛', 0.07418112456798553), ([[1376, 1065], [1421, 1065], [1421, 1094], [1376, 1094]], '60', 0.7124029244627529), ([[104, 1108], [177, 1108], [177, 1159], [104, 1159]], '나', 0.9989200171663839), ([[195, 1112], [319, 1112], [319, 1164], [195, 1164]], '나는. ', 0.566927969455719), ([[419, 1041], [1384, 1041], [1384, 1215], [419, 1215]], '콤류료류류륭록필@|`', 8.437893375724742e-05), ([[63, 1156], [367, 1156], [367, 1221], [63, 1221]], '괜찮으니.. 까.', 0.4357095155137532), ([[152, 1222], [283, 1222], [283, 1272], [152, 1272]], '앗!..', 0.5471528768539429), ([[434, 1370], [675, 1370], [675, 1446], [434, 1446]], '@옷쪽', 0.05862258115349957), ([[1296, 1317], [1652, 1317], [1652, 1501], [1296, 1501]], '때권', 0.032998882496943334), ([[80, 1485], [354, 1485], [354, 1630], [80, 1630]], '떼델', 0.010057485364142632), ([[1454, 1490], [1734, 1490], [1734, 1570], [1454, 1570]], '@화요용`', 0.04794474055206393), ([[55, 1849], [350, 1849], [350, 2002], [55, 2002]], '뼈{', 0.009972438318824313), ([[1444, 1948], [1501, 1948], [1501, 1975], [1444, 1975]], '~>', 0.6883372230488118), ([[1432, 1944], [1859, 1944], [1859, 2153], [1432, 2153]], '뼈험', 0.003909265934968805), ([[169, 2223], [358, 2223], [358, 2404], [169, 2404]], '?!', 0.8935061018264193), ([[1526, 2392], [1788, 2392], [1788, 2455], [1526, 2455]], '이 이루루?!', 0.9856715597214414), ([[404.75360678589436, 250.19555867959792], [538.0328239655099, 126.64134591214689], [600.2463932141056, 218.80444132040208], [467.96717603449, 341.3586540878531]], '', 0.0), ([[1053.8918944820552, 177.1243357210427], [1084.5289302729675, 152.02805543410443], [1146.1081055179448, 230.8756642789573], [1115.4710697270325, 255.97194456589557]], ';', 0.9986513634821428), ([[552.2078167626688, 2393.017440512583], [678.7506304915204, 2476.4108894275064], [561.7921832373312, 2655.982559487417], [434.2493695084797, 2572.5891105724936]], '=', 0.2089963791773508)]
[([[1250, 32], [1615, 32], [1615, 212], [1250, 212]], '파양', 0.9662128729585363), ([[52, 132], [415, 132], [415, 308], [52, 308]], '양', 0.9993358761403783), ([[1498, 219], [1888, 219], [1888, 479], [1498, 479]], '광없', 0.018468918747861888), ([[1765, 687], [1828, 687], [1828, 809], [1765, 809]], '틀', 0.42654305359070577), ([[120, 813], [152, 813], [152, 847], [120, 847]], '', 0.0), ([[130, 873], [170, 873], [170, 917], [130, 917]], '5', 0.385092556376776), ([[49, 972], [480, 972], [480, 1065], [49, 1065]], '(돈오3`', 0.0016543126936346263), ([[1532, 1026], [1851, 1026], [1851, 1091], [1532, 1091]], '타타"`}', 0.001644641292189146), ([[34, 1127], [1096, 1127], [1096, 1357], [34, 1357]], '붐름료류류름록빵', 0.0013087177566840193), ([[1105, 1499], [1190, 1499], [1190, 1531], [1105, 1531]], "'다", 0.015776303472962706), ([[86, 1909], [377, 1909], [377, 1981], [86, 1981]], '타괴있위', 0.0019512252183631063), ([[36, 1974], [429, 1974], [429, 2051], [36, 2051]], '[요오요용', 0.0018425903148839926), ([[573.0574282752855, 1815.5033708955139], [660.3282011773514, 1800.7811992150992], [665.9425717247145, 1840.4966291044861], [578.6717988226486, 1855.2188007849008]], "# '", 0.122403643812391)]
