2582103
13
[]
[([[1132, 82], [1206, 82], [1206, 108], [1132, 108]], '싸취다', 0.2719245752187411), ([[259, 129], [307, 129], [307, 165], [259, 165]], '더는', 0.8629791277531389), ([[250, 166], [316, 166], [316, 196], [250, 196]], '안 대', 0.33342528343200684), ([[874, 150], [958, 150], [958, 198], [874, 198]], '푸~옷', 0.20471587418813614), ([[881, 203], [949, 203], [949, 243], [881, 243]], '하고', 0.9984850728175654), ([[1064, 230], [1140, 230], [1140, 256], [1064, 256]], '싸쥐다', 0.31758196385962334), ([[884, 244], [948, 244], [948, 300], [884, 300]], '스밟', 0.013147545819958998), ([[857, 297], [964, 297], [964, 342], [857, 342]], '싸쥐~', 0.11629254278567616), ([[143, 321], [221, 321], [221, 365], [143, 365]], '산다', 0.9297645269278605), ([[634, 497], [725, 497], [725, 680], [634, 680]], '올', 0.1127654976582102), ([[187.28299347237578, 1072.0183727113279], [280.5239771959393, 1036.0098088684201], [371.7170065276242, 1294.9816272886721], [278.4760228040607, 1330.9901911315799]], '동', 0.01657213392037704)]
[([[266, 940], [626, 940], [626, 1384], [266, 1384]], '빼 ,', 0.025269703023161373), ([[948.0850894487018, -98.99252573945137], [1318.322605261227, 174.3965240606339], [983.9149105512982, 624.9925257394514], [614.677394738773, 350.6034759393661]], '뇨8', 0.0026444959792879114)]
[([[963, 177], [1005, 177], [1005, 255], [963, 255]], '안', 0.1784485725807352), ([[200, 328], [243, 328], [243, 491], [200, 491]], '물', 0.06406946542938385), ([[291, 1589], [811, 1589], [811, 1950], [291, 1950]], '6하7', 0.14946100426419076), ([[834.5439608847898, 1685.0094573234348], [918.9749809766142, 1674.1787500656342], [951.4560391152102, 1947.9905426765652], [867.0250190233858, 1958.8212499343658]], '풍', 0.4365299551884618)]
[([[1081, 145], [1218, 145], [1218, 210], [1081, 210]], '아잡아', 0.6846055631637924), ([[879, 227], [923, 227], [923, 293], [879, 293]], '합', 0.053963940029275514), ([[1045, 259], [1149, 259], [1149, 303], [1045, 303]], "역시' '", 0.46303472372636734), ([[144, 350], [228, 350], [228, 404], [144, 404]], '살짝', 0.9998465046283551), ([[148, 400], [224, 400], [224, 456], [148, 456]], '넣어', 0.997673781461005), ([[139, 453], [235, 453], [235, 513], [139, 513]], '볼래?', 0.5535729644742174), ([[971.3435271088773, 1692.0917439798957], [1144.2743853360564, 1678.106151643869], [1147.6564728911228, 1811.9082560201043], [974.7256146639437, 1826.893848356131]], '($아', 0.05356251432419608)]
[]
[]
[([[87, 91], [175, 91], [175, 127], [87, 127]], '그런 거', 0.9938272679875317), ([[692, 74], [768, 74], [768, 162], [692, 162]], '9', 0.06357706710993227), ([[1150, 100], [1208, 100], [1208, 132], [1150, 132]], '줄-곧', 0.9922642470798264), ([[103, 125], [159, 125], [159, 167], [103, 167]], '금방', 0.9999168031347381), ([[81, 165], [185, 165], [185, 209], [81, 209]], '들권다구', 0.7247880101203918), ([[410, 176], [460, 176], [460, 204], [410, 204]], '진짜', 0.9997327994373678), ([[1057, 159], [1135, 159], [1135, 195], [1057, 195]], '킬꽃할곳', 0.011141573078930378), ([[1074, 192], [1118, 192], [1118, 216], [1074, 216]], '쳐다', 0.3833359202394578), ([[384, 206], [468, 206], [468, 234], [384, 234]], '역겨워나', 0.0602896623313427), ([[802, 218], [830, 218], [830, 242], [802, 242]], '이', 0.9981697835028172), ([[1054, 218], [1106, 218], [1106, 246], [1054, 246]], '복지?', 0.38400288136219835), ([[771, 249], [857, 249], [857, 285], [771, 285]], '변태~', 0.23814006003812713), ([[859, 805], [901, 805], [901, 865], [859, 865]], '기', 0.8710571572922987), ([[271, 827], [307, 827], [307, 917], [271, 917]], '권', 0.2784521999338416), ([[954, 848], [980, 848], [980, 902], [954, 902]], '규', 0.1328629773957033), ([[478, 1012], [526, 1012], [526, 1082], [478, 1082]], '귀', 0.02755013579958021), ([[372.2066403493261, -45.96496405261519], [576.9854802836276, 12.488977424627816], [551.7933596506739, 84.96496405261519], [348.01451971637243, 25.511022575372184]], '0[터내', 0.017403870820999146), ([[576.2203334527164, 5.033834706238855], [721.9607080345336, 63.15993362176248], [689.7796665472836, 137.96616529376115], [544.0392919654664, 79.84006637823752]], '.타?다', 0.0061743902042508125), ([[378.89189448205514, 827.1243357210427], [410.5402959038421, 803.0292776846527], [466.10810551794486, 880.8756642789573], [433.4597040961579, 904.9707223153473]], '톤', 0.04395195201181057), ([[848.2928932188134, 1077.0502525316942], [916.9632293877527, 1121.3947281234448], [893.7071067811866, 1156.9497474683058], [825.0367706122473, 1112.6052718765552]], '900', 0.29954130452181915)]
[([[135, 91], [195, 91], [195, 129], [135, 129]], '부활동', 0.9988699706140239), ([[136, 122], [196, 122], [196, 154], [136, 154]], '끝내고', 0.9998055704514578), ([[1176, 116], [1250, 116], [1250, 144], [1176, 144]], '혹시 계속', 0.9988793014091754), ([[125, 151], [207, 151], [207, 187], [125, 187]], '돌아가는', 0.7637572884559631), ([[1176, 142], [1250, 142], [1250, 172], [1176, 172]], '쓸데없이', 0.9991686649524744), ([[1176, 170], [1248, 170], [1248, 196], [1176, 196]], '발기하고', 0.7003487745512164), ([[114, 182], [214, 182], [214, 212], [114, 212]], '자* 둘에제', 0.10417476262290135), ([[1174, 196], [1252, 196], [1252, 222], [1174, 222]], '있없어?=', 0.20841671239051435), ([[123, 209], [209, 209], [209, 245], [123, 245]], '둘러쌓여', 0.8141869902610779), ([[110, 242], [220, 242], [220, 272], [110, 272]], '완전 바보가', 0.9769355629701716), ([[1078, 250], [1158, 250], [1158, 276], [1078, 276]], '절대 셈스', 0.27773545942792205), ([[138, 274], [192, 274], [192, 302], [138, 302]], '된 거', 0.9919255971908569), ([[1070, 276], [1166, 276], [1166, 304], [1070, 304]], '못 하늘데~', 0.38105759945357603), ([[122, 295], [216, 295], [216, 334], [122, 334]], '같아~굶', 0.09019679913099435), ([[54, 444], [94, 444], [94, 472], [54, 472]], '정액', 0.9993028780233074), ([[1163, 445], [1217, 445], [1217, 463], [1163, 463]], '어짜피', 0.21966587765379478), ([[42, 472], [108, 472], [108, 498], [42, 498]], '싸는 거', 0.82385817199859), ([[1166, 468], [1216, 468], [1216, 494], [1166, 494]], '지금도', 0.9999048837437633), ([[36, 498], [116, 498], [116, 526], [36, 526]], '말곤 이제', 0.6011422562483597), ([[1164, 494], [1220, 494], [1220, 518], [1164, 518]], '쿠퍼액', 0.985023536853535), ([[26, 524], [124, 524], [124, 550], [26, 550]], '다른 생각이', 0.9774769720043409), ([[1158, 518], [1228, 518], [1228, 550], [1158, 550]], '꿀럽률령', 0.06139262020587921), ([[28, 548], [120, 548], [120, 578], [28, 578]], '안 들지?~', 0.7663779324288666), ([[1166, 548], [1218, 548], [1218, 572], [1166, 572]], '나오고', 0.9997910486601499), ([[722, 558], [748, 558], [748, 606], [722, 606]], '쥐', 0.03672005459650429), ([[1152, 574], [1228, 574], [1228, 600], [1152, 600]], '있젠지만', 0.03133063763380051), ([[254, 886], [294, 886], [294, 912], [254, 912]], '우와', 0.7896444994268585), ([[176, 998], [236, 998], [236, 1030], [176, 1030]], '젖꼭지', 0.4173094484618133), ([[158, 1028], [252, 1028], [252, 1060], [158, 1060]], '엄청 빨딱', 0.7704608270479221), ([[170, 1058], [232, 1058], [232, 1086], [170, 1086]], '섞어"', 0.07101517093936503), ([[1162, 1120], [1216, 1120], [1216, 1146], [1162, 1146]], '그래서', 0.9999933927534448), ([[1104, 1264], [1156, 1264], [1156, 1288], [1104, 1288]], '아까', 0.9999231250138096), ([[192, 1256], [220, 1256], [220, 1350], [192, 1350]], '몇', 0.011473246643745938), ([[652, 1302], [686, 1302], [686, 1330], [652, 1330]], '혹시', 0.9985560173391733), ([[1101, 1289], [1161, 1289], [1161, 1325], [1101, 1325]], '둘이서', 0.947999094345488), ([[634, 1330], [702, 1330], [702, 1358], [634, 1358]], '지금부터', 0.9996414184570312), ([[1096, 1322], [1164, 1322], [1164, 1348], [1096, 1348]], '얘기해', 0.9994957324857373), ([[638, 1356], [700, 1356], [700, 1386], [638, 1386]], '30분간', 0.9529789090156555), ([[1086, 1348], [1164, 1348], [1164, 1380], [1086, 1380]], "밖는데 '", 0.054522189119853855), ([[640, 1382], [694, 1382], [694, 1410], [640, 1410]], '사정올', 0.6254319384045489), ([[620, 1410], [686, 1410], [686, 1436], [620, 1436]], '안 하면', 0.9998617075043629), ([[109, 1415], [169, 1415], [169, 1453], [109, 1453]], '벌써', 0.999322093115197), ([[101, 1453], [173, 1453], [173, 1493], [101, 1493]], '쌀 거', 0.787322461605072), ([[91, 1493], [187, 1493], [187, 1533], [91, 1533]], '같은데?', 0.8170204758644104), ([[538, 1488], [614, 1488], [614, 1516], [538, 1516]], '3[ 셈스', 0.05566876507827503), ([[522, 1518], [618, 1518], [618, 1546], [522, 1546]], '해도 돼~', 0.10771067684886408), ([[529.1135155856441, 560.0994685768342], [577.9047482407358, 579.1322781687254], [564.8864844143559, 611.9005314231658], [516.0952517592642, 592.8677218312746]], '"', 0.018912934953707605), ([[501.3315670795699, 628.0562457694622], [568.9986513822947, 662.8961389251352], [552.6684329204302, 694.9437542305378], [484.0013486177052, 661.1038610748648]], '이/', 0.3095549625800759), ([[208.3446046887869, 741.0359026679606], [310.9946208592224, 794.7459906415584], [283.6553953112131, 843.9640973320394], [181.00537914077762, 790.2540093584416]], '04-', 0.10114221317599115), ([[545.1896655424124, 791.0328861716721], [614.3295539325675, 770.0887797754064], [657.8103344575876, 933.9671138283279], [589.6704460674325, 953.9112202245936]], '빛', 0.10627600326442721), ([[987.9266873708001, 877.0967805394006], [1024.5383602293773, 849.0242014539123], [1091.0733126291998, 943.9032194605994], [1053.4616397706227, 971.9757985460877]], '둘', 0.3993220325476763)]
[([[1148, 64], [1194, 64], [1194, 88], [1148, 88]], '자"', 0.2551643708582522), ([[204, 116], [268, 116], [268, 148], [204, 148]], '맡으면', 0.9831466428130676), ([[197, 147], [273, 147], [273, 183], [197, 183]], '맡음수록', 0.22338126599788666), ([[1086, 148], [1130, 148], [1130, 180], [1086, 180]], '계속', 0.9998669028468314), ([[204, 182], [270, 182], [270, 214], [204, 214]], '정액이', 0.9917529416439452), ([[1066, 180], [1148, 180], [1148, 210], [1066, 210]], '쳐다보년', 0.24249696731567383), ([[204, 216], [268, 216], [268, 246], [204, 246]], '치밀어', 0.954203469799973), ([[1068, 210], [1146, 210], [1146, 240], [1068, 240]], '내 팬티', 0.6166163784209479), ([[198, 248], [274, 248], [274, 280], [198, 280]], '오르는데', 0.9362249374389648), ([[90, 334], [180, 334], [180, 360], [90, 360]], '아까위서', 0.9738282165775126), ([[102, 366], [170, 366], [170, 398], [102, 398]], '밑는 걸', 0.3481461633677298), ([[91, 397], [181, 397], [181, 433], [91, 433]], '멈출 수가', 0.7794074717122141), ([[82, 434], [184, 434], [184, 460], [82, 460]], '없나보~"', 0.37218553005211813), ([[1120, 438], [1168, 438], [1168, 468], [1120, 468]], '우와', 0.9177598335215448), ([[1120, 470], [1168, 470], [1168, 502], [1120, 502]], '절어', 0.9514805404772215), ([[1066, 574], [1112, 574], [1112, 606], [1066, 606]], '엄청', 0.9870806090861998), ([[1046, 606], [1130, 606], [1130, 638], [1046, 638]], '들이대네', 0.9983924031257629), ([[412, 786], [436, 786], [436, 862], [412, 862]], '움', 0.45277109582856667), ([[960, 816], [1016, 816], [1016, 842], [960, 842]], '쿠퍼액', 0.9901141422929419), ([[1175, 811], [1191, 811], [1191, 839], [1175, 839]], '콩', 0.9465726315898202), ([[948, 842], [1028, 842], [1028, 868], [948, 868]], '너무 많이', 0.9985442781489487), ([[386, 850], [418, 850], [418, 912], [386, 912]], '둘', 0.16957788762148596), ([[968, 870], [1006, 870], [1006, 896], [968, 896]], '나오', 0.9998987647708109), ([[276, 846], [350, 846], [350, 966], [276, 966]], '털', 0.05385981118193883), ([[952, 896], [996, 896], [996, 922], [952, 922]], '잡아', 0.9889916261337554), ([[1140, 884], [1164, 884], [1164, 934], [1140, 934]], '콩', 0.9996869809047126), ([[231, 1033], [251, 1033], [251, 1059], [231, 1059]], '우', 0.9994717342133299), ([[274, 1002], [306, 1002], [306, 1070], [274, 1070]], '물', 0.9375092869223778), ([[1128, 1020], [1160, 1020], [1160, 1082], [1128, 1082]], '양', 0.5533591004241458), ([[226, 1060], [254, 1060], [254, 1088], [226, 1088]], '와', 0.999292856342354), ([[1072, 1100], [1140, 1100], [1140, 1132], [1072, 1132]], '고약해', 0.9978051331612968), ([[185, 1137], [229, 1137], [229, 1211], [185, 1211]], '불곧', 0.09750437999073788), ([[202, 1172], [226, 1172], [226, 1206], [202, 1206]], '끈', 0.9983942999095099), ([[116, 1269], [159, 1269], [159, 1378], [116, 1378]], '톤', 0.18054681879072465), ([[81, 1331], [121, 1331], [121, 1435], [81, 1435]], '톤', 0.3086284282781584), ([[211, 1345], [251, 1345], [251, 1439], [211, 1439]], '숲', 0.08551900798734469), ([[54, 1392], [201, 1392], [201, 1605], [54, 1605]], '@', 0.019404652923697085), ([[30, 1548], [72, 1548], [72, 1651], [30, 1651]], '톤', 0.15259608637370548), ([[102.13600260995938, 1588.0752148767685], [138.497518595105, 1566.02481404895], [186.86399739004062, 1654.9247851232315], [150.502481404895, 1675.97518595105]], '술', 0.13924645399152613)]
[([[1030, 90], [1082, 90], [1082, 122], [1030, 122]], '원가', 0.5558098302195783), ([[1021, 119], [1091, 119], [1091, 155], [1021, 155]], '굉장히', 0.9997306906171115), ([[1186, 114], [1220, 114], [1220, 144], [1186, 144]], '15분', 0.9708685828668322), ([[1168, 142], [1224, 142], [1224, 166], [1168, 166]], '경과', 0.9987939703141137), ([[306, 152], [366, 152], [366, 180], [306, 180]], '그보다', 0.9999233287696258), ([[1030, 152], [1080, 152], [1080, 184], [1030, 184]], '많이', 0.9991364360324734), ([[314, 180], [358, 180], [358, 212], [314, 212]], '발로', 0.9995959199325477), ([[1024, 186], [1086, 186], [1086, 216], [1024, 216]], '나오고', 0.9997471393398538), ([[286, 212], [386, 212], [386, 244], [286, 244]], '문질러저서', 0.9619043052100213), ([[1012, 216], [1098, 216], [1098, 248], [1012, 248]], '있잡아구', 0.5031351447105408), ([[301, 241], [371, 241], [371, 277], [301, 277]], '이렇제', 0.8535793392691601), ([[146, 284], [208, 284], [208, 310], [146, 310]], '역겨워', 0.7259000251007905), ([[297, 271], [375, 271], [375, 309], [297, 309]], '흥분하는', 0.6551712155342102), ([[306, 306], [366, 306], [366, 332], [306, 332]], '거야?', 0.9989845486200056), ([[926, 334], [972, 334], [972, 366], [926, 366]], '엄청', 0.9896249506289009), ([[95, 367], [161, 367], [161, 405], [95, 405]], '불쾌해', 0.6380379055205875), ([[891, 363], [1009, 363], [1009, 399], [891, 399]], '참앗없나보', 0.2490581182158233), ([[894, 396], [1004, 396], [1004, 426], [894, 426]], '필사적이네', 0.9910648202368498), ([[645, 1105], [681, 1105], [681, 1183], [645, 1183]], '푹', 0.07991838133017382), ([[785, 1469], [829, 1469], [829, 1545], [785, 1545]], '빼', 0.029556799459460104), ([[171.39683450617613, 1390.2857552777925], [236.70881936905317, 1328.0209526630013], [345.6031654938239, 1458.7142447222075], [280.2911806309468, 1520.9790473369987]], '향', 0.0019884807330079607), ([[964.2708127332623, 1402.02046665207], [1103.7094280468277, 1521.2667896673488], [1032.7291872667377, 1605.97953334793], [892.2905719531724, 1486.7332103326512]], '리', 0.033351235942834734), ([[53.45712471483401, 1465.0370104182882], [85.38653206957095, 1450.0187196834192], [129.542875285166, 1545.9629895817118], [97.61346793042905, 1560.9812803165808]], '용', 0.7242419024272664), ([[1210.2397140787302, 1480.058141511747], [1248.613310860323, 1468.037757584659], [1274.7602859212698, 1554.941858488253], [1236.386689139677, 1566.962242415341]], '엔', 0.03568321332375057), ([[136.2103500411843, 1533.2731201317897], [172.597022314126, 1499.02977685874], [239.7896499588157, 1576.7268798682103], [203.402977685874, 1610.97022314126]], '동', 0.42004568655649166), ([[414.0237203470788, 1558.0684144642591], [462.5718526761169, 1533.023397351374], [514.9762796529212, 1642.9315855357409], [466.4281473238831, 1668.976602648626]], '봄', 0.07681432242770825), ([[1210.8918944820552, 1678.1243357210426], [1246.5910644489256, 1658.0350586290253], [1285.1081055179448, 1731.8756642789574], [1249.4089355510744, 1751.9649413709747]], '*', 0.09571044915981375)]
[([[120, 60], [146, 60], [146, 126], [120, 126]], '칼', 0.20338853160082326), ([[865, 117], [909, 117], [909, 137], [865, 137]], '자자', 0.9997288379459917), ([[82, 138], [112, 138], [112, 196], [82, 196]], '갖', 0.6033284762139033), ([[770, 232], [872, 232], [872, 260], [770, 260]], '괜티 너머로', 0.46609066481268024), ([[778, 260], [864, 260], [864, 292], [778, 292]], '안에 표웃', 0.2643140806715555), ([[772, 289], [862, 289], [862, 319], [772, 319]], '하라구 >', 0.5695610483841934), ([[53, 355], [101, 355], [101, 391], [53, 391]], '잔뜩', 0.9999195847600872), ([[614, 288], [670, 288], [670, 394], [614, 394]], '#', 0.4951106532358871), ([[48, 388], [100, 388], [100, 420], [48, 420]], '싸;', 0.10848332662586968), ([[682, 368], [708, 368], [708, 422], [682, 422]], '본', 0.0194430481875294), ([[415, 1081], [456, 1081], [456, 1156], [415, 1156]], '자', 0.5565379538641224), ([[660.5146749188006, 398.0395170046834], [688.8581065791653, 395.1253429597962], [695.4853250811994, 464.9604829953166], [667.1418934208347, 467.8746570402038]], '@', 0.009891447984193613), ([[891.2928932188134, 1066.0502525316942], [930.723018898896, 1061.3062588616278], [938.7071067811866, 1145.9497474683058], [898.276981101104, 1149.6937411383722]], '헌', 0.008542144415679909)]
[([[1093, 139], [1145, 139], [1145, 159], [1093, 159]], '아"\'', 0.3015910837271179), ([[1094, 164], [1146, 164], [1146, 196], [1094, 196]], '절어', 0.8540716778369589), ([[191, 191], [314, 191], [314, 245], [191, 245]], '그나제나', 0.8603166937828064), ([[184, 264], [242, 264], [242, 296], [184, 296]], '자지름', 0.19197897596496272), ([[833, 255], [853, 255], [853, 285], [833, 285]], '응', 0.9983885824675873), ([[176, 298], [250, 298], [250, 324], [176, 324]], '다 까고', 0.9995058365190934), ([[180, 326], [248, 326], [248, 352], [180, 352]], '괜티에', 0.7739133184552529), ([[995, 307], [1063, 307], [1063, 343], [995, 343]], '클리에', 0.33536385367496035), ([[373, 335], [397, 335], [397, 355], [373, 355]], '아', 0.9999316942435463), ([[164, 354], [262, 354], [262, 386], [164, 386]], '문지르는 거', 0.9192849716255076), ([[372, 354], [398, 354], [398, 382], [372, 382]], '양', 0.9728451690181181), ([[976, 342], [1078, 342], [1078, 374], [976, 374]], '문지르는 거', 0.9464375349383334), ([[192, 384], [236, 384], [236, 416], [192, 416]], '엄청', 0.9821010706242594), ([[985, 371], [1071, 371], [1071, 409], [985, 409]], '기분 좋을', 0.5004709331199756), ([[164, 416], [256, 416], [256, 442], [164, 442]], '야하네~', 0.6300146579742432), ([[980, 408], [1022, 408], [1022, 434], [980, 434]], '지도', 0.9999906434124514), ([[463, 819], [509, 819], [509, 861], [463, 861]], '기', 0.5428478245303268), ([[583, 1021], [605, 1021], [605, 1041], [583, 1041]], '9', 0.02912628143223217), ([[926, 1350], [976, 1350], [976, 1426], [926, 1426]], '콩', 0.8152431208018562), ([[965, 1477], [1007, 1477], [1007, 1591], [965, 1591]], '신', 0.19598228607183277), ([[1092, 1626], [1124, 1626], [1124, 1664], [1092, 1664]], '<', 0.8920639790094356), ([[1118, 1696], [1142, 1696], [1142, 1720], [1118, 1720]], '버', 0.00862230404968245), ([[388.8713347040338, 625.1625379937149], [443.6943666540001, 633.466489313434], [438.1286652959662, 666.8374620062851], [383.3056333459999, 658.533510686566]], '기', 0.1235894440662868), ([[305.9820268028814, 654.1317018509494], [358.79473319220205, 666.7350889359326], [350.0179731971186, 699.8682981490506], [297.20526680779795, 687.2649110640674]], '그 ', 0.15541297155966258), ([[743.2900074199778, 1457.0640118719643], [782.8085060072219, 1421.0468483378913], [836.7099925800222, 1484.9359881280357], [797.1914939927781, 1520.9531516621087]], '급', 0.23881047757221552), ([[169.84551323567393, 1456.112117501937], [208.56885455576798, 1429.0270271644363], [266.15448676432607, 1518.887882498063], [226.43114544423202, 1545.9729728355637]], '동', 0.5001901675446199)]
