2583261
32
[]
[([[16, 29], [299, 29], [299, 190], [16, 190]], '헤우', 0.607627537652376), ([[449, 56], [669, 56], [669, 153], [449, 153]], '셈해어 !', 0.18074376770890133), ([[2136, 3], [2389, 3], [2389, 245], [2136, 245]], '파', 0.5689157058486991), ([[449, 221], [474, 221], [474, 270], [449, 270]], '옷', 0.2751421565335477), ([[1908, 195], [2165, 195], [2165, 404], [1908, 404]], '흉', 0.013050169462901273), ([[2612, 200], [2845, 200], [2845, 412], [2612, 412]], '뉴의', 0.45394070102327727), ([[729, 384], [805, 384], [805, 462], [729, 462]], '6', 0.034966984998167305), ([[1085, 386], [1279, 386], [1279, 932], [1085, 932]], '통', 0.6153237344733498), ([[2005, 603], [2265, 603], [2265, 863], [2005, 863]], '휴우', 0.023821242835115348), ([[2356, 698], [2419, 698], [2419, 762], [2356, 762]], '휴유', 0.5153038864231411), ([[2381, 798], [2713, 798], [2713, 1040], [2381, 1040]], '파양', 0.22130649502088523), ([[241, 1130], [319, 1130], [319, 1211], [241, 1211]], '처', 0.012016496468687743), ([[2546, 1335], [3339, 1335], [3339, 1416], [2546, 1416]], '9.41601 776 역관광 태우는거', 0.4299812810087389), ([[215, 1332], [530, 1332], [530, 1502], [215, 1502]], "0'양", 0.026769024992905704), ([[913, 1404], [1081, 1404], [1081, 1448], [913, 1448]], '잔짜   [나바니', 0.48763707247963006), ([[2794, 1410], [3239, 1410], [3239, 1476], [2794, 1476]], '(카나의 비미경하.1 참고 )', 0.04773928076733793), ([[1030, 1449], [1118, 1449], [1118, 1487], [1030, 1487]], '어떠지', 0.6468165694197042), ([[574, 1453], [785, 1453], [785, 1582], [574, 1582]], '예우)', 0.6836271222618289), ([[1115, 1493], [1491, 1493], [1491, 1699], [1115, 1699]], '갑.0', 0.026746867639854125), ([[58.6203822173688, 1596.3268790999482], [230.2523655126828, 1478.272205681236], [300.3796177826312, 1602.6731209000518], [127.7476344873172, 1719.727794318764]], '04', 0.021502750027593918)]
[([[1252, 181], [1320, 181], [1320, 270], [1252, 270]], '배', 0.6414440280367586)]
[([[1002, 296], [1158, 296], [1158, 348], [1002, 348]], '빨리하자아', 0.5943362271101071), ([[798, 580], [848, 580], [848, 632], [798, 632]], '규용', 0.2508216130071384)]
[([[70, 372], [124, 372], [124, 404], [70, 404]], '하아', 0.9960778792506776), ([[88.21114561800017, 63.42229123600033], [162.32019839913036, 52.76924170058428], [165.78885438199984, 90.57770876399967], [91.67980160086962, 100.23075829941573]], '파하', 0.9441433094396863)]
[([[352, 52], [382, 52], [382, 100], [352, 100]], '우', 0.9951910514442694), ([[302, 342], [326, 342], [326, 380], [302, 380]], '음', 0.8544219737989103), ([[50, 416], [76, 416], [76, 458], [50, 458]], '우', 0.9297577711482887), ([[642.1051750205921, 50.13656006589491], [689.7692307692307, 57.84615384615385], [683.8948249794079, 87.86343993410509], [636.2307692307693, 80.15384615384616]], '하다', 0.12705013931571518), ([[679.1675694221406, 203.08757628406065], [732.9649116027306, 226.47134511963594], [718.8324305778594, 257.9124237159393], [665.0350883972694, 235.52865488036406]], "하아'", 0.9231774457328917)]
[([[128, 392], [188, 392], [188, 444], [128, 444]], '하야', 0.27369509952588306), ([[253, 481], [305, 481], [305, 519], [253, 519]], '0', 0.9996955626485402), ([[585, 1055], [637, 1055], [637, 1099], [585, 1099]], '#울', 0.0529351421928643)]
[([[352, 72], [384, 72], [384, 122], [352, 122]], '우', 0.9744758577255652), ([[292, 228], [340, 228], [340, 282], [292, 282]], ':우', 0.11263558111892728), ([[478, 594], [502, 594], [502, 644], [478, 644]], '흔', 0.058217306085508236), ([[221, 621], [293, 621], [293, 683], [221, 683]], '규%', 0.12098236707199131)]
[]
[([[1202, 386], [1278, 386], [1278, 475], [1202, 475]], '대', 0.0038037882788966165), ([[1828, 564], [1917, 564], [1917, 588], [1828, 588]], '17)3', 0.1735137701034546), ([[1818, 585], [1917, 585], [1917, 614], [1818, 614]], "'  )", 0.018313003890908997), ([[1778, 598], [1847, 598], [1847, 648], [1778, 648]], '가', 0.2551188566954785), ([[879, 633], [1012, 633], [1012, 725], [879, 725]], '하아', 0.7455207268769936), ([[2099, 842], [2256, 842], [2256, 986], [2099, 986]], '거', 0.09544449035343039), ([[2306, 914], [2362, 914], [2362, 973], [2306, 973]], '오', 0.0011806735327033469), ([[15, 1012], [45, 1012], [45, 1047], [15, 1047]], '0', 0.9619657809692264), ([[1288.4437764224065, 540.0520150387546], [1370.9670587423861, 575.5566463948159], [1360.5562235775935, 598.9479849612454], [1278.0329412576139, 563.4433536051841]], '"오권9', 0.015652736648917198), ([[1298.3847043755748, 553.0316324430743], [1424.9388394408302, 617.1454907279381], [1400.6152956244252, 661.9683675569257], [1274.0611605591698, 598.8545092720619]], '@물)꺾배', 0.000677431946682787), ([[1769.305138418082, 646.0815813559439], [1868.9904458356084, 665.7607643331513], [1862.694861581918, 693.9184186440561], [1763.0095541643916, 674.2392356668487]], '쇼~(츠', 0.002451083390042186), ([[1677.9076744813115, 661.0598377799342], [1823.5249935286795, 689.9545939057963], [1803.0923255186885, 771.9401622200658], [1657.4750064713205, 743.0454060942037]], '스-', 0.03777551054658215)]
[]
[([[92, 132], [228, 132], [228, 186], [92, 186]], "'위마. 너무", 0.17206199799181618), ([[129, 205], [261, 205], [261, 243], [129, 243]], '간거 이날가', 0.2894800979848497), ([[578, 350], [660, 350], [660, 400], [578, 400]], '형들히', 0.13048668130517416), ([[672, 358], [816, 358], [816, 406], [672, 406]], '종이용나탤으면', 0.02631067582593346), ([[662, 410], [752, 410], [752, 458], [662, 458]], '켓짓(대', 0.0016791857779026031), ([[108, 802], [166, 802], [166, 834], [108, 834]], '가독!', 0.23671603394895044), ([[227, 1587], [299, 1587], [299, 1629], [227, 1629]], '꿈이각', 0.004593557387147369), ([[516, 1644], [586, 1644], [586, 1696], [516, 1696]], '꼼락', 0.11369171482817822), ([[171.02202795004177, 907.1638810551212], [221.78543007265577, 912.8858279709377], [217.97797204995823, 941.8361189448788], [166.21456992734423, 935.1141720290623]], '까목', 0.1513109165962178)]
[([[428, 562], [542, 562], [542, 658], [428, 658]], '#', 0.20364096749568095)]
[]
[([[466, 110], [490, 110], [490, 142], [466, 142]], '', 0.0), ([[252, 140], [364, 140], [364, 192], [252, 192]], "80'((", 0.02557056698571343), ([[881, 247], [1457, 247], [1457, 355], [881, 355]], '입 아에 싸도 도요', 0.42653411229142746), ([[24, 344], [156, 344], [156, 442], [24, 442]], '하아', 0.3948258732889427), ([[418, 534], [490, 534], [490, 626], [418, 626]], '합', 0.5655925343792347), ([[3, 604], [133, 604], [133, 701], [3, 701]], '하입', 0.3322423283603472), ([[361.6712678358369, 126.5754088880901], [459.03515162829217, 107.04745002807891], [465.3287321641631, 154.4245911119099], [368.96484837170783, 172.9525499719211]], "9 '7", 0.024665491030180484)]
[([[1130, 0], [1366, 0], [1366, 270], [1130, 270]], '곰', 0.050666694132566414), ([[3, 219], [156, 219], [156, 387], [3, 387]], '땅', 0.11783550267765097), ([[1948, 258], [2133, 258], [2133, 428], [1948, 428]], '/유', 0.00442317262439428), ([[2755, 253], [2856, 253], [2856, 415], [2755, 415]], '휴', 0.20527875747074464), ([[2270, 790], [2431, 790], [2431, 1068], [2270, 1068]], '탓', 0.15170994206301103), ([[2487, 928], [2613, 928], [2613, 1067], [2487, 1067]], '못', 0.18486376711030061), ([[1186, 1041], [1450, 1041], [1450, 1174], [1186, 1174]], '과아', 0.3138852931777648), ([[1947, 1117], [2080, 1117], [2080, 1240], [1947, 1240]], "'및", 0.10261231156451113), ([[427.75956610415693, 37.03666716025232], [649.3454362777813, 70.78016791831362], [615.240433895843, 247.9633328397477], [393.6545637222187, 213.21983208168638]], '사양', 0.772506316515777)]
[([[203, 44], [268, 44], [268, 88], [203, 88]], '하', 0.7385039796741957), ([[427, 65], [479, 65], [479, 103], [427, 103]], '하다', 0.6955405559619469), ([[47, 242], [110, 242], [110, 287], [47, 287]], '하아', 0.5290256617384741), ([[63, 571], [113, 571], [113, 607], [63, 607]], '하-', 0.9935588892748389)]
[([[76, 74], [153, 74], [153, 131], [76, 131]], '브', 0.43576779254914655), ([[559, 125], [629, 125], [629, 163], [559, 163]], '하아', 0.09918131848863726), ([[575, 211], [638, 211], [638, 256], [575, 256]], "'하야", 0.19043405360047483), ([[258, 504], [310, 504], [310, 554], [258, 554]], '움질', 0.6000784483418783), ([[504, 576], [558, 576], [558, 624], [504, 624]], '움질', 0.7225243824093599)]
[([[565, 421], [635, 421], [635, 457], [565, 457]], '하아', 0.9882908809897584), ([[76, 771], [180, 771], [180, 828], [76, 828]], '(지이익', 0.958071231842041)]
[([[227.8713347040338, 234.16253799371492], [255.70316255393462, 223.06228969796607], [276.1286652959662, 275.8374620062851], [248.29683744606538, 286.9377103020339]], '휴', 0.05747873248893498), ([[601.0521752792359, 288.11391864486745], [674.7842379465013, 298.70402810051326], [667.9478247207641, 336.88608135513255], [594.2157620534987, 326.29597189948674]], '하아', 0.9982799992132969)]
[([[437, 12], [611, 12], [611, 75], [437, 75]], '파하-', 0.980307730775294), ([[447, 371], [519, 371], [519, 407], [447, 407]], '하악', 0.9996963033184146), ([[101, 421], [177, 421], [177, 457], [101, 457]], '하아', 0.9978698047792199), ([[24, 560], [78, 560], [78, 634], [24, 634]], '0', 0.9867686740581263), ([[435, 589], [475, 589], [475, 625], [435, 625]], '하', 0.9934626721643589)]
[([[496, 156], [648, 156], [648, 212], [496, 212]], '처천천히', 0.8998279571533203), ([[91, 479], [169, 479], [169, 522], [91, 522]], '(하아', 0.8761854403863805), ([[171, 1271], [270, 1271], [270, 1335], [171, 1335]], '찌적', 0.3349826514832057), ([[486.8418973634698, 1478.1359689265732], [553.5661562463594, 1487.9627918285473], [547.1581026365302, 1529.8640310734268], [479.43384375364064, 1521.0372081714527]], '찌적', 0.17725750122936595)]
[([[572, 334], [684, 334], [684, 360], [572, 360]], '지 지금부터 이불', 0.213473140825828), ([[30, 428], [102, 428], [102, 452], [30, 452]], '이 이게', 0.4416684204432343), ([[113, 429], [133, 429], [133, 459], [113, 459]], '옷', 0.7578689890704169), ([[74, 482], [166, 482], [166, 512], [74, 512]], '자 자자}문올', 0.2743195966160258), ([[63, 643], [151, 643], [151, 679], [63, 679]], '두두들 . 우유', 0.28964121160482187), ([[677, 631], [727, 631], [727, 667], [677, 667]], '우흐옷', 0.24713783296464978), ([[110, 802], [166, 802], [166, 834], [110, 834]], '가독!', 0.21267112443041655), ([[168, 908], [221, 908], [221, 940], [168, 940]], '가똑', 0.1121406051754987), ([[787, 1101], [807, 1101], [807, 1129], [787, 1129]], '우', 0.9999803305639468), ([[227, 1587], [299, 1587], [299, 1629], [227, 1629]], '꿈지', 0.009087632561932698), ([[516, 1644], [586, 1644], [586, 1696], [516, 1696]], '꼼', 0.673364751532862), ([[810.25097310286, 1103.0564224788761], [876.9995994713015, 1139.936713930743], [854.74902689714, 1178.9435775211239], [788.0004005286985, 1141.063286069257]], '잇4%', 0.17759593702653653)]
[([[1146, 60], [1251, 60], [1251, 133], [1146, 133]], '아양', 0.896719340256478), ([[548, 292], [596, 292], [596, 324], [548, 324]], '아', 0.9989619566114385), ([[816, 940], [907, 940], [907, 995], [816, 995]], '파악', 0.9146328146039521), ([[1043.9594617776756, 823.1094703550758], [1113.7501587452025, 838.4392335551478], [1104.0405382223244, 879.8905296449242], [1034.2498412547975, 864.5607664448522]], "'하앗", 0.38060410602312317)]
[([[407, 241], [481, 241], [481, 279], [407, 279]], '하아', 0.9997107162887435), ([[41, 325], [113, 325], [113, 361], [41, 361]], '하아', 0.9852749962540025), ([[465, 423], [485, 423], [485, 457], [465, 457]], '2', 0.9955722339364002), ([[404.00649859892917, 410.12534453582384], [455.73338242481225, 422.56408368276453], [446.99350140107083, 456.87465546417616], [396.26661757518775, 445.43591631723547]], '아', 0.9993065606096394), ([[666.2555804050272, 847.0347103337907], [756.9502305084579, 914.1090258912935], [715.7444195949728, 969.9652896662093], [625.0497694915421, 902.8909741087065]], '(%& )', 0.03407154195615816)]
[([[17, 169], [99, 169], [99, 209], [17, 209]], '하아', 0.8664314245292416), ([[514, 200], [615, 200], [615, 253], [514, 253]], '하아', 0.7158618504941079), ([[116, 334], [166, 334], [166, 362], [116, 362]], '하아', 0.9998903356614639), ([[870, 1036], [934, 1036], [934, 1090], [870, 1090]], '움질', 0.7877051293636437), ([[1014.4615384615385, 343.3076923076923], [1038.647100108266, 324.05268933957785], [1075.5384615384614, 374.6923076923077], [1051.352899891734, 392.94731066042215]], '둘', 0.17493203579910244), ([[630.4730402043222, 910.1975527764241], [696.1243089489197, 902.6422396011413], [700.5269597956778, 959.8024472235759], [634.8756910510803, 967.3577603988587]], "'움질", 0.4338525629516681)]
[([[322, 102], [348, 102], [348, 150], [322, 150]], '옷', 0.4506429617069898), ([[482, 220], [522, 220], [522, 252], [482, 252]], '움', 0.7808660889864427), ([[619, 253], [665, 253], [665, 291], [619, 291]], '아아', 0.2381446317298877), ([[496, 386], [530, 386], [530, 410], [496, 410]], '하아', 0.9919622278496999), ([[75, 452], [164, 452], [164, 491], [75, 491]], '셈해어!', 0.1376579999923706), ([[716, 702], [782, 702], [782, 732], [716, 732]], '암컷', 0.21048710575058868), ([[110, 802], [158, 802], [158, 834], [110, 834]], '가독', 0.07124760239588025), ([[674, 822], [774, 822], [774, 848], [674, 848]], '지짜   [구나화', 0.19380939614597123), ([[745, 851], [799, 851], [799, 871], [745, 871]], '어도임지', 0.11967116594314575), ([[168, 908], [221, 908], [221, 941], [168, 941]], '까쪽', 0.1635076274701365), ([[225, 1585], [299, 1585], [299, 1629], [225, 1629]], '경', 0.592081109328376), ([[516, 1644], [586, 1644], [586, 1696], [516, 1696]], '꼼', 0.7327123367923072), ([[239.43826238111393, 450.7506099048912], [271.5852479782092, 444.78057847830064], [274.56173761888607, 461.2493900951088], [242.4147520217908, 467.21942152169936]], '하아', 0.5089257544998288), ([[640.1430466182295, 466.3576165455737], [701.6084078726318, 456.5388740813532], [706.8569533817705, 500.6423834544263], [645.3915921273682, 510.4611259186468]], '어름', 0.15220628892660926)]
[([[1819, 116], [1910, 116], [1910, 197], [1819, 197]], '움', 0.3638374628633336), ([[732, 233], [814, 233], [814, 289], [732, 289]], '-**', 0.022705332151303634), ([[1363, 208], [1402, 208], [1402, 263], [1363, 263]], '대', 0.025153795369217358), ([[2157, 202], [2307, 202], [2307, 295], [2157, 295]], '\'아아"', 0.42275184392929077), ([[710, 320], [1018, 320], [1018, 398], [710, 398]], '얼굴 가리지말고', 0.40516740075587204), ([[849, 398], [978, 398], [978, 471], [849, 471]], '보여주', 0.29441882519553175), ([[2228, 428], [2305, 428], [2305, 489], [2228, 489]], '(하룻', 0.2851624437951833), ([[1854, 536], [1934, 536], [1934, 590], [1854, 590]], '하아', 0.9615616869880731), ([[1221, 670], [1320, 670], [1320, 731], [1221, 731]], '하아"', 0.7766762204161184), ([[2604, 748], [2673, 748], [2673, 797], [2604, 797]], '하아', 0.4947741924142566), ([[1814, 769], [1898, 769], [1898, 842], [1814, 842]], '대', 0.725965242529302), ([[2210, 1154], [2264, 1154], [2264, 1198], [2210, 1198]], '아', 0.9235306716495053), ([[2234, 1349], [2353, 1349], [2353, 1435], [2234, 1435]], '정말', 0.9951254950658068), ([[2372, 1461], [2513, 1461], [2513, 1549], [2372, 1549]], '직국어', 0.3081135489866817), ([[1586, 2754], [2641, 2754], [2641, 2842], [1586, 2842]], '8. 웨당스권 착용하고 기승위 중인 노꿀 백터', 0.217733259778127), ([[2220.1474774367166, 725.1438555949868], [2401.9556107090552, 708.3003122901328], [2404.8525225632834, 812.8561444050132], [2223.0443892909448, 828.6996877098672]], "어름'", 0.15188415621775248)]
[([[1889, 290], [2004, 290], [2004, 390], [1889, 390]], '움', 0.29156700075054687), ([[1329, 404], [1381, 404], [1381, 470], [1329, 470]], '싸', 0.007564229560532931), ([[2306, 393], [2492, 393], [2492, 508], [2306, 508]], "'아아니", 0.23918099701404572), ([[2399, 680], [2486, 680], [2486, 749], [2399, 749]], "'하룻", 0.27524328402468484), ([[1160, 981], [1277, 981], [1277, 1045], [1160, 1045]], '하아 ', 0.7474986517641161), ([[660, 1009], [919, 1009], [919, 1117], [660, 1117]], '셋해어!', 0.044558048248291016), ([[2857, 1069], [2941, 1069], [2941, 1126], [2857, 1126]], '하아', 0.8512998691513601), ([[1884, 1093], [1986, 1093], [1986, 1191], [1884, 1191]], '입', 0.14611857962245267), ([[2370, 1564], [2439, 1564], [2439, 1620], [2370, 1620]], '아', 0.7976088072255472), ([[2605, 1768], [2800, 1768], [2800, 1847], [2605, 1847]], '암컷설정', 0.04839605838060379), ([[1933.341306738663, 810.1993576285181], [2030.5111335608735, 800.6840520306412], [2033.658693261337, 864.8006423714819], [1936.4888664391265, 874.3159479693588]], '하아', 0.9706002979068432), ([[2385.017544198635, 1040.1315814897605], [2604.2884788077854, 1017.39806483455], [2607.982455801365, 1144.8684185102395], [2389.7115211922146, 1167.60193516545]], "어름'", 0.17450964465475244)]
[([[138, 104], [344, 104], [344, 156], [138, 156]], '의- 스타 축하', 0.07754656257126627), ([[361, 107], [437, 107], [437, 145], [361, 145]], '야:서', 0.07078091833751805), ([[617, 376], [822, 376], [822, 431], [617, 431]], '발기할거9은데', 0.08734207785431926), ([[681, 473], [759, 473], [759, 517], [681, 517]], '젖으면', 0.7735796192425868), ([[773, 477], [973, 477], [973, 519], [773, 519]], '빨리   어덩제하지 ,', 0.10502073269317519), ([[237, 671], [469, 671], [469, 760], [237, 760]], '에히]$', 0.0007253086077980697)]
[([[137, 107], [177, 107], [177, 153], [137, 153]], '의', 0.28658222670721045), ([[206, 104], [344, 104], [344, 154], [206, 154]], '스터경 축컷', 0.04251714640306751), ([[361, 107], [437, 107], [437, 145], [361, 145]], '야:서', 0.06815148787980088), ([[24, 262], [96, 262], [96, 288], [24, 288]], '이 이게', 0.3728025595192635), ([[109, 263], [129, 263], [129, 295], [109, 295]], '옷', 0.5422533696798979), ([[68, 316], [162, 316], [162, 348], [68, 348]], '자 자자}문올', 0.26802768808189964), ([[617, 376], [822, 376], [822, 431], [617, 431]], '발기할거같은데', 0.10295565505950084), ([[681, 473], [759, 473], [759, 517], [681, 517]], '젖으면', 0.7739232273156967), ([[773, 477], [973, 477], [973, 519], [773, 519]], '빨리   어떻제하지 ,', 0.13683302708980793), ([[642, 628], [728, 628], [728, 660], [642, 660]], '두두들 . 유유', 0.6515182850734225), ([[237, 671], [469, 671], [469, 760], [237, 760]], '에히]$', 0.0006990522961132228), ([[743, 777], [791, 777], [791, 813], [743, 813]], '우흐옷', 0.16017125658572626), ([[813, 843], [851, 843], [851, 881], [813, 881]], '우유', 0.35032758425977284), ([[801, 1175], [845, 1175], [845, 1221], [801, 1221]], '주우', 0.14569930931410469), ([[836, 1206], [898, 1206], [898, 1254], [836, 1254]], '주우움', 0.1023658284348364)]
[([[501, 277], [543, 277], [543, 313], [501, 313]], '움핏', 0.04248746460533292), ([[610, 262], [634, 262], [634, 310], [610, 310]], '옷', 0.4364251291662846), ([[569, 401], [617, 401], [617, 441], [569, 441]], "'아아", 0.19219620706086815), ([[494, 432], [528, 432], [528, 456], [494, 456]], '하아', 0.9728588626712646), ([[599, 495], [627, 495], [627, 515], [599, 515]], "'하룻", 0.34365854266601603), ([[634, 588], [702, 588], [702, 618], [634, 618]], '암컷설 .', 0.12525042519374313), ([[237, 671], [469, 671], [469, 760], [237, 760]], '에히]$', 0.001513739232905209)]
