2614041
113
[([[73, 91], [485, 91], [485, 151], [73, 151]], '-디장7 [면 ', 0.0013356147283994637), ([[182, 148], [388, 148], [388, 220], [182, 220]], '실 주의', 0.2010817676782608)]
[([[26, 48], [74, 48], [74, 74], [26, 74]], '09', 0.08726749229693001), ([[340, 136], [442, 136], [442, 212], [340, 212]], '원', 0.013560787432815913), ([[769, 173], [851, 173], [851, 215], [769, 215]], '4치서', 0.0028280234261532098), ([[879, 175], [958, 175], [958, 219], [879, 219]], "1'즌", 0.08050270546491352), ([[732, 216], [996, 216], [996, 264], [732, 264]], '6..7 예+ +};도 젠<', 0.00045287043269430944), ([[699, 265], [757, 265], [757, 303], [699, 303]], '+00', 0.5676087588157105), ([[846, 260], [1032, 260], [1032, 310], [846, 310]], '1;도{ +0아그', 0.006988574458863791), ([[688, 302], [1038, 302], [1038, 354], [688, 354]], '04 깨템 5소<+ 5빚-썩45@', 4.051910893241901e-06), ([[733, 351], [971, 351], [971, 395], [733, 395]], "1'  50 ->라/;리", 0.003251798542955182), ([[610, 466], [660, 466], [660, 518], [610, 518]], '에', 0.02282489997174153), ([[208, 1008], [236, 1008], [236, 1044], [208, 1044]], '0', 0.759418466012395), ([[621, 1049], [683, 1049], [683, 1147], [621, 1147]], '*', 0.002077281001867881), ([[263.99508749336485, 70.05627869094702], [371.5381496824546, 101.15395010584845], [348.00491250663515, 176.94372130905296], [240.46185031754538, 144.84604989415155]], '이', 0.002889453066300965), ([[758.9153477109068, 259.11906469908024], [848.809676787413, 272.6336145490304], [841.0846522890932, 313.88093530091976], [751.190323212587, 300.3663854509696]], '[079:', 0.15999091288506584)]
[([[652, 590], [932, 590], [932, 638], [652, 638]], '나44444시시시!!', 0.035549901106656685), ([[600, 636], [938, 636], [938, 686], [600, 686]], '#94!! #시사94_', 0.00581726769391312), ([[871.084635970295, 232.01746242173022], [1108.799317820414, 364.90282850282284], [1006.915364029705, 541.9825375782698], [769.200682179586, 409.09717149717716]], "에)}'", 0.06484609097242355)]
[([[101, 117], [249, 117], [249, 159], [101, 159]], '+서서여7', 0.00028773625106882775), ([[271, 117], [345, 117], [345, 157], [271, 157]], '예화화,', 0.000927413406316191), ([[137, 203], [241, 203], [241, 247], [137, 247]], '0쇼 개!', 0.005506550437781615), ([[554, 552], [974, 552], [974, 604], [554, 604]], '찮5긋, !04 디둘자@ -0 떤4]사.', 6.526673976380053e-07), ([[695, 599], [837, 599], [837, 641], [695, 641]], '80 |;팀 1', 0.025980099047887707), ([[235.21114561800016, 210.42229123600035], [305.2256199834228, 199.63454534548993], [309.78885438199984, 237.57770876399965], [238.77438001657717, 248.36545465451007]], '90팀.', 0.02400289848446846)]
[([[354, 308], [394, 308], [394, 334], [354, 334]], '7(', 0.03539011268629159), ([[737, 655], [902, 655], [902, 715], [737, 715]], '01>-', 0.0036926153115928173), ([[750, 964], [832, 964], [832, 1012], [750, 1012]], '"', 0.45568947185644504), ([[104, 1496], [146, 1496], [146, 1526], [104, 1526]], '6', 0.15446188905997715), ([[64, 1514], [92, 1514], [92, 1538], [64, 1538]], '6', 0.46540369119796665)]
[([[93, 609], [208, 609], [208, 662], [93, 662]], '7]옛서;', 8.21716859192204e-05), ([[221, 625], [327, 625], [327, 661], [221, 661]], '몸47서', 0.00038152365596033633), ([[738, 656], [901, 656], [901, 713], [738, 713]], '렌>', 0.001205951836632017), ([[748, 964], [830, 964], [830, 1012], [748, 1012]], '"', 0.5769367191146593), ([[633, 1149], [1027, 1149], [1027, 1209], [633, 1209]], '3#오수; [7갚.] +0 5간+', 8.398040304714591e-06), ([[640, 1202], [1020, 1202], [1020, 1252], [640, 1252]], "64+ 1 :처7'+ >규{ +0", 0.000437988351834946), ([[682, 1254], [768, 1254], [768, 1302], [682, 1302]], '+;$', 0.07818269949410163), ([[904, 1252], [1060, 1252], [1060, 1308], [904, 1308]], '찌7침와4', 6.582439287015367e-05), ([[704, 1304], [954, 1304], [954, 1356], [704, 1356]], '1|형교+ 소서,.?', 0.0002769634199362861), ([[600.9266873708001, 1247.0967805394005], [690.5621982396178, 1259.7501220603792], [680.0733126291999, 1313.9032194605995], [590.4378017603822, 1300.2498779396208]], ':?', 0.08124378820566258), ([[762.263428220882, 1264.3112561963815], [866.3840620433566, 1254.5958369439657], [868.736571779118, 1300.6887438036185], [764.6159379566434, 1310.4041630560343]], '권표5{.', 0.0013234087506930946)]
[([[738, 656], [901, 656], [901, 713], [738, 713]], '나몹사', 0.0002670874279330684), ([[751, 967], [829, 967], [829, 1011], [751, 1011]], '"', 0.47734927258193594), ([[846, 1144], [1044, 1144], [1044, 1200], [846, 1200]], '소규여모9씩4!', 0.00030145432246852144), ([[764, 1196], [954, 1196], [954, 1252], [764, 1252]], '시규"규여9쇼', 3.549131027197665e-05), ([[73.24876705139206, 159.01227177259733], [241.8859398061439, 246.44364252775034], [104.75123294860794, 510.98772822740267], [-62.88593980614392, 423.55635747224966]], '0', 0.7811028086658531), ([[132.05783693933762, 896.0494509237074], [262.83253389374016, 937.2718955425291], [237.94216306066238, 1008.9505490762926], [107.16746610625981, 967.7281044574709]], '작고,7', 1.8148732124245726e-05), ([[265.4550670072036, 991.3292546273735], [390.8912279282474, 961.7535541373069], [405.5449329927964, 1048.6707453726265], [280.1087720717526, 1078.2464458626932]], '`?', 0.02950067448558903), ([[707.9266873708001, 1137.0967805394005], [824.7803867585718, 1153.3915445541365], [815.0733126291999, 1203.9032194605995], [698.2196132414282, 1188.6084554458635]], '아*장!:', 0.0005472366964394453), ([[21.126521144336547, 1533.1379563433009], [87.14221851743373, 1505.8997857672218], [97.87347885566345, 1531.8620436566991], [31.857781482566264, 1560.1002142327782]], '736', 0.21412026311646185)]
[([[356, 310], [394, 310], [394, 334], [356, 334]], '77', 0.042058805451613994), ([[78, 547], [273, 547], [273, 608], [78, 608]], '룹어형디 97내', 0.001198471339550153), ([[737, 655], [904, 655], [904, 716], [737, 716]], '0>-', 0.014487977423849472), ([[27, 747], [81, 747], [81, 789], [27, 789]], '(0', 0.8306391576120147), ([[748, 964], [832, 964], [832, 1014], [748, 1014]], '"', 0.511136066633199), ([[820, 1048], [930, 1048], [930, 1096], [820, 1096]], '4서유화', 0.00537137920036912)]
[([[217, 191], [311, 191], [311, 231], [217, 231]], '##화', 0.004536124698959064), ([[323, 191], [395, 191], [395, 229], [323, 229]], '화침화', 0.0006848739713253348), ([[167, 233], [419, 233], [419, 271], [167, 271]], '+;$ 깨0감. :#+@', 6.921414182289889e-05), ([[212, 284], [250, 284], [250, 310], [212, 310]], '50', 0.9815694264996221), ([[253, 273], [401, 273], [401, 313], [253, 313]], '대서*썩;.].', 0.000102045538349591), ([[198, 352], [446, 352], [446, 402], [198, 402]], '#구감 대0 !현4 [*@', 0.0004156251270227999), ([[235, 397], [405, 397], [405, 437], [235, 437]], '+유@ 오 리시?', 0.00025265981380896165), ([[873, 821], [915, 821], [915, 861], [873, 861]], '6', 0.6549971785509037), ([[413.2802656784306, 241.3885579247043], [474.06281945915845, 232.4272316543069], [478.7197343215694, 269.6114420752957], [417.93718054084155, 279.5727683456931]], '90+', 0.40336379072917), ([[322.2264990188739, 1489.8397485283108], [432.5559111128231, 1439.4849614287036], [448.7735009811261, 1483.1602514716892], [338.4440888871769, 1532.5150385712964]], '씨각끼{!', 0.0005522935939664838)]
[([[204, 288], [390, 288], [390, 336], [204, 336]], '0화. @화화!', 0.008476366251824123), ([[157, 339], [213, 339], [213, 381], [157, 381]], '0쇼', 0.21152385968378473), ([[328, 336], [440, 336], [440, 384], [328, 384]], '1 교+;신', 0.008614431067034163), ([[207, 391], [441, 391], [441, 431], [207, 431]], "끼어프서'7 끼쳐", 0.00027100373455792633), ([[141, 500], [417, 500], [417, 560], [141, 560]], '#어히 0 , 5절`리,', 8.987127371966284e-05), ([[87, 554], [344, 554], [344, 602], [87, 602]], '1 서.. +0 $화;{', 0.0006516750718537315), ([[872, 822], [952, 822], [952, 870], [872, 870]], '6', 0.4032001593600967), ([[206.07692307692307, 346.38461538461536], [289.90434404721515, 331.87652476222786], [296.9230769230769, 379.61538461538464], [212.09565595278485, 394.12347523777214]], '9어림.', 0.007307499647140503), ([[132.00636944292776, 397.4146497187338], [203.75485156965524, 384.69832017151003], [209.99363055707224, 429.5853502812662], [138.24514843034476, 442.30167982848997]], '90+', 0.051228345684514565), ([[338.10263340389895, 559.307900211697], [469.428912213206, 549.4452177820207], [470.89736659610105, 600.692099788303], [339.571087786794, 610.5547822179793]], '때9줄하7!', 6.394515984412795e-05), ([[820.5125708376854, 989.1175991727596], [926.7481702853265, 934.3147871433418], [948.4874291623146, 984.8824008272404], [843.2518297146735, 1038.6852128566582]], "'", 0.623603451972091)]
[([[682, 122], [714, 122], [714, 146], [682, 146]], '스', 0.02828311027956354), ([[135, 267], [431, 267], [431, 329], [135, 329]], '꼴9쇼! 꼴규모깨규!!', 0.001256316803363249), ([[142, 320], [424, 320], [424, 376], [142, 376]], '# 여모모7모9징!!', 8.988451798560505e-05), ([[874, 824], [898, 824], [898, 856], [874, 856]], '1', 0.24371632336336635), ([[82.23520835187, 976.240687605659], [371.1893056147819, 925.9422840958727], [384.76479164813003, 1064.7593123943411], [95.81069438521806, 1115.0577159041275]], '07', 0.007403699271396913), ([[416.2668260128632, 1147.0168070804177], [777.9979953782253, 1268.7467335824028], [727.7331739871368, 1396.9831929195823], [367.00200462177474, 1275.2532664175972]], "' ", 0.6597410157522519)]
[([[110, 268], [488, 268], [488, 320], [110, 320]], '#444! #표화. 소]화!', 0.0017415776863223126), ([[106, 368], [227, 368], [227, 413], [106, 413]], '시여여.', 0.0008710022084414959), ([[255, 367], [495, 367], [495, 411], [255, 411]], '1뜯7 릇0 +서;', 0.0016337472668945243), ([[159, 415], [217, 415], [217, 459], [159, 459]], '예', 0.007815629449419215), ([[306, 414], [418, 414], [418, 462], [306, 462]], '6둘5틀.', 8.114344289206107e-05), ([[872, 820], [952, 820], [952, 868], [872, 868]], '4', 0.19387423578224006), ([[220.08955369908847, 409.0835899750777], [311.811547015536, 426.6402149738703], [300.91044630091153, 472.9164100249223], [210.188452984464, 455.3597850261297]], '굴둘버;', 0.0006654439494013786), ([[347.0970966215454, 1488.0194193243092], [446.7449828124519, 1450.687130588985], [460.9029033784546, 1487.9805806756908], [361.2550171875481, 1526.312869411015]], '끼끼카.', 0.016861893236637115), ([[346.0970966215454, 1528.0194193243092], [445.7688636495389, 1490.714323997838], [459.9029033784546, 1527.9805806756908], [360.2311363504611, 1565.285676002162]], '끼끼끼카.', 0.00495715812408713)]
[([[26, 50], [74, 50], [74, 74], [26, 74]], '어서-', 0.032040288738316006), ([[280, 106], [312, 106], [312, 144], [280, 144]], '76', 0.19933502091600006), ([[307, 125], [355, 125], [355, 165], [307, 165]], '7', 0.947444894029573), ([[694, 268], [1028, 268], [1028, 342], [694, 342]], '#시흡4!!', 0.019989177496314448), ([[348.89726085197617, 126.06781290100707], [451.30065862266, 149.52162876764723], [431.10273914802383, 224.93218709899293], [329.69934137734, 200.47837123235277]], '내', 0.3638495431347941), ([[927.3675444679664, 772.102633403899], [962.0, 789.0], [953.6324555320336, 805.897366596101], [919.0, 789.0]], '~', 0.6745378509581457), ([[597.8363533994712, 1229.0617219550297], [1017.2933792774994, 1067.1150104839053], [1039.1636466005286, 1156.9382780449703], [619.7066207225006, 1318.8849895160947]], '8:서서시장:.:1', 1.8262281052599724e-05)]
[([[85, 89], [169, 89], [169, 127], [85, 127]], '4치화', 0.0013454570201236683), ([[189, 89], [261, 89], [261, 127], [189, 127]], '소줄서', 0.0034757432181854136), ([[61, 127], [313, 127], [313, 167], [61, 167]], "1뜯썩여'+ 5라-;서차쳐 1", 0.00017644555656424747), ([[24, 166], [350, 166], [350, 214], [24, 214]], '+가+~꺾 *9소{ 07 !현47', 2.6834306360150997e-05), ([[47, 209], [325, 209], [325, 253], [47, 253]], '슈#(끗 드 (7 소04<', 3.39357915696605e-05), ([[762, 212], [1020, 212], [1020, 266], [762, 266]], '>어4 <서/표씬 처<', 7.96227696507055e-06), ([[736, 254], [1044, 254], [1044, 308], [736, 308]], '+@ 7통신 $ 리|?', 0.0013184019442250177)]
[([[701, 69], [807, 69], [807, 109], [701, 109]], '벼화여여', 0.001257790601812303), ([[818, 66], [1028, 66], [1028, 116], [818, 116]], '! 1+ [<라/(리', 0.0021561218897465525), ([[708, 108], [1022, 108], [1022, 156], [708, 156]], '5 라신? $0 5뽑꺾, #4+', 0.0002666564164617276), ([[704, 154], [888, 154], [888, 206], [704, 206]], '소아안카리', 0.00015389985254365217), ([[909, 157], [1022, 157], [1022, 206], [909, 206]], '소찌79!', 0.02544592316483876), ([[724, 198], [1006, 198], [1006, 246], [724, 246]], '7소도 생라 아차라5 치', 7.403120831076321e-05), ([[778, 246], [924, 246], [924, 296], [778, 296]], '-여걱@;리;', 3.4587623510057535e-05)]
[([[716, 40], [829, 40], [829, 95], [716, 95]], '벼형형9소.', 0.0018495751299449504), ([[860, 42], [1048, 42], [1048, 90], [860, 90]], '타무 (도-소아빚', 1.6121092632838544e-05), ([[700, 80], [927, 80], [927, 135], [700, 135]], '15 ${,라+]유모9;.', 0.00012159413786837735), ([[949, 86], [1057, 86], [1057, 126], [949, 126]], '4화7!', 0.04948769882321358), ([[689, 129], [877, 129], [877, 171], [689, 171]], '7소;$ 감 5틀.', 0.002929175655016747), ([[906, 126], [1070, 126], [1070, 174], [906, 174]], '#흡4!', 0.1041380986571312), ([[788, 184], [814, 184], [814, 210], [788, 210]], '예', 0.07362006537627863), ([[814, 172], [876, 172], [876, 222], [814, 222]], '59;', 0.1302595922252163), ([[908, 182], [978, 182], [978, 212], [908, 212]], '0여즌', 0.00424381173538496), ([[733, 211], [1026, 211], [1026, 262], [733, 262]], '나44+시시+정4!!', 0.011294702608469816), ([[312.65792775703505, 844.3842699626631], [463.8638197648981, 787.4041883318098], [494.34207224296495, 881.6157300373369], [343.1361802351019, 938.5958116681902]], '387', 0.005390786463648772), ([[654.2558007517838, 865.0277300739023], [798.9856813227009, 946.4650527862839], [755.7441992482162, 1018.9722699260977], [611.0143186772991, 938.5349472137161]], "'@위옛소", 0.0015977369841311969)]
[([[97, 29], [283, 29], [283, 69], [97, 69]], '4}스스7 !!', 0.0016518812537621227), ([[36, 70], [346, 70], [346, 120], [36, 120]], "0서, 1서라 (. 1' ", 0.0003256796421870914), ([[71, 116], [274, 116], [274, 169], [71, 169]], '9어찌모표 -고가', 0.00010841287556434609), ([[17, 171], [163, 171], [163, 211], [17, 211]], '예,섞 버)4.', 0.0003272470502905244), ([[186, 160], [332, 160], [332, 212], [186, 212]], '나서규여9화', 7.234563847628889e-05), ([[18, 204], [362, 204], [362, 256], [18, 256]], '@7;~커79 +유제 - @신?', 4.532357163719687e-05), ([[168.23652010216108, 399.09877638821206], [239.99550645694225, 418.83586265989356], [232.76347989783892, 442.90122361178794], [161.00449354305775, 423.16413734010644]], '쇼 ~', 0.10041029751300812), ([[253.30619754990585, 855.2616075045198], [420.59742622939865, 815.8073845470727], [439.69380245009415, 933.7383924954802], [272.40257377060135, 973.1926154529273]], '묘#고?', 8.60695363371633e-05), ([[648.9421871324348, 950.0467145965131], [855.4753536318576, 983.4905471902572], [833.0578128675652, 1086.953285403487], [626.5246463681424, 1053.509452809743]], '0물아', 8.229009850230593e-05)]
[([[712, 204], [878, 204], [878, 252], [712, 252]], '>어4 오4<쳐', 0.0025426667598580912), ([[953, 209], [1003, 209], [1003, 249], [953, 249]], '파8', 0.006907867407051977), ([[798, 252], [1016, 252], [1016, 300], [798, 300]], '감+전 +세;$? 1', 0.002301233391201919), ([[232, 254], [516, 254], [516, 376], [232, 376]], '{요', 0.03697114031230166), ([[772, 300], [1022, 300], [1022, 352], [772, 352]], '+}즌 +아;서+ + <', 0.00016361449618592836), ([[692, 364], [720, 364], [720, 390], [692, 390]], '(', 0.07924010891715572), ([[720, 341], [1006, 341], [1006, 404], [720, 404]], "'라/-|가, -*,0감.", 1.9225986539881372e-05), ([[617, 1047], [683, 1047], [683, 1149], [617, 1149]], '꿈', 0.013258821784166097), ([[264.97228394637955, 72.058870333502], [371.5753347962696, 103.2680349321619], [348.02771605362045, 176.941129666498], [241.4246652037304, 144.7319650678381]], '"비', 0.0013291297009337074), ([[349.0077221232863, 127.06177698629065], [449.45203456383314, 151.09015793221755], [429.9922778767137, 222.93822301370935], [329.54796543616686, 197.90984206778245]], '내', 0.044020343924785266), ([[872.3183180150093, 212.29129044202583], [963.2399915200255, 203.3500052999841], [965.6816819849907, 249.70870955797417], [874.7600084799745, 258.6499947000159]], "-04'", 0.006489878986030817), ([[704.9074644389061, 244.10030797009324], [802.7096908771446, 260.1562456542554], [793.0925355610939, 309.89969202990676], [695.2903091228554, 294.8437543457446]], '0*]!', 0.002652226947247982), ([[696.8875528448131, 293.10403007750915], [780.5661664670233, 306.75995739741745], [771.1124471551869, 357.89596992249085], [687.4338335329767, 344.24004260258255]], '디형9', 0.04884278594120653)]
[([[26, 48], [76, 48], [76, 72], [26, 72]], '0)', 0.03891103576408126), ([[683, 257], [1031, 257], [1031, 301], [683, 301]], "+여( 1'가 치아여-뱀?즉+.날,", 2.9385301963641913e-06), ([[660, 296], [1068, 296], [1068, 344], [660, 344]], '0 +유;도  9사위 +절답@ & 커소;빚.', 1.0804312018563242e-05), ([[693, 341], [947, 341], [947, 379], [693, 379]], "1' 여0+ 4독라디 +0", 0.0007843774180050079), ([[941, 333], [1046, 333], [1046, 387], [941, 387]], '(어79', 0.003502919338643551), ([[721, 383], [995, 383], [995, 421], [721, 421]], '+유;$ 07 $0가서07즌 .', 0.0001834049496747641), ([[274.1355265538526, 69.04684429544434], [372.8892563385289, 111.67348787228275], [343.8644734461474, 176.95315570455566], [244.11074366147105, 133.32651212771725]], '마비', 0.07672114364436879), ([[349.9234480567936, 124.06461887138671], [449.4103896143607, 150.79604205167212], [428.0765519432064, 224.9353811286133], [327.5896103856393, 197.20395794832788]], '배', 0.8708564584158154)]
[([[26, 48], [74, 48], [74, 74], [26, 74]], '0서-', 0.03642095235535913), ([[594, 160], [622, 160], [622, 198], [594, 198]], '대', 0.11227784596382495), ([[711, 279], [821, 279], [821, 317], [711, 317]], ">어4'<라", 0.0018562546012622291), ([[897, 277], [1021, 277], [1021, 317], [897, 317]], '감+화 교?', 0.002337958584013497), ([[775, 319], [859, 319], [859, 357], [775, 357]], '6절`틀,', 0.0006026981018539615), ([[887, 319], [1053, 319], [1053, 357], [887, 357]], "1'가 *7릇/", 0.004086886347517011), ([[708, 357], [1029, 357], [1029, 399], [708, 399]], "여라<차)45 +00 놔4+ 1'", 0.00025310750198685603), ([[775, 401], [953, 401], [953, 445], [775, 445]], '(0 찌무 `.-{.', 0.0008899916433734307), ([[210, 1008], [234, 1008], [234, 1042], [210, 1042]], '0', 0.2300289215063458), ([[264.99508749336485, 71.05627869094702], [372.63069574119737, 105.44831604173295], [347.00491250663515, 177.94372130905296], [240.36930425880263, 144.55168395826706]], '자비', 0.001058504459397861), ([[347.8697783222548, 127.07124874581251], [448.1739783547438, 148.23355899340237], [430.1302216777452, 223.9287512541875], [329.8260216452562, 202.76644100659763]], '0', 0.16782401099778443), ([[819.9594617776758, 270.1094703550758], [905.7262666615051, 282.3683127001947], [897.0405382223242, 326.8905296449242], [812.2737333384949, 314.6316872998053]], '0*예!', 0.00262478762306273), ([[683.8918944820551, 313.1243357210427], [777.811547015536, 325.6402149738703], [770.1081055179449, 366.8756642789573], [676.188452984464, 354.3597850261297]], '0*!;', 0.061296701431274414)]
[([[26, 50], [74, 50], [74, 74], [26, 74]], '어-', 0.22786157316980735), ([[594, 162], [624, 162], [624, 198], [594, 198]], "'", 0.8642949091065475), ([[822, 264], [1010, 264], [1010, 314], [822, 314]], "1'  9형끌모닭", 0.0006372360630721881), ([[238, 256], [524, 256], [524, 376], [238, 376]], '요7', 0.06650521103472624), ([[726, 308], [980, 308], [980, 358], [726, 358]], '교치<+ ?4-세모9', 5.491040349142517e-05), ([[775, 401], [937, 401], [937, 441], [775, 441]], '여여여여여속.', 0.004416833514404302), ([[208, 1008], [236, 1008], [236, 1044], [208, 1044]], '0', 0.751758117606105), ([[635, 1059], [701, 1059], [701, 1153], [635, 1153]], '*', 0.8806567032842771), ([[622, 1502], [774, 1502], [774, 1550], [622, 1550]], ' =', 0.3405097226880322), ([[266.0652700194608, 76.05479516541699], [369.7101125073485, 108.86595100243032], [346.9347299805392, 176.945204834583], [242.2898874926515, 144.13404899756966]], "'비", 0.008355456834655432), ([[362.0955116463432, 113.04556529879753], [451.86630812134695, 160.45449674948998], [414.9044883536568, 229.95443470120247], [325.13369187865305, 182.54550325051002]], '매', 0.0609007106996593), ([[722.0557630317494, 256.0899677650968], [825.8248984855949, 271.68837711071205], [816.9442369682506, 317.9100322349032], [713.1751015144051, 302.31162288928795]], '0*/과;', 0.002067820735945029)]
[([[26, 48], [76, 48], [76, 72], [26, 72]], '0)', 0.16478620580274125), ([[279, 103], [315, 103], [315, 143], [279, 143]], '76', 0.2082090811078479), ([[307, 125], [353, 125], [353, 165], [307, 165]], '77', 0.2239978045137178), ([[760, 276], [998, 276], [998, 330], [760, 330]], '전규 규소화!!', 8.406031075461215e-05), ([[764, 380], [992, 380], [992, 436], [764, 436]], '꼴규여여여9좁!!', 0.0020195301055494714), ([[210, 1010], [234, 1010], [234, 1040], [210, 1040]], '0', 0.8622780591396726), ([[363.08637680787945, 113.04649271721861], [451.86630812134695, 159.45449674948998], [414.91362319212055, 228.9535072827814], [325.13369187865305, 181.54550325051002]], '배', 0.5932617747305677)]
[([[26, 48], [74, 48], [74, 72], [26, 72]], '0-', 0.1261318741299374), ([[744, 302], [844, 302], [844, 352], [744, 352]], '4#}', 0.01690206562196868), ([[880, 304], [976, 304], [976, 352], [880, 352]], '소줄전', 0.002916368347671078), ([[752, 356], [998, 356], [998, 406], [752, 406]], "'+'$ $0 소절<].", 0.004138777241400798), ([[208, 1008], [234, 1008], [234, 1040], [208, 1040]], '0', 0.6617371356298918), ([[616, 1500], [770, 1500], [770, 1552], [616, 1552]], ' -', 0.3147152840620671), ([[286.2965090582669, 75.03543967684251], [367.9309481354045, 138.0192054525371], [329.7034909417331, 187.96456032315749], [248.0690518645955, 124.9807945474629]], '("', 0.5226589511501798), ([[348.8836873886971, 125.069499109577], [449.288705259617, 148.49324008246973], [430.1163126113029, 222.93050089042302], [328.711294740383, 199.50675991753027]], '내', 0.14429641493416412)]
[([[26, 50], [76, 50], [76, 74], [26, 74]], '0)', 0.24620300873251155), ([[340, 138], [442, 138], [442, 214], [340, 214]], "'6", 0.004148927971270054), ([[731, 303], [847, 303], [847, 341], [731, 341]], '설,드드;.', 0.0022439039172977788), ([[845, 295], [1027, 295], [1027, 358], [845, 358]], '@,*, 뽑좁!!', 0.0003813173935465528), ([[752, 388], [1002, 388], [1002, 440], [752, 440]], '#-여여규규여씹사!!', 9.348184002179633e-05), ([[210, 1010], [234, 1010], [234, 1042], [210, 1042]], '0', 0.5539076181827483), ([[614, 1504], [772, 1504], [772, 1554], [614, 1554]], '= =', 0.20668110548136848), ([[289.21727292457166, 90.05127422674474], [367.9774435291741, 129.48022230181095], [342.78272707542834, 177.94872577325526], [264.0225564708259, 138.51977769818905]], '자(', 0.0031996467595889052)]
[([[26, 48], [76, 48], [76, 72], [26, 72]], '0)', 0.16478620580274125), ([[252, 96], [318, 96], [318, 146], [252, 146]], '1', 0.3088241569225971), ([[307, 123], [355, 123], [355, 165], [307, 165]], '7', 0.9272941519400355), ([[340, 134], [442, 134], [442, 212], [340, 212]], "'", 0.01688520216763223), ([[620, 1502], [772, 1502], [772, 1550], [620, 1550]], ' =', 0.6567354299605818), ([[715.1777649698103, 290.0376381709323], [1050.9896910872849, 344.5693561155792], [1034.8222350301896, 416.9623618290677], [699.010308912715, 361.4306438844208]], '시시시,-4!!', 0.0020172822988635767)]
[([[369, 281], [409, 281], [409, 317], [369, 317]], '>', 0.9942043598939563), ([[381, 473], [461, 473], [461, 517], [381, 517]], "',히아?", 0.0008529468895441631), ([[399, 507], [453, 507], [453, 551], [399, 551]], "'1", 0.2377033404419531), ([[626, 524], [681, 524], [681, 556], [626, 556]], "'9`물신", 0.00030594590181445375), ([[632, 558], [694, 558], [694, 586], [632, 586]], '6})', 0.03291751785665373), ([[942, 754], [982, 754], [982, 784], [942, 784]], "'", 0.5768610242840033), ([[497.21553545944727, 487.07767729723633], [591.9697379282635, 509.5088984006272], [582.7844645405528, 544.9223227027637], [487.03026207173656, 522.4911015993728]], '5틈:`내', 0.00017667188056943553), ([[670.263428220882, 519.3112561963815], [748.9564250069608, 508.94276249462115], [752.736571779118, 555.6887438036185], [675.0435749930392, 566.0572375053788]], "'패쓰", 0.017820431821174668), ([[684.2562854188427, 556.5587995863798], [752.4831254946143, 544.316525088397], [756.7437145811573, 575.4412004136202], [688.5168745053857, 587.683474911603]], "'깨0 0", 0.01288614734261001), ([[444.7125353714373, 633.4275212228624], [563.0294090644547, 594.0396178301966], [575.2874646285627, 632.5724787771376], [456.9705909355453, 671.9603821698034]], '6신:네리', 0.009385987111460709), ([[998.0593947347958, 748.0741868292132], [1076.8554969205577, 774.6911242177578], [1058.9406052652043, 822.9258131707868], [980.1445030794424, 796.3088757822422]], "'", 0.5133179059311068)]
[([[26, 50], [72, 50], [72, 74], [26, 74]], '(서-', 0.07636599107547638), ([[340, 138], [440, 138], [440, 212], [340, 212]], '4', 0.18578352553128585), ([[759, 185], [845, 185], [845, 229], [759, 229]], '4}', 0.036334958185652376), ([[873, 187], [955, 187], [955, 229], [873, 229]], '소썩스;', 0.0007320130825974047), ([[723, 232], [1024, 232], [1024, 277], [723, 277]], ">라|, 1 뜯썩7'+ $4-그", 0.0002168575050681007), ([[727, 277], [1009, 277], [1009, 319], [727, 319]], "+유;$ 훔줄(답'7 70감", 0.00012943799493165588), ([[710, 372], [736, 372], [736, 406], [710, 406]], '1', 0.9875365273670731), ([[825, 367], [937, 367], [937, 409], [825, 409]], "+유즉+'$", 0.003118627025261992), ([[208, 1010], [234, 1010], [234, 1044], [208, 1044]], '0', 0.6454672347986481), ([[618, 1502], [772, 1502], [772, 1552], [618, 1552]], ' =', 0.2733001390240163), ([[273.0428759335574, 60.045909708997186], [379.64763821237733, 102.36882594207891], [345.9571240664426, 183.9540902910028], [239.35236178762267, 140.6311740579211]], '자', 0.003397831923007702), ([[736.98022872944, 362.105097901312], [832.7434164902526, 374.41886116991583], [825.01977127056, 419.894902098688], [730.2565835097474, 408.58113883008417]], '유)권깨', 5.849989247508347e-05), ([[939.98022872944, 361.105097901312], [1034.7434164902525, 372.41886116991583], [1027.01977127056, 418.894902098688], [932.2565835097474, 406.58113883008417]], '0*]!;', 0.0024834912941639363)]
[([[26, 48], [76, 48], [76, 74], [26, 74]], '0서)', 0.060813121676942396), ([[904, 760], [940, 760], [940, 786], [904, 786]], '4', 0.14876625048682346), ([[210, 1010], [234, 1010], [234, 1042], [210, 1042]], '0', 0.5539076181827483), ([[618, 1502], [774, 1502], [774, 1552], [618, 1552]], ' =', 0.362837136383491), ([[287.24651888150316, 87.047499163875], [367.99170697599504, 129.68464700126341], [340.75348111849684, 177.95250083612498], [261.00829302400496, 135.31535299873659]], '가', 0.0026629742495622027), ([[360.14471515106385, 118.04585090489371], [449.8612932299878, 160.5167371264174], [417.85528484893615, 226.9541490951063], [328.1387067700122, 183.4832628735826]], '내', 0.054228081848983756), ([[752.1514718625762, 274.060303038033], [878.9604536152268, 307.3122553520892], [863.8485281374238, 355.939696961967], [737.0395463847732, 323.6877446479108]], '-0까즌.', 0.0012797106592076068), ([[917.1675694221406, 325.0875762840607], [989.9119713456972, 343.16544611291795], [979.8324305778594, 379.9124237159393], [907.0880286543028, 360.83455388708205]], '07', 0.17652028036507794), ([[733.4038827981628, 322.02542873850484], [1024.9951714086956, 392.7400443057579], [1006.5961172018372, 452.97457126149516], [715.0048285913045, 382.2599556942421]], '생*모모썩4!', 0.001228896198416596), ([[819.2172729245717, 733.1039098209152], [895.9938552227485, 751.80808620367], [888.7827270754283, 775.8960901790848], [812.0061447772515, 757.19191379633]], '~', 0.8678449743367764)]
[([[26, 50], [74, 50], [74, 74], [26, 74]], '명', 0.04014910381160974), ([[749, 222], [1021, 222], [1021, 314], [749, 314]], '시,4!!', 0.015552169681859964), ([[698, 335], [1051, 335], [1051, 434], [698, 434]], ' 옛4!!!', 0.01752588257547935), ([[921, 775], [949, 775], [949, 793], [921, 793]], '4', 0.5126800431408207), ([[620, 1500], [774, 1500], [774, 1550], [620, 1550]], ' =', 0.259650471661349), ([[288.2070176794539, 90.05263259590419], [366.9714946040111, 128.41583204960762], [341.7929823205461, 176.94736740409581], [263.0285053959889, 138.58416795039238]], '(', 0.8319463389949675), ([[350.0077221232863, 127.06177698629065], [448.4327798592537, 151.0413206385495], [428.9922778767137, 222.93822301370935], [330.5672201407463, 197.9586793614505]], '내', 0.638508769910576), ([[858.3273272060037, 755.1165161768104], [911.9677398201998, 765.6422291236], [907.6726727939963, 786.8834838231896], [853.0322601798002, 776.3577708764]], '구', 0.008812361450407702)]
[([[24, 47], [77, 47], [77, 74], [24, 74]], '0-', 0.060767073773508554), ([[277, 103], [315, 103], [315, 147], [277, 147]], '6', 0.18031758554841648), ([[307, 125], [355, 125], [355, 165], [307, 165]], '7', 0.8211432238596359), ([[340, 136], [442, 136], [442, 214], [340, 214]], '심', 0.020818847333502255), ([[686, 234], [821, 234], [821, 302], [686, 302]], '시.', 0.1823224899691262), ([[850, 249], [1021, 249], [1021, 325], [850, 325]], '시4,', 0.09740935925244308), ([[606, 466], [662, 466], [662, 518], [606, 518]], '배]', 0.0031384654036665308), ([[208, 1010], [234, 1010], [234, 1042], [208, 1042]], '0', 0.6074320131780411), ([[622, 1502], [772, 1502], [772, 1550], [622, 1550]], ' =', 0.25146290442538893), ([[720.1098497881025, 345.05682834719903], [971.9621485675115, 377.27302866363334], [959.8901502118975, 436.94317165280097], [709.0378514324885, 404.72697133636666]], '#시시시-4.', 0.0073553093250119635)]
[([[26, 48], [74, 48], [74, 72], [26, 72]], '0-', 0.1261318741299374), ([[731, 260], [984, 260], [984, 310], [731, 310]], '시화여여여! #표화.', 0.0002194227293125645), ([[708, 308], [810, 308], [810, 352], [708, 352]], '>화라담', 0.0008371095755137503), ([[837, 304], [1038, 304], [1038, 354], [837, 354]], "+사즘+'$ 예(1", 0.0007359529690186846), ([[816, 354], [970, 354], [970, 406], [816, 406]], '슈현항 !어4.', 0.0001945219812418033), ([[208, 1008], [234, 1008], [234, 1042], [208, 1042]], '0', 0.8127438162553666), ([[286.2965090582669, 75.03543967684251], [367.9397335704904, 137.08343141521826], [329.7034909417331, 187.96456032315749], [248.06026642950962, 124.91656858478174]], '("', 0.6970233210202192), ([[347.89726085197617, 124.06781290100707], [450.3286585199515, 148.58921603468653], [431.10273914802383, 222.93218709899293], [328.6713414800485, 198.41078396531347]], "'내", 0.13823545373268092), ([[748.9309852784941, 365.448167612687], [817.6997003669798, 352.63663603001845], [824.0690147215059, 396.551832387313], [755.3002996330202, 409.36336396998155]], '90+', 0.16947943862114206)]
[([[26, 48], [74, 48], [74, 72], [26, 72]], '0-', 0.03761827698810494), ([[340, 136], [444, 136], [444, 212], [340, 212]], '4', 0.040795502946276097), ([[701, 230], [1019, 230], [1019, 275], [701, 275]], '어4 조여+서] 끼기<쳐?', 4.8308670604436435e-05), ([[726, 272], [1002, 272], [1002, 324], [726, 324]], "애리신, -<즌7'+ ,04", 0.00026340245633927543), ([[711, 312], [991, 312], [991, 372], [711, 372]], '명*라-껑리 749소우템', 7.685430799547379e-07), ([[744, 404], [981, 404], [981, 456], [744, 456]], '-*9소껑, +유뱀7.', 6.693170378351119e-05), ([[208, 1008], [234, 1008], [234, 1042], [208, 1042]], '0', 0.6396669439766356), ([[292.25558040502716, 69.03471033379071], [367.82134801181934, 140.3187756610108], [320.74441959497284, 191.9652896662093], [245.17865198818066, 120.68122433898921]], '익무', 0.000799675849547199)]
[([[26, 48], [74, 48], [74, 72], [26, 72]], '0-', 0.08444844819907273), ([[765, 213], [977, 213], [977, 255], [765, 255]], '단어4 %절7 $. @', 0.000896343386045247), ([[732, 253], [1014, 253], [1014, 304], [732, 304]], '끼아,@ ?0아? $4디그', 2.1801681258965934e-05), ([[734, 298], [1006, 298], [1006, 350], [734, 350]], ';7 7리 (55? 앙손신,', 0.00017193790023622003), ([[746, 342], [1000, 342], [1000, 393], [746, 393]], '1 -4??아-공 +유썩+', 0.00014944367449532518), ([[721, 387], [1016, 387], [1016, 438], [721, 438]], '(형.5 9라교+ -애줄!', 0.0001950169612891352), ([[208, 1008], [236, 1008], [236, 1044], [208, 1044]], '0', 0.8389286983561419), ([[277.1537115632518, 68.0448886945671], [374.9003957470241, 112.74152988100501], [343.8462884367482, 177.9551113054329], [246.0996042529759, 133.25847011899498]], '가씨', 0.00432434129733121), ([[347.8555211561317, 126.07306501782735], [449.2177105210789, 147.3299545245667], [431.1444788438683, 221.92693498217267], [329.7822894789211, 200.6700454754333]], '내', 0.20392903443870214)]
[([[26, 48], [72, 48], [72, 72], [26, 72]], '0-', 0.028150663620018227), ([[723, 145], [1027, 145], [1027, 185], [723, 185]], '1 >/5 연라<0어45 +사줄{', 2.4201016679405772e-05), ([[710, 184], [1038, 184], [1038, 232], [710, 232]], '7  9소{ 5끗 +00  -전', 0.00013693523732536553), ([[704, 226], [1046, 226], [1046, 274], [704, 274]], '슈처 낙현4 54+ +475 04{', 0.0004015314433859451), ([[685, 270], [1063, 270], [1063, 309], [685, 309]], "교'5 찌0+. 7사즉{ 끼줄|서5 끼즌", 6.619571605647423e-05), ([[737, 308], [860, 308], [860, 363], [737, 363]], '소둘??커;', 0.0001297189498543667), ([[879, 319], [1005, 319], [1005, 357], [879, 357]], '-어4 (,쳐', 0.0008880634960135944), ([[706, 347], [1042, 347], [1042, 400], [706, 400]], '@까가*/표79 깨! 서+수도^', 1.8458615075212357e-06), ([[773, 397], [911, 397], [911, 433], [773, 433]], '>+전 끼즌.', 0.002008294768516196), ([[938, 400], [972, 400], [972, 432], [938, 432]], '0', 0.39808553458584583), ([[292.24861924323466, 70.03536397828735], [371.88116277453065, 139.62621933287997], [326.75138075676534, 191.96463602171266], [247.11883722546938, 123.37378066712002]], '(후"', 0.007431577307066959), ([[347.8697783222548, 125.07124874581251], [449.2177105210789, 147.3299545245667], [431.1302216777452, 221.9287512541875], [329.7822894789211, 200.6700454754333]], '내', 0.15312356774097058)]
[([[24, 47], [75, 47], [75, 74], [24, 74]], '((서', 0.03746705395404716), ([[340, 136], [442, 136], [442, 214], [340, 214]], '심', 0.019869072689165046), ([[745, 236], [988, 236], [988, 315], [745, 315]], '4 >데-5', 0.00027370085223816165), ([[684, 345], [1055, 345], [1055, 407], [684, 407]], '0신444+ 사!!', 0.012849629782968365), ([[288.1964926239916, 90.05404541753806], [365.9633024080417, 127.33741084355093], [341.8035073760084, 175.94595458246195], [264.0366975919583, 138.6625891564491]], '(', 0.7950631447095624)]
[([[26, 48], [74, 48], [74, 72], [26, 72]], '어-', 0.1645998521396348), ([[257, 87], [317, 87], [317, 147], [257, 147]], '2', 0.014014098455167323), ([[294, 122], [356, 122], [356, 166], [294, 166]], '"477', 0.5591179132461548), ([[349.9234480567936, 123.06461887138671], [451.3939725551977, 149.75327476638577], [429.0765519432064, 223.9353811286133], [328.6060274448023, 197.24672523361423]], '배', 0.30806020668012835), ([[746.1725097715042, 215.0490820806354], [1029.978644496651, 252.45362925648996], [1017.8274902284958, 312.9509179193646], [735.0213555033491, 275.54637074351]], '시시-4!!', 0.026024753493292252), ([[707.235372136918, 326.041886445954], [1053.9933931084854, 370.69593943006583], [1041.764627863082, 430.958113554046], [695.0066068915146, 386.30406056993417]], '타모모앞시흡4!!', 0.0006503504657519069)]
[([[58, 129], [251, 129], [251, 173], [58, 173]], '시}여여여!!', 0.0006885036759004771), ([[832, 315], [1012, 315], [1012, 366], [832, 366]], '#-소]릇; !쳐4', 0.0004620798502089872), ([[811, 358], [1031, 358], [1031, 403], [811, 403]], '예싣9소{, 6댁`끗?', 1.6080397917105928e-05), ([[378, 424], [460, 424], [460, 472], [378, 472]], "'0야?", 0.006870378274470568), ([[381, 463], [453, 463], [453, 503], [381, 503]], '31', 0.4661160069924904), ([[626, 480], [678, 480], [678, 506], [626, 506]], '-', 0.288730864924446), ([[630, 512], [692, 512], [692, 540], [630, 540]], '(쪽)', 0.018453661292444308), ([[346.2583685632087, 112.06935338500611], [438.9997830037702, 141.95833559371073], [427.7416314367913, 172.9306466149939], [335.0002169962298, 143.04166440628927]], '시4`', 0.0029350117018673624), ([[141.1911248646676, 432.06586167447233], [255.97804739120767, 461.53197845039927], [243.8088751353324, 502.93413832552767], [129.02195260879233, 473.46802154960073]], '?맛:8', 0.0007554531912319362), ([[669.370046583403, 471.27313509186865], [747.0932873699488, 464.1285894569015], [749.629953416597, 509.72686490813135], [671.9067126300512, 516.8714105430985]], '저쓰', 0.01207699055067676), ([[681.3358994113244, 508.5038491169865], [749.4696383577459, 496.296801132589], [754.6641005886756, 528.4961508830136], [686.5303616422541, 539.703198867411]], '떤0}', 0.005511133052947267), ([[47.6076433315133, 624.4975796624806], [218.9045423440569, 562.5437788850605], [232.3923566684867, 612.5024203375194], [60.09545765594312, 674.4562211149395]], '344장>?', 0.0029970832578718755), ([[999.2281155986319, 701.0599398312445], [1075.933529327891, 730.1874186989356], [1057.771884401368, 774.9400601687555], [981.0664706721091, 745.8125813010644]], "'", 0.5768610242840033)]
[([[29, 49], [73, 49], [73, 69], [29, 69]], '(거)', 0.03204498206879022), ([[340, 134], [444, 134], [444, 210], [340, 210]], '4', 0.008924485507786406), ([[736, 235], [1015, 235], [1015, 333], [736, 333]], '나#4+시!', 0.01552438973699924), ([[262, 311], [394, 311], [394, 483], [262, 483]], '?', 0.0018387029131278348), ([[724, 366], [1003, 366], [1003, 468], [724, 468]], '#+정4!!', 0.024804319599559685), ([[603, 457], [673, 457], [673, 517], [603, 517]], '깨', 0.009229486230515116), ([[886, 766], [930, 766], [930, 790], [886, 790]], '2', 0.045356089097773555), ([[291.10984978810245, 83.05682834719904], [368.958113554046, 123.23537213691802], [341.89015021189755, 174.94317165280094], [264.041886445954, 134.76462786308198]], '(', 0.7649210820041077), ([[789.3053712883528, 743.1245024785526], [866.9973068494769, 756.8962438000272], [863.6946287116472, 773.8754975214474], [786.0026931505231, 761.1037561999728]], '~닫 고', 0.0014609789941459894)]
[([[26, 50], [76, 50], [76, 74], [26, 74]], '0)', 0.22475084766813908), ([[742, 292], [846, 292], [846, 346], [742, 346]], '4#유,', 0.005163448862731457), ([[884, 294], [984, 294], [984, 344], [884, 344]], '소절전', 0.0017190250353449632), ([[723, 345], [1013, 345], [1013, 406], [723, 406]], '예[ ){ 대07].', 0.00027535436870576845), ([[208, 1008], [236, 1008], [236, 1044], [208, 1044]], '0', 0.8782367193728078), ([[272.1067444385465, 74.05002550306402], [371.8986429702136, 116.73057523692995], [343.8932555614535, 178.94997449693597], [244.1013570297864, 137.26942476307005]], '아', 0.060753486389267586), ([[348.98268547211705, 129.0649466825132], [447.3974247877977, 151.95400155796565], [429.01731452788295, 222.9350533174868], [330.6025752122023, 200.04599844203435]], '내', 0.5186939671389723)]
[([[26, 48], [74, 48], [74, 72], [26, 72]], '어-', 0.1645998521396348), ([[340, 134], [442, 134], [442, 212], [340, 212]], '4', 0.022404268505230363), ([[703, 298], [1071, 298], [1071, 418], [703, 418]], '시주4!!!', 0.028022462044191926), ([[113, 425], [155, 425], [155, 469], [113, 469]], '17', 0.11655244066036119), ([[208, 1010], [236, 1010], [236, 1042], [208, 1042]], '0', 0.5601861181859569), ([[276.1355265538526, 71.04684429544434], [372.9677313947837, 119.2821863608303], [342.8644734461474, 178.95315570455566], [246.0322686052163, 130.7178136391697]], '아비', 0.009597228567325958)]
[([[26, 48], [74, 48], [74, 72], [26, 72]], '(', 0.06376288609486469), ([[340, 134], [444, 134], [444, 212], [340, 212]], '씨', 0.004222966894774027), ([[696, 278], [826, 278], [826, 322], [696, 322]], '444 새,', 0.054277593708722885), ([[857, 279], [1029, 279], [1029, 323], [857, 323]], '0-나4시시,', 0.024262162035947926), ([[751, 371], [799, 371], [799, 409], [751, 409]], '0유', 0.007212044161764195), ([[900, 364], [1010, 364], [1010, 414], [900, 414]], '1끗라', 0.000956282080218114), ([[752, 410], [982, 410], [982, 460], [752, 460]], '[9소+유안/_서디 .', 1.2006009755876033e-06), ([[287.10984978810245, 85.05682834719904], [369.8882588212872, 120.75425106423529], [343.89015021189755, 176.94317165280094], [262.1117411787128, 140.2457489357647]], '자비', 0.018163697837100787), ([[793.2051046034557, 372.3332719689847], [876.1068498283665, 362.14802095252327], [879.7948953965443, 407.6667280310153], [795.8931501716335, 417.85197904747673]], '9어웃,', 0.007913414388895035)]
[([[26, 50], [72, 50], [72, 74], [26, 74]], '(서-', 0.07782398374034626), ([[750, 246], [944, 246], [944, 296], [750, 296]], '4서서화여여여', 0.0003959546012923699), ([[734, 298], [1006, 298], [1006, 346], [734, 346]], '이)감 1+};7( 1', 0.000585742311528224), ([[682, 348], [1024, 348], [1024, 402], [682, 402]], '스45{ 찮줄끼뱀 & [{+{..', 2.248675810818751e-05), ([[208, 1010], [234, 1010], [234, 1044], [208, 1044]], '0', 0.6522701682988554), ([[274.0428759335574, 60.045909708997186], [379.62126726315387, 102.27397427543974], [345.9571240664426, 183.9540902910028], [240.37873273684616, 141.72602572456026]], '가', 0.011001529969779045), ([[368.19601035230505, 112.04050248782002], [450.9829353570129, 165.47775189253187], [411.80398964769495, 226.95949751217998], [328.0170646429871, 173.52224810746813]], '배', 0.5056460614333105)]
[([[26, 48], [74, 48], [74, 72], [26, 72]], '어-', 0.07846497541608155), ([[340, 134], [442, 134], [442, 212], [340, 212]], "'", 0.016383341620383796), ([[736, 260], [1002, 260], [1002, 316], [736, 316]], '>쳐4 -갚. >사커 1', 0.00015762229280650254), ([[808, 312], [1014, 312], [1014, 360], [808, 360]], '047 +몸;[서+?', 0.0015997399146795066), ([[782, 360], [920, 360], [920, 410], [782, 410]], '#라}서,', 0.00179514403940261), ([[250.92307692307693, 110.61538461538461], [296.7375856844859, 68.0340746075524], [365.0769230769231, 149.3846153846154], [319.2624143155141, 191.96592539244762]], '틀', 0.1979354850266981), ([[726.9266873708001, 305.0967805394006], [813.6233311063454, 319.90759772787146], [803.0733126291999, 371.9032194605994], [716.3766688936546, 356.09240227212854]], '(09', 0.03977425187133624)]
[([[496, 176], [702, 176], [702, 250], [496, 250]], '-(습7', 0.003458015387877822), ([[417, 265], [782, 265], [782, 345], [417, 345]], '요,:시-6', 0.0007543535118981885)]
[([[770, 440], [870, 440], [870, 492], [770, 492]], '>어4.', 0.01634788326919079), ([[896, 448], [982, 448], [982, 498], [896, 498]], '-어4', 0.0013740758720859692), ([[730, 489], [1023, 489], [1023, 551], [730, 551]], '>즐여{ +0 - 리', 0.0006647309349644459), ([[697, 545], [1029, 545], [1029, 613], [697, 613]], '깨 ?00쩐? 아*예과;', 0.00015598428806285646), ([[680.8005305310426, 1121.0013263276064], [784.0727120474913, 1024.1542835227576], [858.1994694689574, 1121.9986736723936], [754.9272879525087, 1218.8457164772424]], '18', 0.9883632086967685)]
[([[732, 512], [810, 512], [810, 562], [732, 562]], "1'", 0.7940366630122495), ([[884, 516], [942, 516], [942, 564], [884, 564]], '{0', 0.545005585373745), ([[716, 570], [850, 570], [850, 620], [716, 620]], "'+ 04{,", 0.0761100799077865), ([[887, 568], [992, 568], [992, 623], [887, 623]], '7여사;', 0.0033634661231189966), ([[809.9805585009541, 509.0872393055339], [893.4554257823582, 522.5023351839806], [883.0194414990459, 578.9127606944661], [799.5445742176418, 565.4976648160194]], '+금리', 0.011587358695311526), ([[937.2599556283028, 521.2578535733992], [1020.7756767162916, 513.3677951735247], [1023.7400443716972, 565.7421464266008], [940.2243232837084, 574.6322048264753]], '9안+', 0.013129745421145792), ([[773.9387349167081, 1023.0402823659292], [865.651056548914, 1100.89377156372], [763.0612650832919, 1221.9597176340708], [671.348943451086, 1145.10622843628]], '휴', 0.18715363411271202)]
[([[96, 296], [248, 296], [248, 350], [96, 350]], '4여여여!', 0.004015196999277241), ([[759.4291398546884, 638.7716559418753], [1004.6351277410679, 598.9395788435743], [1011.5708601453116, 647.2283440581247], [766.3648722589321, 686.0604211564257]], '5:-:-:-"', 0.01410990496370154), ([[676.0138035075107, 1123.7262266642704], [779.6564728911227, 1027.0917439798957], [860.9861964924893, 1131.2737733357296], [757.3435271088773, 1227.9082560201043]], '18', 0.9907381987268097)]
[([[26, 184], [266, 184], [266, 216], [26, 216]], "1+'5 끼니 찮아여-{;[꼬;;형7.", 9.540339780434715e-06), ([[60, 214], [234, 214], [234, 246], [60, 246]], '1 소/차라 & <라/[숲', 0.0004508883327429463), ([[468, 204], [516, 204], [516, 232], [468, 232]], '다', 0.012646372346392154), ([[34, 244], [234, 244], [234, 276], [34, 276]], '교{싣079 479공 +0 90,', 0.0009989730632579204), ([[834, 350], [974, 350], [974, 382], [834, 382]], '0쇼 07 +화즌', 0.002317657208962105), ([[826, 388], [864, 388], [864, 414], [826, 414]], '8끗', 0.011202435837334521), ([[863, 381], [1041, 381], [1041, 423], [863, 423]], '-9서.깜 +0 (0', 0.000950735704660181), ([[836, 414], [1053, 414], [1053, 455], [836, 455]], '+(~-+-;79 5갚5전', 1.5160189286340129e-05), ([[847, 451], [1017, 451], [1017, 491], [847, 491]], '+차 +아-9번{?', 0.00018543985294839683), ([[378, 470], [462, 470], [462, 518], [378, 518]], "'0아?", 0.014519013464450836), ([[399, 507], [455, 507], [455, 549], [399, 549]], '1', 0.7272776193987198), ([[628, 524], [678, 524], [678, 552], [628, 552]], '-`물', 0.00477320295446422), ([[681, 541], [709, 541], [709, 557], [681, 557]], '":', 0.08429773985645317), ([[630, 558], [692, 558], [692, 586], [630, 586]], '6 어-', 0.029438501223921776), ([[93, 717], [343, 717], [343, 753], [93, 753]], '뷰서옛소, >깥 규9소{ 소]차손', 7.559167594511497e-06), ([[71, 747], [347, 747], [347, 783], [71, 783]], '+0 끼00라 +즉++어< (옛+~드', 9.844499958875817e-06), ([[975.9820268028815, 344.1317018509494], [1036.819032252985, 356.8104653638244], [1029.0179731971186, 389.8682981490506], [968.1809677470152, 378.1895346361756]], '감댁채', 0.00020526120281988986), ([[670.3358994113244, 519.5038491169864], [745.6590465446145, 510.61094583490285], [747.6641005886756, 539.4961508830136], [673.3409534553855, 548.3890541650971]], '어너-터', 0.005961512215435505), ([[682.2562854188427, 555.5587995863798], [748.4205884604604, 542.2277834485915], [753.7437145811573, 574.4412004136202], [687.5794115395396, 586.7722165514085]], "'깨0 ", 0.037492986768484116), ([[996.1504654174618, 749.0726994212782], [1071.8507125007266, 771.7873218748183], [1057.8495345825381, 816.9273005787218], [982.1492874992733, 794.2126781251817]], "'", 0.37522110533845776)]
[([[726, 490], [862, 490], [862, 540], [726, 540]], '주~담', 0.0007160031853741413), ([[892, 488], [1002, 488], [1002, 538], [892, 538]], '+유즉{', 0.001486096065491438), ([[702, 544], [1016, 544], [1016, 600], [702, 600]], '*.+--> -달;7$.', 0.00011833071928511832), ([[774.7766275319922, 1021.0535538647109], [865.7218106361407, 1100.2229668950667], [762.2233724680078, 1219.946446135289], [670.2781893638593, 1139.7770331049333]], '휴', 0.17082110880963697)]
[([[370, 190], [420, 190], [420, 270], [370, 270]], '7', 0.20245619116760682), ([[696, 526], [856, 526], [856, 576], [696, 576]], '4라,안교.', 0.0008593918214576547), ([[892, 528], [990, 528], [990, 576], [892, 576]], '4카7.', 0.01659136824309826), ([[804, 584], [970, 584], [970, 632], [804, 632]], '(0끼즌5!!', 0.0016295852768741857), ([[668.4178344401977, 1127.1610192124547], [771.8879218423382, 1030.1278786367325], [848.5821655598023, 1129.8389807875453], [745.1120781576618, 1226.8721213632675]], '18', 0.9885717160586568)]
[([[43, 290], [253, 290], [253, 367], [43, 367]], '# 모79권!', 0.0009243663445958703), ([[614.4871464448379, 705.4665807565785], [1007.6045202520647, 631.6804499919022], [1014.5128535551621, 692.5334192434215], [621.3954797479353, 767.3195500080978]], '3지고,:4^44', 4.936255522434467e-05), ([[677.0191083287832, 1121.2439491562016], [781.9995380722855, 1023.1338691147467], [859.9808916712168, 1125.7560508437984], [755.0004619277145, 1223.8661308852531]], '18', 0.9596637777077205)]
[([[727, 501], [883, 501], [883, 568], [727, 568]], '씨버버5은.', 5.598010091743756e-05), ([[916, 504], [1008, 504], [1008, 554], [916, 554]], '+사;$', 0.004065549932420254), ([[681, 557], [1043, 557], [1043, 621], [681, 621]], '0여즌 조 5손 +~49번', 9.906252512067152e-05), ([[710, 1054], [838, 1054], [838, 1206], [710, 1206]], '3', 0.05092403452535166)]
[([[769, 483], [993, 483], [993, 543], [769, 543]], '5@ ?예-.모{,', 6.381507356764518e-05), ([[724, 535], [867, 535], [867, 595], [724, 595]], '소07공버', 4.7960563495650614e-05), ([[887, 537], [1034, 537], [1034, 592], [887, 592]], '소규여여9!', 0.004435718833673022), ([[710, 1046], [836, 1046], [836, 1196], [710, 1196]], '4', 0.06010038548432939)]
[([[733, 492], [1039, 492], [1039, 573], [733, 573]], '시,하싣싣여여씹권!', 2.413799555447429e-05), ([[774.1064765753383, 1023.0285428143811], [867.637360803407, 1099.834184099209], [764.8935234246617, 1222.9714571856189], [672.362639196593, 1145.165815900791]], '휴', 0.08195485978561479)]
[([[730, 474], [830, 474], [830, 524], [730, 524]], '0유7', 0.0005442213590622055), ([[874, 472], [1002, 472], [1002, 524], [874, 524]], '소4전7', 0.025604499503970146), ([[721, 529], [1037, 529], [1037, 593], [721, 593]], "1'  칭0+ 979", 0.006393011206814675), ([[798, 598], [862, 598], [862, 646], [798, 646]], '나', 0.15324956602013629), ([[859.3070020560507, 595.2438069905724], [951.9153915231143, 586.55922593382], [954.6929979439493, 640.7561930094276], [862.0846084768857, 649.44077406618]], '-서{.', 0.009481375105679035), ([[678.6153846153846, 1125.076923076923], [782.9570638884934, 1027.1374641231716], [859.3846153846154, 1126.923076923077], [755.0429361115066, 1224.8625358768284]], "18'", 0.6072487687895749)]
[([[702, 495], [860, 495], [860, 555], [702, 555]], '4시시시..', 0.003186273049847098), ([[884, 493], [1061, 493], [1061, 560], [884, 560]], '-4!!', 0.08445297181606293), ([[707, 1045], [839, 1045], [839, 1195], [707, 1195]], "4'", 0.9575849371687428)]
[([[768, 442], [946, 442], [946, 498], [768, 498]], '0 시사.', 0.020648146953843483), ([[766, 498], [1031, 498], [1031, 564], [766, 564]], '시시흡4!!', 0.018978233911232392), ([[712, 1050], [840, 1050], [840, 1198], [712, 1198]], "3'", 0.08851779765417334)]
[([[748, 494], [842, 494], [842, 544], [748, 544]], '4#유.', 0.007717625238001347), ([[878, 496], [968, 496], [968, 544], [878, 544]], '소절전;', 0.002782464725896716), ([[714, 560], [898, 560], [898, 592], [714, 592]], '0빼은 깨아.틀', 0.0002111569018292205), ([[709, 1047], [841, 1047], [841, 1197], [709, 1197]], "4'", 0.6085542388921503), ([[897.4649861003862, 554.2414569111972], [1003.4155785972871, 546.6542238701912], [1003.5350138996138, 594.7585430888028], [898.5844214027129, 602.3457761298088]], '못45카.', 0.0005893498999749071)]
[([[825, 210], [1037, 210], [1037, 247], [825, 247]], '꼴표화 표쳐4 5절; !)4', 4.0471955956420935e-05), ([[823, 241], [973, 241], [973, 277], [823, 277]], '(라-끼갚디 0', 0.00026685267075623065), ([[816, 274], [1044, 274], [1044, 306], [816, 306]], "+유;도. -서+'5 대0교{ 70담.", 0.001243993441460116), ([[836, 304], [1030, 304], [1030, 334], [836, 334]], '주화표+\'$ +유@ "멘싣5{', 3.226220750350926e-05), ([[813, 335], [1053, 335], [1053, 371], [813, 371]], '+화썩{ 찮04깜 소즉?명흔7?', 3.205161859978183e-06), ([[379, 419], [459, 419], [459, 463], [379, 463]], "',히아못", 0.0036631636593975744), ([[397, 451], [451, 451], [451, 495], [397, 495]], "'1+", 0.018607517076895445), ([[626, 472], [676, 472], [676, 498], [626, 498]], '9큰신', 0.0033597411270252903), ([[630, 504], [692, 504], [692, 534], [630, 534]], '6 어0', 0.12566740810871124), ([[971.9294245448556, 237.14592836148023], [1047.861453572113, 247.9563638994289], [1042.0705754551443, 280.85407163851977], [966.1385464278869, 270.0436361005711]], '(0;79', 0.003146883917334739), ([[667.263428220882, 465.31125619638146], [747.0565399066488, 456.0769050672677], [750.736571779118, 501.68874380361854], [670.9434600933512, 510.9230949327323]], "'패쓰", 0.08107180924095186), ([[679.781199215099, 499.6717988226486], [747.254933884827, 488.6750472251236], [752.218800784901, 521.3282011773514], [684.745066115173, 533.3249527748764]], '떤0 ', 0.01684913452183464), ([[1000.2281155986319, 696.0599398312445], [1073.9641006270074, 727.4019155871075], [1054.771884401368, 769.9400601687555], [981.0358993729926, 738.5980844128925]], "'", 0.5768610242840033)]
[([[770, 398], [1011, 398], [1011, 461], [770, 461]], '#시흡4!!!', 0.04758530779098328), ([[764, 453], [1017, 453], [1017, 515], [764, 515]], '나모여여4시!', 0.0008015243316009252), ([[722, 512], [1060, 512], [1060, 568], [722, 568]], '시시시시-4!!!', 0.0076684524826956734), ([[709, 1045], [841, 1045], [841, 1197], [709, 1197]], "4'", 0.47932745409735866)]
[([[724, 476], [888, 476], [888, 528], [724, 528]], '0모줄4.', 0.01082148846080065), ([[908, 478], [1040, 478], [1040, 526], [908, 526]], '-물.우', 0.0020178307313472033), ([[738, 524], [1024, 524], [1024, 578], [738, 578]], '17, !0신 [.디차!!', 0.0007166656267824854), ([[767, 573], [996, 573], [996, 627], [767, 627]], '시시`-4!', 0.0033231961609330855)]
[([[760, 441], [997, 441], [997, 501], [760, 501]], '믿차소서서서화!!', 3.226183161358905e-05), ([[747, 501], [1013, 501], [1013, 565], [747, 565]], "1'가 ?어어?;79", 0.00021389948024767586), ([[782, 556], [974, 556], [974, 608], [782, 608]], '80 끼4_}!', 0.013726387971379476)]
[([[730, 474], [832, 474], [832, 526], [730, 526]], '##화;', 0.0038547134026885033), ([[867, 472], [967, 472], [967, 526], [867, 526]], '예화여', 0.0007667965774254232), ([[740, 527], [991, 527], [991, 588], [740, 588]], ';5{ & [하-위[@', 0.0002796575673144043), ([[745, 595], [855, 595], [855, 633], [745, 633]], '깨기프쳐', 0.0007384016062133014), ([[857, 579], [969, 579], [969, 641], [857, 641]], '(~세:..', 0.002164457230289553), ([[963, 1045], [999, 1045], [999, 1083], [963, 1083]], '"7', 0.009005064686073967), ([[722.3051384180819, 1059.0815813559439], [759.9939072485909, 1083.808899537324], [744.6948615819181, 1106.9184186440561], [707.0060927514091, 1081.191100462676]], '일', 0.0010505819368396146)]
[([[49, 281], [258, 281], [258, 336], [49, 336]], '#흡4!', 0.04639272391796112), ([[701.1553545944727, 712.4310709188945], [963.1797954253428, 653.4714680601948], [976.8446454055273, 717.5689290811055], [714.8202045746572, 775.5285319398052]], '[:레레7', 0.00148600787556295)]
[([[763, 242], [953, 242], [953, 296], [763, 296]], '+소서스사7', 7.649470956415569e-05), ([[737, 296], [1031, 296], [1031, 364], [737, 364]], "1 소아명끗 !어내'<@", 5.856983611737184e-05), ([[745, 355], [1019, 355], [1019, 419], [745, 419]], '@7;어커권9 값템', 1.982014447898511e-05), ([[736, 405], [989, 405], [989, 471], [736, 471]], '줄라씨, 5예`버', 2.357938013672485e-05), ([[963, 1043], [1003, 1043], [1003, 1085], [963, 1085]], '섬', 0.0011369694182550433), ([[954.1758366163078, 928.1154281570775], [1005.8719831323601, 940.1329862241931], [998.8241633836922, 968.8845718429225], [947.1280168676399, 957.8670137758069]], '논', 0.0040284407144764445)]
[([[117, 145], [601, 145], [601, 213], [117, 213]], '-예습-애습:이6', 7.260286248671625e-05)]
[([[501, 377], [691, 377], [691, 439], [501, 439]], "1 (,시'7,", 0.06013912054134281), ([[717, 377], [981, 377], [981, 438], [717, 438]], '40내 1새 17', 0.009177707526095459), ([[202, 466], [290, 466], [290, 516], [202, 516]], '아', 0.02685668549978737), ([[521, 436], [963, 436], [963, 499], [521, 499]], '주아씨디4 (-+-..', 0.0004996129743919081), ([[128, 522], [164, 522], [164, 554], [128, 554]], '(', 0.31508791222382015), ([[638, 498], [846, 498], [846, 554], [638, 554]], '나+시사새.', 0.0029017793781387535)]
[([[86, 286], [407, 286], [407, 384], [86, 384]], "'예나#시!", 0.007260304885178489), ([[128, 522], [162, 522], [162, 552], [128, 552]], '(', 0.67669685623747), ([[628.4222912360003, 782.8445824720006], [982.4309060264375, 711.0366175362848], [990.5777087639997, 777.1554175279994], [636.5690939735625, 848.9633824637152]], '3맛4^예^^묘', 3.430228496650994e-05)]
[([[579, 313], [617, 313], [617, 355], [579, 355]], '1', 0.9687088919281486), ([[654, 312], [908, 312], [908, 366], [654, 366]], "1'가 50 $0드금!", 0.0005563561507646841), ([[578, 416], [654, 416], [654, 464], [578, 464]], '꼴0.', 0.0614515024576333), ([[676, 410], [919, 410], [919, 477], [676, 477]], '*서라명 9젠모9;', 0.0006706770003583446)]
[([[40, 68], [88, 68], [88, 94], [40, 94]], '0 )', 0.15728788374065683), ([[519, 439], [537, 439], [537, 463], [519, 463]], '"', 0.869482781924976), ([[539, 433], [589, 433], [589, 473], [539, 473]], '(04', 0.038217513564701995), ([[214.42913985468846, 193.77165594187537], [421.42361393319646, 147.4339891068748], [431.57086014531154, 194.22834405812463], [224.57638606680354, 240.5660108931252]], '4시,+흡4!!', 0.005545146515151112), ([[760.1115260634988, 459.1799355301935], [1069.226274596455, 343.3141925583326], [1089.8884739365012, 426.8200644698065], [780.7737254035451, 542.6858074416674]], '3귀곱명7:자', 1.3364303274424375e-05), ([[525.0521752792359, 400.11391864486745], [599.7576888674419, 409.6289513591766], [593.9478247207641, 448.88608135513255], [518.2423111325581, 439.3710486408234]], '(0007', 0.058609141318516036), ([[259.3477274371431, 507.0427285222873], [331.98460616496675, 552.6079523241037], [305.6522725628569, 592.9572714777128], [233.01539383503328, 546.3920476758963]], '^', 0.12026887536126996)]
[([[736, 228], [848, 228], [848, 278], [736, 278]], '4내}?', 0.02831164115053427), ([[617, 303], [839, 303], [839, 359], [617, 359]], '<서라? 9젠79;', 0.0018725978013353294), ([[864, 306], [956, 306], [956, 360], [864, 360]], ';4:{', 0.009053118526935577), ([[594, 352], [978, 352], [978, 400], [594, 400]], ".-썩4좌공 >라'<라'7 +서@", 6.194542373600433e-06), ([[592, 402], [982, 402], [982, 450], [592, 450]], "5유0감라<$ +}줄+ |형애-7'{", 1.5180703102221427e-05), ([[200, 458], [296, 458], [296, 514], [200, 514]], '사', 0.0066453838407434795), ([[602, 452], [976, 452], [976, 504], [602, 504]], " 서/7 !현4 네]여'눈 5소;{", 2.1793800260105605e-05), ([[126, 516], [164, 516], [164, 548], [126, 548]], '(', 0.48178030204377364), ([[625, 501], [935, 501], [935, 545], [625, 545]], '07 끼즌. [0교{ 70>', 0.0010369009113279902), ([[625, 542], [940, 542], [940, 603], [625, 603]], '<리봇서손 낙어4<-~-{:', 3.7520591691401006e-06), ([[137, 601], [195, 601], [195, 645], [137, 645]], '7', 0.6981710120704179), ([[626, 624], [930, 624], [930, 674], [626, 674]], ">어4'<라 +사@ `서5{.", 7.219444400636056e-05)]
[([[579, 277], [897, 277], [897, 339], [579, 339]], "1'가 9같+-79 +서즌", 0.0013978177725605578), ([[511, 328], [686, 328], [686, 382], [511, 382]], '74끼흔서5', 0.00014600503408163126), ([[852, 330], [962, 330], [962, 380], [852, 380]], '나4시!', 0.042316753417253494), ([[485, 379], [989, 379], [989, 445], [485, 445]], "군' {7치(  찮`형+ +0 -테!", 8.515562712154514e-05), ([[682.2599556283028, 337.25785357339913], [812.282826599533, 325.1554010617899], [814.7400443716972, 381.74214642660087], [684.717173400467, 393.8445989382101]], '(9줄;7.', 0.0010324545374736074)]
[([[517, 313], [669, 313], [669, 363], [517, 363]], '새사4.', 0.10255447030067444), ([[703, 311], [912, 311], [912, 368], [703, 368]], '#+ 시시과', 0.003369822242072158), ([[548, 366], [878, 366], [878, 416], [548, 416]], '4타. 17 ()서.자.', 0.0011866978664030576), ([[623.7125353714373, 794.4275212228624], [777.4054721290638, 760.6352980483701], [786.2874646285627, 805.5724787771376], [632.5945278709362, 838.3647019516299]], '5::큰:7', 0.0015504780247218484)]
[([[832, 1098], [1018, 1098], [1018, 1130], [832, 1130]], "단각4'<라 옛줄와화젠쳐.", 1.703407648375827e-06), ([[862, 1130], [988, 1130], [988, 1162], [862, 1162]], "교'$ 50 소0{", 0.06787568078906318), ([[828, 1164], [1028, 1164], [1028, 1196], [828, 1196]], "1'까 9기,여뽑 -4가.", 0.0002971652197017585), ([[68.16130089900093, 322.08065044950047], [606.4560364365661, 238.58367126330018], [618.8386991009991, 326.91934955049953], [80.54396356343385, 410.4163287366998]], '#시시시-4!!!1', 0.02767809121292998)]
[([[587, 303], [909, 303], [909, 363], [587, 363]], '나4+시시시사!!!', 0.002221669658799636), ([[607, 365], [893, 365], [893, 431], [607, 431]], "1' 금라. 0", 0.0034328443517847116), ([[583, 424], [910, 424], [910, 496], [583, 496]], '찮기7-위?즉+;형7!', 7.5092943451520945e-06)]
[([[563, 333], [726, 333], [726, 396], [563, 396]], '#시시흡.', 0.017057581473582006), ([[766, 338], [938, 338], [938, 394], [766, 394]], '시시시-4.', 0.013232451836053965), ([[579, 387], [923, 387], [923, 455], [579, 455]], "1'5 교테  (어물모9.", 0.00018534828631572037)]
[([[634, 312], [712, 312], [712, 362], [634, 362]], '냐섞,', 0.004975983590671265), ([[740, 312], [906, 312], [906, 362], [740, 362]], '냐한여서차/.', 8.130533894256331e-05), ([[617, 361], [961, 361], [961, 424], [617, 424]], '소)감 [079 (훨누 !형4', 7.193408710286118e-05), ([[636, 414], [890, 414], [890, 464], [636, 464]], "소라] +유 '7", 0.006104191915719054), ([[910, 422], [934, 422], [934, 462], [910, 462]], '?', 0.9997632643635512), ([[630, 526], [796, 526], [796, 574], [630, 574]], "1 형7'+ .", 0.008776184005747246), ([[818, 526], [932, 526], [932, 574], [818, 574]], '*여0감.', 0.0051019606549689315), ([[654, 576], [942, 576], [942, 632], [654, 632]], '#여모여모-4..!', 0.0006079683657408752)]
[([[616, 422], [852, 422], [852, 476], [616, 476]], '+서}}}스여여', 4.586874186778151e-05), ([[200, 462], [292, 462], [292, 510], [200, 510]], '', 0.0), ([[605, 475], [917, 475], [917, 537], [605, 537]], "+리라 [*. 1'즌", 3.411902566396815e-05), ([[537, 530], [946, 530], [946, 594], [537, 594]], '(형-+ +주라7;리 ?아47_5.', 4.296476868848776e-06)]
[([[116, 96], [521, 96], [521, 158], [116, 158]], "-어7 ['규6", 0.005411799651180967), ([[218, 156], [421, 156], [421, 231], [218, 231]], '쓸 주의', 0.19649209082126617)]
[([[79, 142], [498, 142], [498, 210], [79, 210]], "1+'$ 커어47 (_리 대/!", 0.00013617007054804022), ([[73, 195], [238, 195], [238, 268], [73, 268]], '+아_둘!;;', 0.0002010589156694228), ([[261, 199], [499, 199], [499, 259], [261, 259]], '1소/틀 찌0+', 0.002548888911725697), ([[119, 256], [452, 256], [452, 328], [119, 328]], '?젠어권]웃;7 @차서,', 1.0901414426123666e-06), ([[170, 315], [395, 315], [395, 366], [170, 366]], '+애0 주서서답도', 7.053527570447191e-05)]
[([[179, 69], [245, 69], [245, 105], [179, 105]], '#둘},', 0.004618445876985788), ([[269, 69], [333, 69], [333, 105], [269, 105]], '소줄화', 0.0018290356862827564), ([[149, 105], [369, 105], [369, 141], [149, 141]], '교 오 라 50 5즐꺾', 0.0015482239438124957), ([[181, 145], [353, 145], [353, 181], [181, 181]], '예금즌 버04 -47.', 0.0001232471172827782), ([[120, 184], [210, 184], [210, 216], [120, 216]], "청04' '은", 0.0003598514444347403), ([[283, 177], [417, 177], [417, 213], [283, 213]], '>+전 +돈;5?', 0.0004859312547451234), ([[533, 437], [553, 437], [553, 465], [533, 465]], '다', 0.334649943328035), ([[532, 398], [616, 398], [616, 478], [532, 478]], '{0002 ,', 0.02134211713394414), ([[854, 764], [968, 764], [968, 814], [854, 814]], '돈 위!!', 0.0018132077725389617), ([[574.2968374460654, 62.06228969796607], [646.9987187699863, 94.89876661341806], [632.7031625539346, 125.93771030203393], [560.0012812300137, 93.10123338658194]], '46', 0.06326438284407708), ([[214.0064985989292, 172.1253445358238], [287.8151196930697, 182.79797598711505], [280.99350140107083, 218.8746554641762], [207.18488030693035, 208.20202401288495]], '0즘!', 0.0005554601332157552)]
[([[59, 136], [549, 136], [549, 203], [59, 203]], "( -+박-즉-} '5 5절쳐앞갚]", 7.103931477206298e-07), ([[90, 208], [160, 208], [160, 258], [90, 258]], '나.', 0.24610480413157543), ([[201, 197], [366, 197], [366, 260], [201, 260]], '소여모모9', 0.0023079155767692307), ([[404, 196], [513, 196], [513, 253], [404, 253]], '예여깜', 0.00117078802928703), ([[80, 258], [172, 258], [172, 308], [80, 308]], "1' ", 0.39911998999031834), ([[166, 255], [521, 255], [521, 321], [166, 321]], '907여니 @까?+리 교', 2.7966969647525524e-05), ([[188, 318], [372, 318], [372, 368], [188, 368]], '04{ 7어감', 0.03158673730185359)]
[([[131, 223], [353, 223], [353, 289], [131, 289]], '0규여여}', 0.000289825597987546), ([[338.76748179583603, 1284.0585588562785], [996.8051487038667, 1096.5558780249157], [1013.232518204164, 1204.9414411437215], [355.1948512961333, 1392.4441219750843]], "'진진신'예예시일", 2.832327592730766e-05)]
[([[668, 92], [692, 92], [692, 118], [668, 118]], '"', 0.13416952347217048), ([[76, 224], [490, 224], [490, 300], [76, 300]], "1'$ 치신 ;4:{ 9/$", 0.0010766010381716158), ([[150, 292], [374, 292], [374, 364], [150, 364]], '슈차< 70담', 0.0009291997268555538)]
[([[85, 166], [468, 166], [468, 240], [85, 240]], "7소즉+'$ >화! 1' ", 0.0008640989928860331), ([[30, 234], [252, 234], [252, 308], [30, 308]], '9믿79 +0.', 0.034643524362428214), ([[296, 236], [478, 236], [478, 308], [296, 308]], '소7여씹속', 0.0005460707414147443), ([[236, 297], [449, 297], [449, 363], [236, 363]], '소칸<깜서<!', 0.00015622058352300982), ([[103.17363682400058, 310.2424562488021], [235.10930702986192, 299.5829299663484], [236.82636317599943, 360.7575437511979], [104.89069297013808, 372.4170700336516]], '슈4-}', 0.000712553272023797)]
[([[83, 221], [445, 221], [445, 289], [83, 289]], '##]줄침돈여여7', 1.6395104909423767e-05), ([[439, 267], [469, 267], [469, 281], [439, 281]], '0 0', 0.5603209576259882), ([[351.1474774367167, 1231.1438555949867], [978.2117619239121, 1093.7225715012974], [987.8525225632833, 1190.8561444050133], [360.78823807608785, 1329.2774284987026]], "''륙[ [만음83가", 0.0002749062717957007)]
[([[38, 197], [525, 197], [525, 264], [38, 264]], '가소끗 - 서신;5 50 $<079:', 2.5207455020711845e-05), ([[40, 259], [315, 259], [315, 314], [40, 314]], "1+'$ (. 1' ", 0.05876571377059731), ([[312, 249], [544, 249], [544, 327], [312, 327]], '소기+퍽어*79', 0.0002796603334535849), ([[106, 317], [458, 317], [458, 374], [106, 374]], '+유;$ $ 옛| <어) .', 2.5967456014151936e-05), ([[681, 303], [761, 303], [761, 363], [681, 363]], '들', 0.03266224495195069), ([[816, 278], [906, 278], [906, 350], [816, 350]], '간', 0.02318198846817965)]
[([[63, 211], [173, 211], [173, 277], [63, 277]], '54{.', 0.014114058576524258), ([[225, 213], [485, 213], [485, 275], [225, 275]], '1 ..디 +0.', 0.0007022174658137463), ([[84, 282], [306, 282], [306, 354], [84, 354]], '소규여여씹서.', 0.00027718075674829806), ([[353, 285], [507, 285], [507, 353], [353, 353]], '홀0권걀!', 8.760695562203852e-05)]
[([[106, 216], [370, 216], [370, 288], [106, 288]], '새여여여여서', 3.752758210966653e-05), ([[108, 292], [399, 292], [399, 379], [108, 379]], '소세<여씹속', 0.0003808805082535124)]
[([[125, 165], [249, 165], [249, 229], [125, 229]], '4#유;', 0.006703180726617575), ([[297, 167], [413, 167], [413, 227], [297, 227]], '소줄스', 0.0020528852722857018), ([[117, 231], [469, 231], [469, 295], [117, 295]], "소어 $답; 1'끼", 0.004031699899180565), ([[83, 300], [496, 300], [496, 375], [83, 375]], '9몸끌여뽑 교+싣치창7 /5', 7.234766487946775e-06), ([[105, 367], [475, 367], [475, 427], [105, 427]], '소절<갈 ($ 1 뜯니7', 9.748087728569452e-05)]
[([[101, 241], [513, 241], [513, 325], [101, 325]], '#시시시흡4!', 0.006061496029209831)]
[([[167, 59], [383, 59], [383, 95], [167, 95]], "어4'<라 +유즌 5갚-{,", 0.0003491099044036619), ([[161, 91], [409, 91], [409, 134], [161, 134]], "1'라 감즐7-]깜 +0 (0", 0.00011645456061082364), ([[175, 129], [395, 129], [395, 165], [175, 165]], '+소;도 @차라, -(@ 1', 0.0004525159257487826), ([[179, 165], [391, 165], [391, 201], [179, 201]], "가서{ 버04 1'가 50", 0.0037600399070740983), ([[154, 197], [397, 197], [397, 239], [154, 239]], '라*째-.디 ,9번{ 70감.', 4.742339646449239e-05), ([[856, 326], [916, 326], [916, 358], [856, 358]], '0쇼.', 0.18971969414726478), ([[928, 332], [978, 332], [978, 364], [928, 364]], '깨니', 0.016256665358025578), ([[837, 363], [987, 363], [987, 399], [837, 399]], '교+)가줄(전,', 9.491742583479895e-05), ([[521, 400], [598, 400], [598, 444], [521, 444]], '{0003', 0.058652456265229545), ([[517, 429], [589, 429], [589, 469], [517, 469]], '304', 0.13678083641333433), ([[384.51443729458356, 477.28609323645895], [485.91486116864377, 427.2607328776601], [498.48556270541644, 459.71390676354105], [397.08513883135623, 510.7392671223399]], '-랑6네르', 0.00036567527036688094), ([[262.2184013837282, 499.043772315181], [339.97066646864107, 554.3598367528799], [305.7815986162718, 601.9562276848189], [228.02933353135896, 546.6401632471201]], "'", 0.09373206781234344)]
[([[92, 203], [497, 203], [497, 290], [92, 290]], '04444시!', 0.08512532434939225), ([[115, 285], [475, 285], [475, 369], [115, 369]], '1+리라-교..,!!', 0.0018513981407216596)]
[([[69, 213], [490, 213], [490, 293], [69, 293]], '.*여모모모모썩4!!!', 0.0022408924011977664), ([[81, 293], [277, 293], [277, 353], [81, 353]], "1+'5 $0,", 0.1709190945661892), ([[309, 284], [484, 284], [484, 356], [309, 356]], '+유#}!', 0.0017338528184223578)]
[([[59, 245], [255, 245], [255, 307], [59, 307]], '44444 ,', 0.8435885105452926), ([[293, 245], [491, 245], [491, 307], [293, 307]], '4444시!', 0.3988892977964605), ([[111, 307], [441, 307], [441, 369], [111, 369]], '4++44+시4!', 0.029913647194412772)]
[([[117, 201], [415, 201], [415, 261], [117, 261]], '0형형)4444카', 3.8612622468336955e-05), ([[135, 266], [444, 266], [444, 342], [135, 342]], "1'가 9서++;79", 0.002232994771276177), ([[90, 319], [438, 319], [438, 411], [90, 411]], '[9권+}갚/표@_,', 3.060775511298725e-05)]
[([[135, 151], [389, 151], [389, 215], [135, 215]], '4유서카스사모', 5.9764997146240326e-05), ([[119, 221], [237, 221], [237, 281], [119, 281]], '소절스', 0.001083769013657377), ([[285, 221], [421, 221], [421, 283], [285, 283]], '소줄화', 0.004040235622521355), ([[271, 288], [426, 288], [426, 352], [271, 352]], '1(0차즌', 0.0007127442924441839), ([[149, 347], [385, 347], [385, 431], [149, 431]], '5소;-;;79.', 0.0002693194365628964), ([[140.22703117128825, 294.19893715366834], [253.5727049087314, 285.43934761434963], [255.77296882871175, 353.80106284633166], [142.4272950912686, 362.56065238565037]], '9구디,', 0.010580604477822213)]
[([[737, 111], [831, 111], [831, 171], [737, 171]], '신/쇼.', 0.0019131178269162774), ([[864, 110], [1044, 110], [1044, 158], [864, 158]], "'+'$ 5태.7", 0.00809163555689752), ([[742, 159], [1037, 159], [1037, 219], [742, 219]], '6담~서디 4?슈처*', 1.6451819768693742e-05), ([[718, 214], [1024, 214], [1024, 264], [718, 264]], '예`어4+ & 끼아7+사.', 0.00022728108123154118), ([[432, 850], [602, 850], [602, 946], [432, 946]], '{ 아', 0.010994310699019731), ([[443, 928], [599, 928], [599, 1009], [443, 1009]], '5실;+', 0.0011814614990726113), ([[605.9531521548196, 1378.054945470786], [903.5862624557049, 1224.4847393027476], [930.0468478451804, 1302.945054529214], [633.4137375442951, 1456.5152606972524]], '6모8-(차', 0.000732597726093203)]
[([[694, 82], [1068, 82], [1068, 134], [694, 134]], '44전? !어4 조]여{  @', 0.00031787790170904493), ([[729, 133], [1029, 133], [1029, 195], [729, 195]], '+0 {7치[ (#! &', 0.0019530031093545708), ([[801, 197], [879, 197], [879, 235], [801, 235]], '0여즌', 0.008448315141061983), ([[877, 187], [1031, 187], [1031, 247], [877, 247]], '+쑤-둘!?', 0.00019302701191570174), ([[508, 434], [624, 434], [624, 536], [508, 536]], '6', 0.0824654751397702), ([[433, 849], [601, 849], [601, 941], [433, 941]], '{ 어', 0.028401151081807737), ([[444, 925], [597, 925], [597, 1006], [444, 1006]], '5소고', 0.002147545592722444), ([[734.7904036539431, 180.10530082747582], [804.9408200965071, 190.29774979493038], [795.2095963460569, 250.89469917252418], [724.0591799034929, 240.70225020506962]], '59', 0.3624066305759336)]
[([[702, 92], [1022, 92], [1022, 148], [702, 148]], '>어4 *여어감 조화/+.', 0.0001852811892852303), ([[736, 156], [768, 156], [768, 198], [736, 198]], '1', 0.9902413718653094), ([[844, 150], [1028, 150], [1028, 200], [844, 200]], "예좀']서/.", 0.00027484680021930274), ([[501, 423], [625, 423], [625, 535], [501, 535]], '6', 0.3795377311308954), ([[432, 846], [602, 846], [602, 942], [432, 942]], '{ 야', 0.010422437400297186), ([[443, 924], [598, 924], [598, 1005], [443, 1005]], '좌;+', 0.005107238902702903), ([[763.3070020560507, 157.24380699057238], [842.7056987777132, 149.2775815638985], [845.6929979439493, 202.75619300942762], [766.2943012222868, 209.7224184361015]], '9~+', 0.031226401238772232)]
[([[66, 240], [400, 240], [400, 316], [66, 316]], '4시-4!', 0.020138460158589732), ([[55, 314], [186, 314], [186, 380], [55, 380]], '#화', 0.05086613602871472), ([[239, 317], [365, 317], [365, 381], [239, 381]], '소절서', 0.0012967981318728612), ([[495, 1071], [899, 1071], [899, 1139], [495, 1139]], "+,집 !|4 @7;0'모9", 1.82074774290836e-05), ([[515, 1130], [875, 1130], [875, 1196], [515, 1196]], '+}@ 벼~담, 5밥공?', 8.870377959921832e-05)]
[([[165, 303], [227, 303], [227, 347], [165, 347]], '0', 0.8975982207110498), ([[262, 297], [658, 297], [658, 351], [262, 351]], "'교+ +00 #<그교7 +서$", 0.0004429063587515207), ([[178, 352], [430, 352], [430, 402], [178, 402]], '후어무라+? #어디', 0.00031521853380344153), ([[503, 356], [643, 356], [643, 400], [503, 400]], '[@ 전쳐', 0.00023184736173712206), ([[219, 400], [575, 400], [575, 464], [219, 464]], '예팀;-+ +사@ [9사+도', 3.069538876504536e-05), ([[417, 811], [889, 811], [889, 875], [417, 875]], '1 >-7+ 버현4 +0 $공. 개리', 0.00010097868136844334), ([[337, 869], [655, 869], [655, 933], [337, 933]], '표도싣아서 *어7+', 1.1726318559704122e-05), ([[762, 878], [950, 878], [950, 926], [762, 926]], '<갚유{서드', 2.1125580190462024e-05), ([[241, 1201], [575, 1201], [575, 1289], [241, 1289]], '4시시-4!!', 0.08069111254331526), ([[433.052175279236, 360.11391864486745], [502.7837837837838, 370.7027027027027], [495.947824720764, 408.88608135513255], [425.2162162162162, 397.2972972972973]], '01,', 0.22302759492203392), ([[650.2103500411844, 878.2731201317898], [757.1925577128868, 869.9937823767498], [758.7896499588156, 921.7268798682102], [651.8074422871132, 931.0062176232502]], '예여꺾', 0.0003450481013564269)]
[([[123, 49], [287, 49], [287, 91], [123, 91]], '-서+ ,서/표리', 8.76465082649794e-05), ([[307, 49], [403, 49], [403, 85], [307, 85]], '4소여여!', 0.01899976082709977), ([[143, 87], [387, 87], [387, 129], [143, 129]], '5차 썩과 +싹0 >서.그', 0.0001003620271915664), ([[199, 125], [327, 125], [327, 161], [199, 161]], '믿] 자소;{!', 0.0003517001537238837), ([[155, 197], [371, 197], [371, 239], [155, 239]], '시시시+썩4!', 0.0010403412896920258), ([[537, 413], [611, 413], [611, 453], [537, 453]], '버스다', 0.0035664997281459818), ([[531, 441], [603, 441], [603, 481], [531, 481]], '304', 0.34362725701923325), ([[264, 530], [316, 530], [316, 580], [264, 580]], "부'", 0.15774058921690376), ([[563.0895536990885, 68.0835899750777], [647.928908580172, 91.15984512837979], [634.9104463009115, 131.9164100249223], [550.071091419828, 107.84015487162021]], '사', 0.027727014522448634), ([[780.4508442680275, 475.2738836329264], [1050.9733506252185, 357.0326303865773], [1080.5491557319726, 452.7261163670736], [810.0266493747815, 570.9673696134226]], '오털7레-', 0.0007006833952182472), ([[771.2335635976378, 713.0326940923634], [950.992032752671, 776.6213880946244], [922.7664364023622, 847.9673059076366], [743.007967247329, 785.3786119053756]], '3모권?', 0.002673168433830142)]
[([[25, 43], [45, 43], [45, 81], [25, 81]], '?', 0.7709960332716861), ([[756, 508], [960, 508], [960, 558], [756, 558]], '1표];도+~히.', 4.131409260615573e-05), ([[702, 552], [910, 552], [910, 602], [702, 602]], '#-4!!', 0.11320977121054973), ([[730, 598], [902, 598], [902, 648], [730, 648]], '+}@ [9사+.', 0.0016600794771209867), ([[636.00019994002, 504.100979706098], [735.8360048415138, 519.7299381224307], [726.99980005998, 562.899020293902], [627.1639951584862, 548.2700618775693]], '0즉!:', 0.01927224174141884)]
[([[720, 592], [966, 592], [966, 666], [720, 666]], '4444!!', 0.6993211046592598), ([[524.1326059533595, 466.3425933388134], [1008.773956454735, 274.76502950987754], [1056.8673940466404, 453.6574066611866], [572.226043545265, 645.2349704901225]], ':오오리)', 0.004106718288709471)]
[([[119, 77], [201, 77], [201, 121], [119, 121]], '#쇼', 0.054249921743901745), ([[235, 79], [313, 79], [313, 121], [235, 121]], '소절소', 0.00045481522944865627), ([[54, 122], [412, 122], [412, 174], [54, 174]], '+유$ 디형-.+15 9|79 +0', 0.0006702433579086277), ([[90, 168], [252, 168], [252, 216], [90, 216]], '9+7| +어<', 1.4947641482492333e-05), ([[814, 272], [1054, 272], [1054, 496], [814, 496]], '9)', 0.14438387865292068), ([[620, 533], [985, 533], [985, 587], [620, 587]], "히어감 +화즉+ 1'@ @4-}]디", 2.6796877961389042e-06), ([[590, 580], [922, 580], [922, 632], [590, 632]], '04+ .신 야 깨리 9헬5갚5.', 6.46483549523702e-05), ([[605, 617], [993, 617], [993, 678], [605, 678]], "'라/교리'< 득버뉴{ -화!", 9.256522661323388e-06), ([[256.01941932430907, 166.0970966215454], [357.86454736851147, 182.84406795203688], [348.98058067569093, 225.9029033784546], [247.13545263148853, 209.15593204796312]], '|]!5', 0.00024651060812175274), ([[942.1370142686695, 594.4603271104721], [1007.9927506406266, 581.3460513186897], [1014.8629857313305, 620.5396728895279], [949.0072493593734, 633.6539486813103]], '9.+', 0.04784670561669006)]
[([[29, 25], [45, 25], [45, 59], [29, 59]], '9', 0.3673240743642623), ([[21, 63], [35, 63], [35, 93], [21, 93]], '1', 0.5244994110263725), ([[555, 532], [693, 532], [693, 593], [555, 593]], '#시.', 0.1599413804824542), ([[722, 529], [977, 529], [977, 594], [722, 594]], '...디시-4!', 0.00437665328010811), ([[879.0946260724921, 223.01576828052464], [1106.976259615603, 384.8891731085433], [978.9053739275079, 561.9842317194754], [751.0237403843968, 400.1108268914567]], '0', 0.5408647401374687)]
[([[29, 23], [45, 23], [45, 57], [29, 57]], '9', 0.2624479459625526), ([[21, 63], [33, 63], [33, 91], [21, 91]], '1', 0.6495901601428535), ([[598, 510], [768, 510], [768, 562], [598, 562]], '씨 ?00?:', 0.0018638217610744449), ([[787, 499], [1000, 499], [1000, 561], [787, 561]], '나44:94!', 0.03856694749823107), ([[606, 554], [992, 554], [992, 610], [606, 610]], '씨 끼각 껑교 @ ?어형?>$', 1.0902534598343067e-05), ([[673, 598], [887, 598], [887, 658], [673, 658]], '디 79 04{.', 0.005143997014563484)]
[([[607, 485], [677, 485], [677, 529], [607, 529]], '#표._', 0.05880045145750046), ([[701, 485], [783, 485], [783, 527], [701, 527]], '화]화.', 0.0008120402926579118), ([[814, 484], [930, 484], [930, 536], [814, 536]], '0 깨템:', 0.003748432662604402), ([[590, 530], [978, 530], [978, 584], [590, 584]], '흘현4 ,빚 ,라옛[리 9갚+대79', 9.33564887654003e-06), ([[610, 578], [751, 578], [751, 622], [610, 622]], '라,갚+서튜.', 0.00012856613158140372), ([[783, 581], [923, 581], [923, 621], [783, 621]], '50 (끼 1', 0.12120686327607812)]
[([[29, 25], [45, 25], [45, 59], [29, 59]], '9', 0.5316955307085927), ([[21, 65], [33, 65], [33, 93], [21, 93]], '1', 0.6965201023222676), ([[506, 553], [627, 553], [627, 620], [506, 620]], '예신4.', 0.07033621519804001), ([[663, 553], [1003, 553], [1003, 617], [663, 617]], '나44444시!', 0.02044648395389221)]
[([[76, 104], [278, 104], [278, 152], [76, 152]], '44시사! #즉화.', 0.007943445940428414), ([[309, 107], [387, 107], [387, 149], [309, 149]], '화화', 0.006812016213493899), ([[106, 150], [262, 150], [262, 200], [106, 200]], '씨 치도;', 0.004286404795050961), ([[366, 164], [406, 164], [406, 194], [366, 194]], '50', 0.8865148281914563), ([[192, 192], [400, 192], [400, 248], [192, 248]], '>어,그 +어팀옛!;', 7.996350063466222e-05), ([[660, 520], [946, 520], [946, 568], [660, 568]], '-서+ ,라-(리; 5줄`입!', 0.00017152853474066524), ([[634, 562], [974, 562], [974, 613], [634, 613]], '1  9젠7모표 ?4교 조+속', 1.3177041579976158e-05), ([[666, 601], [939, 601], [939, 657], [666, 657]], '예시 야 펴커 끼9속{!"', 9.412929127411818e-05), ([[263.0729607040109, 142.08669173125764], [370.8480355652753, 158.77666392278098], [360.9270392959891, 204.91330826874236], [254.15196443472468, 188.22333607721902]], '물어79', 0.006526411976665258), ([[91.4050955543422, 206.33171977498705], [191.60113735799078, 197.25879072800447], [193.5949044456578, 236.66828022501295], [93.39886264200922, 244.74120927199553]], '찌4]쇼', 0.0018346606520935893)]
[([[509, 539], [643, 539], [643, 593], [509, 593]], '#+44', 0.10067113488912582), ([[681, 539], [963, 539], [963, 595], [681, 595]], '#4,,시-4!', 0.0026151874604608692), ([[564, 626], [908, 626], [908, 676], [564, 676]], "1까'$ {다설7애4-- 씨망.", 5.7663092973627325e-05), ([[545, 673], [613, 673], [613, 715], [545, 715]], '4-$', 0.004048776507564147), ([[633, 673], [955, 673], [955, 717], [633, 717]], '!!!.설...시정4!!!', 0.0007331380305099399), ([[874.0914642881058, 224.01587863982672], [1112.9214235946545, 378.98014881080616], [990.9085357118942, 561.9841213601733], [753.0785764053455, 407.01985118919384]], '0))', 0.13778873422645482)]
[([[614, 548], [732, 548], [732, 598], [614, 598]], '#시시사.', 0.052227432344384095), ([[762, 543], [1023, 543], [1023, 606], [762, 606]], '#모못모9444!!', 0.021188292534123306), ([[620, 648], [868, 648], [868, 696], [620, 696]], "1'-0어서-,흡 .", 0.00028884950163682923), ([[901, 653], [995, 653], [995, 693], [901, 693]], '007;', 0.35795438289642334), ([[868.0630646298348, 224.0162613392411], [1117.6485680064104, 365.65790105965834], [1001.9369353701652, 565.9837386607588], [751.3514319935895, 425.34209894034166]], '에"', 0.08641378582738178)]
