2635323
24
[([[417, 245], [785, 245], [785, 385], [417, 385]], '인 7다|', 0.0011955089284395124), ([[614, 380], [776, 380], [776, 412], [614, 412]], '";\'자하다\'가다', 2.9592517275756944e-05)]
[([[166, 308], [322, 308], [322, 340], [166, 340]], '4월 20일 오후', 0.8419700579591781)]
[([[472, 112], [518, 112], [518, 136], [472, 136]], '잘 가,', 0.6538500785827637), ([[476, 136], [514, 136], [514, 162], [476, 162]], '생일', 0.999788345087863), ([[468, 162], [528, 162], [528, 186], [468, 186]], '주인공!', 0.9897794127464294), ([[661, 445], [729, 445], [729, 465], [661, 465]], '테이크에', 0.3060864508152008), ([[668, 468], [720, 468], [720, 494], [668, 494]], '햇소스', 0.7049698128882955), ([[660, 494], [730, 494], [730, 518], [660, 518]], '범버해서', 0.6228572130203247), ([[668, 518], [722, 518], [722, 542], [668, 542]], '먹으면', 0.9967273080188985), ([[666, 544], [730, 544], [730, 568], [666, 568]], '안되다]', 0.6138267251451989), ([[606, 604], [670, 604], [670, 630], [606, 630]], "'닥처:", 0.057837873697280884)]
[]
[([[653, 125], [733, 125], [733, 167], [653, 167]], '갖장', 0.3597049771470656), ([[106.2682698535109, 497.1681762529056], [216.5770934410525, 482.8565610715444], [222.7317301464891, 565.8318237470944], [112.42290655894749, 580.1434389284557]], '시)', 0.029141584460504185)]
[([[234, 76], [258, 76], [258, 104], [234, 104]], '음', 0.998826728887682), ([[438, 80], [466, 80], [466, 106], [438, 106]], '뭐.', 0.9949994902087179), ([[644, 94], [694, 94], [694, 124], [644, 124]], '탓장', 0.14499326231680817), ([[62, 234], [108, 234], [108, 264], [62, 264]], '생일', 0.999594065691228), ([[54, 258], [118, 258], [118, 284], [54, 284]], '축하해', 0.9999467292411697), ([[312, 516], [338, 516], [338, 542], [312, 542]], '엉', 0.9973533998675066), ([[431, 609], [457, 609], [457, 627], [431, 627]], '한숨', 0.9997312822699146), ([[620, 702], [662, 702], [662, 726], [620, 726]], '너도', 0.9999821297829987), ([[618, 724], [665, 724], [665, 755], [618, 755]], '난리', 0.9973398012337606), ([[62, 754], [90, 754], [90, 784], [62, 784]], '에', 0.9985178244750301), ([[606, 752], [684, 752], [684, 780], [606, 780]], '칠거나?', 0.8650256991386414), ([[118, 846], [172, 846], [172, 878], [118, 878]], '깜짝', 0.9993645689654798)]
[([[231, 45], [283, 45], [283, 65], [231, 65]], '그래도', 0.9999926356734838), ([[713, 22], [794, 22], [794, 60], [713, 60]], '갖광이', 0.4403600102871377), ([[506, 50], [576, 50], [576, 74], [506, 74]], '아??', 0.9935484757947901), ([[726, 54], [782, 54], [782, 86], [726, 86]], '지금', 0.999967041323548), ([[230, 66], [286, 66], [286, 90], [230, 90]], '놀라워.', 0.5355113744735718), ([[716, 82], [792, 82], [792, 114], [716, 114]], '나한태', 0.1404264616321994), ([[152, 100], [206, 100], [206, 124], [152, 124]], '사람은', 0.9943400818447098), ([[135, 119], [228, 119], [228, 147], [135, 147]], '바뀌논구나!', 0.29110756008603367), ([[715, 111], [793, 111], [793, 147], [715, 147]], '선물올', 0.6652109622955322), ([[730, 142], [784, 142], [784, 174], [730, 174]], '기대', 0.9999987355947788), ([[705, 169], [797, 169], [797, 205], [705, 205]], '한거야?', 0.9981305599212646), ([[2, 298], [156, 298], [156, 346], [2, 346]], '(감동하지', 0.6003482900103733), ([[9, 349], [167, 349], [167, 393], [9, 393]], '말라고!;}', 0.05045042275363685), ([[559, 359], [615, 359], [615, 387], [559, 387]], '탓장이', 0.46246012348874266), ([[411, 397], [461, 397], [461, 417], [411, 417]], '그래도', 0.8664038777351379), ([[560, 382], [614, 382], [614, 406], [560, 406]], '나한테', 0.391559946664509), ([[704, 386], [760, 386], [760, 416], [704, 416]], '아니', 0.999985754394923), ([[552, 404], [622, 404], [622, 428], [552, 428]], '선물따위', 0.7675974601900937), ([[417, 419], [453, 419], [453, 439], [417, 439]], '나는', 0.9854079412161588), ([[550, 424], [624, 424], [624, 448], [550, 448]], '절대 주지', 0.9466272718692315), ([[690, 414], [768, 414], [768, 446], [690, 446]], '예전에.', 0.9794569611549377), ([[404, 438], [472, 438], [472, 462], [404, 462]], '포기한적', 0.98997962474823), ([[560, 444], [614, 444], [614, 468], [560, 468]], '말라고', 0.9985327154845007), ([[408, 460], [474, 460], [474, 484], [408, 484]], '없지만', 0.9993142540732104), ([[546, 466], [634, 466], [634, 490], [546, 490]], '못박앗잡아', 0.2542785262962197), ([[196, 616], [224, 616], [224, 646], [196, 646]], '네', 0.9993952235311241), ([[184, 652], [236, 652], [236, 684], [184, 684]], '선물', 0.45361076255832167), ([[746, 582], [796, 582], [796, 708], [746, 708]], '울', 0.03896967946155261), ([[163, 689], [263, 689], [263, 725], [163, 725]], '사앉어! !', 0.3921805076483392), ([[739, 693], [801, 693], [801, 769], [739, 769]], '깊', 0.20675400801856458), ([[26.980228729439993, 242.10509790131198], [117.7380659335204, 254.40289912353245], [110.01977127056, 299.894902098688], [19.261934066479597, 287.59710087646755]], '씨발,', 0.9204276072735185)]
[([[638, 60], [704, 60], [704, 88], [638, 88]], '마음에', 0.9961270932831829), ([[636, 86], [702, 86], [702, 112], [636, 112]], '들지논', 0.6664859291989775), ([[624, 110], [710, 110], [710, 138], [624, 138]], '모르지만.', 0.612191114920553), ([[192, 196], [446, 196], [446, 270], [192, 270]], '마구잡이', 0.9936954379081726), ([[509, 227], [577, 227], [577, 297], [509, 297]], '타', 0.9997482458275044), ([[615, 215], [681, 215], [681, 285], [615, 285]], '악', 0.8759635400336983), ([[19, 269], [71, 269], [71, 289], [19, 289]], '엄청나게', 0.9953345060348511), ([[17, 297], [75, 297], [75, 313], [17, 313]], '찢는구나 .', 0.5429305948838219), ([[184, 613], [281, 613], [281, 649], [184, 649]], '양말이야! ', 0.4776905104147711), ([[39, 729], [163, 729], [163, 769], [39, 769]], '앞거든?1', 0.4256154494498367)]
[([[585, 1], [617, 1], [617, 21], [585, 21]], '주절', 0.9995354890408884), ([[451, 15], [485, 15], [485, 35], [451, 35]], '주절', 0.9997222635661948), ([[80, 38], [126, 38], [126, 68], [80, 68]], '그냥', 0.9999293626126339), ([[281, 55], [303, 55], [303, 75], [281, 75]], '날', 0.9998590995833325), ([[60, 64], [146, 64], [146, 94], [60, 94]], '관찰력이', 0.9984451532363892), ([[420, 62], [474, 62], [474, 86], [420, 86]], '하지만', 0.9999211952008699), ([[623, 56], [717, 56], [717, 86], [623, 86]], '등산할 때', 0.6921707099208575), ([[68, 90], [132, 90], [132, 116], [68, 116]], '좋다고', 0.9326156337570203), ([[264, 78], [320, 78], [320, 102], [264, 102]], '그러게', 0.4361013322239557), ([[394, 88], [498, 88], [498, 112], [394, 112]], '히어로 코스톱', 0.8710712520194344), ([[520, 90], [610, 90], [610, 114], [520, 114]], '갖장은 교복', 0.4565390103852371), ([[620, 82], [718, 82], [718, 108], [620, 108]], '신기 좋아!', 0.9859179784726857), ([[64, 114], [142, 114], [142, 142], [64, 142]], '해출래?', 0.8747392296791077), ([[239, 101], [344, 101], [344, 130], [239, 130]], '관찰하지바,', 0.33859706747963053), ([[410, 112], [484, 112], [484, 138], [410, 138]], '입을 때는', 0.4762135760775917), ([[536, 114], [596, 114], [596, 138], [536, 138]], '입을 때', 0.5477058062328078), ([[620, 106], [720, 106], [720, 134], [620, 134]], '아 하지만', 0.9655264018692069), ([[236, 128], [360, 128], [360, 152], [236, 152]], "'스토거 새끼야", 0.4233059910472872), ([[394, 138], [500, 138], [500, 162], [394, 162]], '긴양말로 바뀌', 0.8266459573531607), ([[528, 140], [604, 140], [604, 164], [528, 164]], '발목 양말', 0.9993305838730614), ([[646, 132], [694, 132], [694, 160], [646, 160]], '마냥', 0.981454489771141), ([[395, 160], [498, 160], [498, 188], [395, 188]], '신지? 그래서', 0.8499862114659495), ([[536, 164], [596, 164], [596, 188], [536, 188]], '신는 거', 0.5918289383831851), ([[623, 155], [715, 155], [715, 185], [623, 185]], '등산 용은', 0.9995882095517162), ([[420, 188], [474, 188], [474, 212], [420, 212]], '괜찮지', 0.9848617132042302), ([[520, 190], [612, 190], [612, 214], [520, 214]], '좋아하는 거', 0.8327729052789833), ([[636, 180], [706, 180], [706, 206], [636, 206]], '아니야', 0.9999869231635269), ([[392, 212], [506, 212], [506, 238], [392, 238]], '않울까 싶없어!', 0.8048178223118722), ([[538, 214], [596, 214], [596, 238], [538, 238]], '아니까', 0.9998006839687636), ([[610, 246], [644, 246], [644, 270], [610, 270]], '주절', 0.9990385129441506)]
[([[445, 255], [475, 255], [475, 275], [445, 275]], '에?', 0.994897309340884), ([[549, 245], [623, 245], [623, 283], [549, 283]], '앞으로', 0.9999216081496137), ([[432, 278], [484, 278], [484, 304], [432, 304]], '양말은', 0.999757669294368), ([[422, 304], [498, 304], [498, 328], [422, 328]], '매일 갈아', 0.9989478412716006), ([[541, 283], [631, 283], [631, 321], [541, 321]], '3입간은', 0.9435999393463135), ([[424, 328], [500, 328], [500, 354], [424, 354]], '신어야해!', 0.7416873902500933), ([[526, 320], [660, 320], [660, 356], [526, 356]], '신어야켓네', 0.3643057128828458), ([[76, 370], [228, 370], [228, 426], [76, 426]], '아아닥0)', 0.023212099502115172), ([[568, 426], [608, 426], [608, 450], [568, 450]], '파악', 0.5671415097156036), ([[364, 724], [404, 724], [404, 748], [364, 748]], '하하', 0.9998325968220049), ([[74.76393202250021, 307.5278640450004], [176.1602514716892, 290.2264990188739], [182.2360679774998, 336.4721359549996], [80.83974852831078, 353.7735009811261]], '그아이', 0.18295176958803328), ([[204.9729724270166, 342.52432279564647], [370.13745955715245, 306.51760352856405], [383.0270275729834, 387.47567720435353], [217.86254044284755, 423.48239647143595]], '@', 0.79683967980856), ([[73.00636944292775, 343.4146497187338], [186.39113833439208, 329.60878605552904], [189.99363055707224, 375.5853502812662], [76.60886166560792, 389.39121394447096]], '아아9', 0.8138112494886084), ([[83.14304661822948, 419.3576165455737], [168.0533961419994, 407.0725472307782], [171.85695338177052, 453.6423834544263], [87.9466038580006, 464.9274527692218]], '가아야', 0.13373663619962958)]
[([[234, 126], [300, 126], [300, 150], [234, 150]], '이번년에', 0.9966847896575928), ([[240, 150], [292, 150], [292, 176], [240, 176]], '선물올', 0.666481614112854), ([[248, 176], [284, 176], [284, 200], [248, 200]], '쥐서', 0.476504111768656), ([[250, 200], [286, 200], [286, 224], [250, 224]], '기뻐', 0.99908696851), ([[203, 547], [253, 547], [253, 567], [203, 567]], '아아아', 0.9999403285166638), ([[184, 570], [270, 570], [270, 594], [184, 594]], '그게 말이야', 0.9997207400549091), ([[657, 563], [691, 563], [691, 581], [657, 581]], '너도', 0.999997049721879), ([[54, 580], [120, 580], [120, 608], [54, 608]], '불데}', 0.11194870815871526), ([[312, 584], [352, 584], [352, 610], [312, 610]], '볶?', 0.6850249247122742), ([[648, 586], [700, 586], [700, 610], [648, 610]], '가지고', 0.9574009776115417), ([[192, 596], [262, 596], [262, 620], [192, 620]], '안 가지고', 0.7116194180826988), ([[60, 610], [104, 610], [104, 638], [60, 638]], '빨리', 0.9960838572236906), ([[192, 620], [262, 620], [262, 644], [192, 644]], '싶다는 건', 0.8403702652109037), ([[282, 612], [392, 612], [392, 638], [282, 638]], '아니라고?', 0.7433289891605612), ([[653, 613], [697, 613], [697, 633], [653, 633]], '싶나?', 0.663249678656425), ([[50, 638], [126, 638], [126, 666], [50, 666]], '마해44', 0.0036739343777298927), ([[147, 647], [181, 647], [181, 667], [147, 667]], '그게', 0.9998167504208), ([[197, 647], [257, 647], [257, 667], [197, 667]], '아니고.', 0.6625104415446597), ([[207, 767], [245, 767], [245, 781], [207, 781]], '화르록', 0.9934343253459534)]
[([[126, 396], [296, 396], [296, 420], [126, 420]], '유에이 고고. 2화년의 봄', 0.654972149278669)]
[([[339, 41], [373, 41], [373, 61], [339, 61]], '하나', 0.9997790733653551), ([[341, 65], [375, 65], [375, 85], [341, 85]], '이미', 0.9997769661632343), ([[337, 91], [373, 91], [373, 111], [337, 111]], '신고', 0.9999944366205292), ([[747, 91], [783, 91], [783, 107], [747, 107]], '사실 .', 0.7687007738616716), ([[320, 114], [382, 114], [382, 140], [320, 140]], ' 잇거든', 0.10022319853305817), ([[46, 114], [179, 114], [179, 218], [46, 218]], '1.', 0.0022803764669936007), ([[317, 357], [337, 357], [337, 379], [317, 379]], '안', 0.9998891384334598), ([[294, 380], [360, 380], [360, 406], [294, 406]], '신기에는', 0.786063551902771), ([[276, 406], [364, 406], [364, 430], [276, 430]], '0아까위서..', 0.4204948346566001), ([[448, 684], [486, 684], [486, 708], [448, 708]], '취소', 0.9999905591189865), ([[426, 708], [514, 708], [514, 734], [426, 734]], '안 신율거다:', 0.6082099847610573), ([[72, 776], [194, 776], [194, 800], [72, 800]], '(형권 커펼;*+거', 2.6149880340544535e-05), ([[153, 797], [251, 797], [251, 811], [153, 811]], '소하<(3 <3<(}3', 0.00027071909726890424)]
[([[369, 454], [752, 454], [752, 479], [369, 479]], '(>아,히애* 교 {탁]거 @하적뭐@ @히38갚3 0 $0첫어술"거입] -어+ 커8 |08+ $37 {<자+', 1.320253819579043e-08), ([[417, 479], [445, 479], [445, 493], [417, 493]], '버학손거1', 0.0008475582474715512), ([[443, 475], [555, 475], [555, 495], [443, 495]], '{기답` {미3 하$ "%표0', 5.4057468775008734e-05), ([[561, 477], [621, 477], [621, 495], [561, 495]], ':산라어.검라', 0.00010336103931794735), ([[627, 475], [753, 475], [753, 495], [627, 495]], '교3 ">:째동거 {0 감8', 0.0001712127225658511), ([[439, 493], [753, 493], [753, 513], [439, 513]], '"즌> {? $하다 >레텔 드형없_하명 30 {라+ @거라할}(유져 9023 0/ +0', 1.6256658785693417e-07), ([[475, 511], [749, 511], [749, 531], [475, 531]], '{리대 2,/ 커]라< -라너리거 |,;]발 10 찬커리미게쥐 쥐애 선', 9.395870148799043e-08), ([[390, 526], [752, 526], [752, 550], [390, 550]], '벼*{더하거 @디즐+<하0" >00/ 벼@ |니텍 6버{ >라+ >줄0 라명명톤먹???', 4.322173503085722e-09), ([[371, 545], [395, 545], [395, 565], [371, 565]], '세', 0.922111237261575), ([[401, 549], [537, 549], [537, 565], [401, 565]], '@라어 33거 헤6갑.+ +갚} (3 ', 4.504927397455163e-05), ([[543, 549], [741, 549], [741, 565], [543, 565]], '"라골 +라어 +0 |거져 $+기킬미>: (^0^', 4.6130346243389795e-05), ([[453, 563], [753, 563], [753, 583], [453, 583]], '감라훈 0거애? {]국 }라어거 @딪]적 &{ {진3 5 @몸두 안(리거', 4.8303709368493945e-08), ([[564, 578], [754, 578], [754, 602], [564, 602]], '({라 @게+ {아머 {@ 커리게 ${칸동거"', 4.198833279222449e-06), ([[663, 621], [745, 621], [745, 641], [663, 641]], '2016.4,24', 0.8302450086572226), ([[648, 645], [743, 645], [743, 665], [648, 665]], '+라,+안7아9라', 9.041183145403862e-05), ([[586, 666], [744, 666], [744, 690], [586, 690]], '숨긋하[;어/(훨]', 7.2797475293688285e-06), ([[627, 689], [743, 689], [743, 709], [627, 709]], '[;*+이),461591', 0.020868605990792155), ([[547, 712], [746, 712], [746, 736], [547, 736]], '볕히응형-~아줄하역/3|.-어검', 9.947899949201969e-08), ([[631, 775], [659, 775], [659, 791], [631, 791]], '태봄}', 0.07408509403467178), ([[667, 775], [741, 775], [741, 791], [667, 791]], '3+--:;', 0.023019163150368088), ([[438, 798], [624, 798], [624, 830], [438, 830]], '#@주@스쫓 > # *{ {포꿈', 0.0001810842874565329), ([[557, 801], [739, 801], [739, 817], [557, 817]], '[+주 ; -,]75{ - }*어)}8다스"', 0.0003708563879539931), ([[627, 815], [711, 815], [711, 831], [627, 831]], '왜#} :##', 0.005545963710091204), ([[415.02871413764274, 563.2516854477569], [455.9248993519728, 567.4570796699564], [453.97128586235726, 584.7483145522431], [413.0751006480272, 579.5429203300436]], '7~35형', 0.0004237278546992788)]
[([[261, 522], [602, 522], [602, 662], [261, 662]], ';"333} 3', 0.1429346470158112), ([[310, 678], [410, 678], [410, 702], [310, 702]], "<'산싣", 0.008827763609588146), ([[404, 674], [497, 674], [497, 710], [404, 710]], "1' 67.", 0.07277762404721788), ([[447, 723], [523, 723], [523, 741], [447, 741]], '그시4', 0.02784716027595743), ([[342, 742], [390, 742], [390, 766], [342, 766]], '_', 0.6318296230412024), ([[398, 742], [510, 742], [510, 766], [398, 766]], "4',0 ,'*", 0.0689459724484569), ([[511.1401328392153, 743.1942789623521], [552.9534886863438, 750.5711854103148], [549.8598671607847, 767.8057210376479], [508.04651131365625, 760.4288145896852]], '0.', 0.10068261311344061)]
[([[87, 21], [169, 21], [169, 57], [87, 57]], '결가`_꼴', 2.273534673063409e-05), ([[284, 54], [402, 54], [402, 80], [284, 80]], '1하+@: 4/202.1.', 0.010850506155126305), ([[284, 76], [396, 76], [396, 100], [284, 100]], '-*어독: +@탁+즌7', 0.0004386423501282648), ([[284, 96], [436, 96], [436, 123], [284, 123]], '4,+-+: 그7 ((어93)', 0.021872380433809846), ([[284, 116], [404, 116], [404, 140], [284, 140]], '?*훨 17; 461591', 0.048631255709393875), ([[284, 138], [522, 138], [522, 162], [284, 162]], '?고*형핸거: 궁쥐`신 "0 #서<0 46고형갚적3', 2.906096918010083e-07), ([[284, 158], [348, 158], [348, 182], [284, 182]], '?고*게뭐:', 0.0010308935131901854), ([[382, 158], [420, 158], [420, 182], [382, 182]], '묘0국', 0.0016153077207388714), ([[284, 200], [646, 200], [646, 224], [284, 224]], '-6하,하+형어 퍽>: 묘하++; -하++ (<아++;-+어++;+0적루이;0커)', 3.3884421277453336e-06), ([[95, 226], [158, 226], [158, 262], [95, 262]], "'|7까", 0.007040655706077814), ([[55, 319], [95, 319], [95, 335], [55, 335]], '4>내', 0.01299232000712558), ([[117, 321], [235, 321], [235, 335], [117, 335]], '완기아* ;서응<8+입/', 4.2273949756296246e-05), ([[239, 317], [413, 317], [413, 337], [239, 337]], "+0 겨하뱀(하,'$ 완<+`웃리훨!", 2.995438418393063e-05), ([[87, 337], [377, 337], [377, 353], [87, 353]], '+$ 곱<쥐++센 $감태서+" (이 $0 +목4<-+목4<)', 0.0007133840735554055), ([[67, 353], [383, 353], [383, 369], [67, 369]], "+라<+라,/]04) 수아서하<+ 세8갑라 +서$ '하-+@어 85", 3.960238630427288e-07), ([[59, 369], [121, 369], [121, 385], [59, 385]], '도`명명74', 0.0006286275682053667), ([[125, 369], [221, 369], [221, 385], [125, 385]], "완어어쇄; $'명의)", 0.00014039393777734148), ([[236, 367], [407, 367], [407, 387], [236, 387]], '도+기<둠 04 히/ @게혼감하<디', 4.1367367596170854e-05), ([[70, 385], [221, 385], [221, 401], [70, 401]], '+<;라,풍독권! (+세어]}', 4.434562550940767e-05), ([[233, 385], [309, 385], [309, 401], [233, 401]], "<8,'+ `라이?", 0.0005587255415284754), ([[313, 387], [393, 387], [393, 403], [313, 403]], '84+ $^이명)', 0.0053058633296625525), ([[161, 403], [305, 403], [305, 421], [161, 421]], "#어명. >히' @<;어없뱀히!", 3.921982246077327e-05), ([[71.17800325709744, 20.34378610147123], [104.56905774310128, 48.969307669732764], [38.82199674290256, 121.65621389852876], [5.430942256898714, 93.03069233026724]], '흘', 0.01840269565790109), ([[155.13227816872538, 46.09525175926419], [180.43693020747543, 23.023935111973714], [246.86772183127462, 98.90474824073581], [221.56306979252457, 121.97606488802629]], '흙', 0.4718675851289369), ([[349.2025477771711, 158.16585988749353], [388.9284107856076, 165.4696870339579], [384.7974522228289, 184.83414011250647], [345.0715892143924, 177.5303129660421]], '꼴0담-', 0.0038753135595470667), ([[60.200159952015994, 201.08078376487836], [109.99052131369193, 227.7247916335385], [93.799840047984, 257.9192162351216], [44.00947868630807, 232.2752083664615]], '버7거 ', 0.03895426541566849), ([[146.17157287525382, 223.17157287525382], [205.79717662185493, 205.1406638976594], [214.82842712474618, 238.82842712474618], [155.20282337814507, 256.8593361023406]], '가하771', 0.00040332778190180555)]
[([[31, 99], [394, 99], [394, 167], [31, 167]], '너무 귀엽습니다', 0.8981172840970684), ([[463, 141], [745, 141], [745, 203], [463, 203]], '세번째 역식 .', 0.7585283982760042), ([[401, 199], [795, 199], [795, 261], [401, 261]], '퇴근하고 활게 생겨', 0.9273499478216696), ([[535, 259], [679, 259], [679, 319], [535, 319]], '행복함', 0.35565283098978945), ([[31, 342], [469, 342], [469, 408], [31, 408]], '영어로 된거 역식하면', 0.7589279666974392), ([[81, 403], [415, 403], [415, 463], [81, 463]], '너무 첫갈리논게', 0.5784939502200319), ([[101, 461], [393, 461], [393, 521], [101, 521]], '누가 말하는지', 0.5543235616378693), ([[511, 463], [789, 463], [789, 507], [511, 507]], '암튼 마리망어서만', 0.6905202360227698), ([[51, 519], [445, 519], [445, 581], [51, 581]], '말투 구분 쫓도안댐', 0.5776022644877483), ([[596, 520], [702, 520], [702, 564], [596, 564]], '뽑시다', 0.31145664992493555), ([[31, 582], [398, 582], [398, 632], [31, 632]], '(그래서 의오여많음니다', 0.5910046529918159), ([[8, 691], [239, 691], [239, 747], [8, 747]], '10/22/19', 0.6969336874817291), ([[275, 679], [782, 679], [782, 728], [275, 728]], '다음어도 갖데구 활지 갖키리 활지', 0.6820780409361483), ([[333, 737], [713, 737], [713, 787], [333, 787]], '고민되네요 다 마음는대 ;', 0.2849344001453514), ([[471, 831], [767, 831], [767, 875], [471, 875]], '마리망아빨리올려쥐', 0.940411950386141)]
[([[503, 145], [557, 145], [557, 165], [503, 165]], '바구고', 0.9823335099741308), ([[515, 167], [551, 167], [551, 187], [515, 187]], '저녁', 0.9999713402633025), ([[505, 187], [561, 187], [561, 207], [505, 207]], '뭐 먹고', 0.9986002306754581), ([[512, 206], [560, 206], [560, 230], [512, 230]], '싶니?', 0.9416672244729777), ([[678, 284], [732, 284], [732, 314], [678, 314]], '터+', 0.0684692024098557), ([[618, 356], [670, 356], [670, 388], [618, 388]], '터벽', 0.21361382329029782), ([[458, 456], [510, 456], [510, 482], [458, 482]], '집에서', 0.7623573227146195), ([[458, 478], [508, 478], [508, 502], [458, 502]], '먹어도', 0.9993941535811403), ([[602, 488], [680, 488], [680, 512], [602, 512]], '아. 아니면', 0.7311762965852833), ([[464, 500], [502, 500], [502, 524], [464, 524]], '상관', 0.9999494241563932), ([[614, 508], [668, 508], [668, 532], [614, 532]], '나가서', 0.9999942186589443), ([[225, 531], [267, 531], [267, 551], [225, 551]], '생크림.', 0.996457576751709), ([[382, 524], [446, 524], [446, 548], [382, 548]], '매운 거.', 0.7612639205906521), ([[466, 520], [504, 520], [504, 544], [466, 544]], '없어', 0.9999589492163418), ([[612, 530], [676, 530], [676, 554], [612, 554]], '먹울까?', 0.5436914563179016), ([[643, 651], [693, 651], [693, 667], [643, 667]], '테이크는', 0.4473678469657898), ([[639, 667], [699, 667], [699, 683], [639, 683]], '어떡할까?', 0.7546424342239081), ([[647, 683], [693, 683], [693, 701], [647, 701]], '생크림?', 0.999396562576294), ([[645, 701], [693, 701], [693, 717], [645, 717]], '초홀핏?', 0.26348328590393066), ([[235, 681], [295, 681], [295, 757], [235, 757]], '의', 0.7548342305075408), ([[643, 715], [697, 715], [697, 753], [643, 753]], '아넣몇?', 0.009863951243460178)]
[([[425, 385], [611, 385], [611, 425], [425, 425]], '4월 20일 아침', 0.9964679113391948), ([[255, 429], [283, 429], [283, 447], [255, 447]], '종은', 0.5196403617516919), ([[253, 447], [281, 447], [281, 463], [253, 463]], '아침', 0.9981316360688482), ([[273, 575], [297, 575], [297, 591], [273, 591]], '오늘', 0.9318410243046498), ([[271, 589], [297, 589], [297, 607], [271, 607]], '화교', 0.9776714943565158), ([[261, 607], [307, 607], [307, 623], [261, 623]], '끝나고 ~', 0.9526782931700908)]
[([[121, 173], [269, 173], [269, 235], [121, 235]], '바구고', 0.8889061062835867), ([[631, 157], [731, 157], [731, 219], [631, 219]], '생일', 0.993046634155707), ([[616, 212], [763, 212], [763, 278], [616, 278]], '축하해', 0.9999531987962482)]
[([[153, 45], [227, 45], [227, 61], [153, 61]], '너른 1년이나', 0.6910340888566145), ([[343, 47], [373, 47], [373, 63], [343, 63]], '아니', 0.9990960698061105), ([[149, 63], [229, 63], [229, 83], [149, 83]], '알고 지싶논데', 0.14643541283324416), ([[325, 67], [389, 67], [389, 81], [325, 81]], '미도리야가', 0.9992130781041445), ([[391, 47], [493, 47], [493, 83], [391, 83]], '[썩은 더구_', 0.2516431066436363), ([[395, 75], [503, 75], [503, 95], [395, 95]], "'네가 하자고", 0.8251173305375412), ([[163, 87], [217, 87], [217, 103], [163, 103]], '네 생일이', 0.9917507492876628), ([[337, 87], [377, 87], [377, 103], [337, 103]], '하자고', 0.9088343041776561), ([[161, 105], [217, 105], [217, 125], [161, 125]], '궁금하 건', 0.6925693842759516), ([[343, 109], [373, 109], [373, 125], [343, 125]], '한거', 0.9998587266867727), ([[402, 98], [510, 98], [510, 128], [402, 128]], '반 짓이나?!', 0.9312515985029204), ([[163, 125], [215, 125], [215, 145], [163, 145]], '당연한거', 0.663261185901716), ([[329, 129], [389, 129], [389, 147], [329, 147]], '아니거튼?', 0.5503014598439462), ([[71, 155], [145, 155], [145, 171], [71, 171]], '구간치지마', 0.5190412851994576), ([[175, 149], [209, 149], [209, 165], [175, 165]], '아냐?', 0.9999405349915622), ([[313, 179], [341, 179], [341, 195], [313, 195]], '어이', 0.9610814661382855), ([[265, 199], [293, 199], [293, 215], [265, 215]], '어이', 0.9817064167792909), ([[95, 301], [145, 301], [145, 317], [95, 317]], '이럴까보', 0.30039501190185547), ([[77, 319], [163, 319], [163, 339], [77, 339]], '걱정없다니까  ', 0.5438676489549129), ([[562, 330], [596, 330], [596, 356], [562, 356]], '하', 0.9971326907181179), ([[331, 471], [383, 471], [383, 500], [331, 500]], '그래,', 0.934193687255899), ([[312, 502], [400, 502], [400, 530], [312, 530]], '네가 제일', 0.9998667189140975), ([[478, 494], [544, 494], [544, 524], [478, 524]], '아무튼,', 0.5467786081022478), ([[314, 532], [400, 532], [400, 562], [314, 562]], '좋아하는', 0.9512664675712585), ([[486, 524], [540, 524], [540, 550], [486, 550]], '받아!', 0.9466685347386183), ([[302, 560], [418, 560], [418, 590], [302, 590]], '매운 고추야', 0.9016921627743093), ([[470, 552], [560, 552], [560, 582], [470, 582]], '선물이야', 0.9993658065795898), ([[337, 729], [391, 729], [391, 747], [337, 747]], '내가 직접', 0.7471151908306856), ([[329, 747], [403, 747], [403, 763], [329, 763]], '기튼 거라고?', 0.864331370930762)]
[([[420, 60], [444, 60], [444, 84], [420, 84]], '네', 0.9999434955949624), ([[398, 88], [466, 88], [466, 118], [398, 118]], '생각이', 0.9857956767082214), ([[570, 104], [634, 104], [634, 132], [570, 132]], '우리도', 0.8327975869178772), ([[87, 111], [157, 111], [157, 155], [87, 155]], '같은', 0.5280771450658555), ([[410, 118], [454, 118], [454, 144], [410, 144]], '나서', 0.9999788423476044), ([[568, 132], [644, 132], [644, 162], [568, 162]], '매문거!', 0.5242162346839905), ([[410, 148], [464, 148], [464, 178], [410, 178]], '삶어!', 0.803044319152832), ([[39, 155], [178, 155], [178, 204], [39, 204]], '선물이야', 0.5398435852633295), ([[517, 259], [588, 259], [588, 296], [517, 296]], '(다어찌', 0.00541377579793334), ([[710, 366], [750, 366], [750, 398], [710, 398]], '@터', 0.5866158162512846), ([[291, 465], [345, 465], [345, 483], [291, 483]], '토도로키', 0.9867334961891174), ([[215, 489], [257, 489], [257, 507], [215, 507]], '너 지금', 0.9715648818108803), ([[217, 513], [257, 513], [257, 533], [217, 533]], '얼굴에', 0.9814831884150358), ([[65, 529], [139, 529], [139, 549], [65, 549]], '그런 적 없다.', 0.6387721218312878), ([[207, 541], [271, 541], [271, 557], [207, 557]], '"까먹없다"', 0.6791146917262243), ([[193, 563], [285, 563], [285, 583], [193, 583]], '라고 쓰여있없어.', 0.7807204589315454), ([[237.17086771745093, 137.6221280326862], [303.69234608492286, 130.67664344978368], [305.8291322825491, 155.3778719673138], [239.3076539150771, 162.32335655021632]], '(4-어신어', 0.0041651087162579824), ([[688.2111456180002, 340.4222912360003], [747.0728851183895, 331.4392624013421], [751.7888543819998, 367.5777087639997], [692.9271148816105, 376.5607375986579]], '코', 0.03877198472048704)]
[([[251, 83], [277, 83], [277, 99], [251, 99]], '이건', 0.9994149675848586), ([[159, 95], [225, 95], [225, 115], [159, 115]], '급식실에서', 0.9875448544724308), ([[159, 115], [231, 115], [231, 131], [159, 131]], "'오늘의 요리'", 0.7539444558632215), ([[445, 111], [471, 111], [471, 129], [445, 129]], '뒤적', 0.9845926449443047), ([[165, 129], [219, 129], [219, 147], [165, 147]], '한 그릇올', 0.9172004282258885), ([[157, 145], [227, 145], [227, 165], [157, 165]], '받올 수 잇는', 0.370665757186606), ([[387, 155], [415, 155], [415, 173], [387, 173]], '뒤적', 0.9873413561498765), ([[167, 165], [219, 165], [219, 181], [167, 181]], '식권이다', 0.9991505742073059), ([[155, 179], [233, 179], [233, 199], [155, 199]], '죽순 볶용이니', 0.5932853267050081), ([[161, 195], [229, 195], [229, 215], [161, 215]], '맛있붙거다.', 0.1557672567689472), ([[663, 577], [691, 577], [691, 593], [663, 593]], '깜직한', 0.10280786018281517), ([[506, 592], [553, 592], [553, 618], [506, 618]], '덩상이', 0.5425762038014436), ([[517, 613], [545, 613], [545, 633], [517, 633]], '주논', 0.6997844905903214), ([[517, 631], [555, 631], [555, 649], [517, 649]], '교훈습', 0.033223272434060716), ([[85, 669], [107, 669], [107, 681], [85, 681]], '~어', 0.007438700590301486), ([[739.3662497777024, 334.02874755472607], [792.8542801745112, 350.9565920264818], [758.6337502222976, 457.97125244527393], [706.1457198254888, 441.0434079735182]], '속', 0.797422185766564), ([[528.5533722192732, 381.025012751532], [642.8895492079221, 443.0665081900987], [623.4466277807268, 477.974987248468], [510.1104507920779, 414.9334918099013]], '조늘의요리', 0.1263241469496202), ([[614.4505577442053, 410.0769521047184], [650.9994593863937, 428.9535009445025], [640.5494422557947, 448.9230478952816], [604.0005406136063, 430.0464990554975]], '4120', 0.43714404106140137), ([[155.5857864376269, 600.5857864376269], [212.7531571015592, 592.0374823756146], [215.4142135623731, 613.4142135623731], [158.2468428984408, 621.9625176243854]], "'기뻐스국", 0.11973539772874436), ([[649.2820418413822, 600.1333087875939], [690.9105717813827, 607.4086325438577], [686.7179581586178, 629.8666912124061], [645.0894282186173, 621.5913674561423]], '귀여운', 0.8729204012701467), ([[686.2572186472918, 607.1430466182295], [727.9347444467605, 615.4932812163246], [723.7427813527082, 635.8569533817705], [682.0652555532395, 627.5067187836754]], '동물돌', 0.8207613896940406), ([[164.7701175612585, 654.9931058051327], [204.84182184054475, 640.631943347871], [214.2298824387415, 668.0068941948673], [173.15817815945525, 681.368056652129]], '벼어.', 0.022066269134499914)]
[([[519, 17], [545, 17], [545, 31], [519, 31]], '남자의', 0.8686381572945387), ([[707, 13], [735, 13], [735, 27], [707, 27]], '와아', 0.9996591333073905), ([[543, 21], [573, 21], [573, 35], [543, 35]], '떠무맛', 0.11606452355547983), ([[132, 10], [184, 10], [184, 62], [132, 62]], '짜', 0.963304867142952), ([[246, 10], [298, 10], [298, 62], [246, 62]], '잔', 0.9998562387639964), ([[522, 35], [573, 35], [573, 62], [522, 62]], '{매움>', 0.34521806240081787), ([[751, 45], [779, 45], [779, 61], [751, 61]], '와아', 0.9995660836263578), ([[521, 69], [563, 69], [563, 87], [521, 87]], '간있다!', 0.6678024530410767), ([[188, 156], [216, 156], [216, 180], [188, 180]], '9', 0.036731254453386875), ([[686, 282], [728, 282], [728, 310], [686, 310]], '스우', 0.29391112147832593), ([[300, 352], [344, 352], [344, 378], [300, 378]], '숙제', 0.9996466591086972), ([[308, 382], [334, 382], [334, 406], [308, 406]], '더', 0.999963045461655), ([[296, 410], [354, 410], [354, 438], [296, 438]], '줄까?', 0.9922045001426631), ([[192, 476], [250, 476], [250, 502], [192, 502]], '거저', 0.5101281603916961), ([[496, 534], [538, 534], [538, 560], [496, 560]], '오늘', 0.9445868651751202), ([[472, 562], [560, 562], [560, 592], [472, 592]], '생일이나', 0.9864869713783264), ([[484, 592], [550, 592], [550, 618], [484, 618]], '바구고', 0.6596130516512168), ([[271, 595], [337, 595], [337, 671], [271, 671]], '텅', 0.2227706676723109), ([[80, 694], [200, 694], [200, 770], [80, 770]], '텅', 0.7614375545674648), ([[248, 692], [326, 692], [326, 766], [248, 766]], '봉', 0.08530627840060223), ([[622, 748], [726, 748], [726, 820], [622, 820]], '{용되드', 0.08979404717683792), ([[66, 792], [138, 792], [138, 866], [66, 866]], '통', 0.0771451703074355), ([[423.5611569566012, 15.8295040435816], [490.04917631667604, 0.411076712256214], [497.4388430433988, 35.1704959564184], [430.95082368332396, 50.58892328774379]], '장매움', 0.9937131718579151), ([[435.78057847830064, 50.4147520217908], [478.63638339372136, 43.8501089665742], [481.21942152169936, 66.5852479782092], [438.36361660627864, 72.1498910334258]], '남자의', 0.9977608227072386)]
