2669409
70
[([[176, 78], [264, 78], [264, 134], [176, 134]], '미안', 0.9914078369740034), ([[149, 141], [295, 141], [295, 207], [149, 207]], '늦어제', 0.13678954889999098), ([[739, 835], [943, 835], [943, 895], [739, 895]], '준비하다가', 0.9998768483502534), ([[655, 895], [1022, 895], [1022, 969], [655, 969]], '핸드표올 잃어버려서', 0.23859053957880272), ([[781, 971], [871, 971], [871, 1031], [781, 1031]], '그만.', 0.9485472978413925), ([[818, 1448], [890, 1448], [890, 1502], [818, 1502]], "'0", 0.4314511724918897)]
[([[54, 100], [272, 100], [272, 198], [54, 198]], '흐으음', 0.9556767736155855), ([[890, 652], [944, 652], [944, 704], [890, 704]], '14', 0.09122849010134837), ([[606.9815420665362, 76.07448605244603], [686.4340152101264, 96.24256490994583], [670.0184579334638, 157.92551394755398], [589.5659847898736, 137.75743509005417]], '760', 0.2575913714223091)]
[([[493, 41], [623, 41], [623, 131], [493, 131]], '활짝', 0.28649391477063063), ([[905, 111], [1069, 111], [1069, 155], [905, 155]], '테이크가', 0.2130688577890396), ([[823, 169], [1153, 169], [1153, 235], [823, 235]], '이렇계 맛있다니', 0.624159537864761), ([[865, 239], [1111, 239], [1111, 301], [865, 301]], '이건 범죄야', 0.9638011736716416), ([[12, 608], [352, 608], [352, 682], [12, 682]], '예는 주문올 안해세', 0.20375821797705643), ([[81, 681], [283, 681], [283, 747], [81, 747]], '@르움%.', 0.006751898736893971), ([[1124, 1218], [1218, 1218], [1218, 1270], [1124, 1270]], '진짜', 0.9981385443739978), ([[1122, 1286], [1218, 1286], [1218, 1340], [1122, 1340]], '진짜', 0.9851903976499106), ([[1066, 1346], [1274, 1346], [1274, 1412], [1066, 1412]], '맛있는데.', 0.24184751965369694)]
[([[111, 77], [287, 77], [287, 143], [111, 143]], '그렇다면!', 0.23293905513665672), ([[43, 143], [353, 143], [353, 209], [43, 209]], '일단 3어보야지!', 0.14446791164162062), ([[76, 218], [320, 218], [320, 268], [76, 268]], '자 @하해화!', 0.29398072827422544)]
[([[65, 147], [187, 147], [187, 209], [65, 209]], '@@어', 0.012802285205106002), ([[395, 241], [459, 241], [459, 307], [395, 307]], '7', 0.023709349940194357), ([[549, 285], [585, 285], [585, 351], [549, 351]], '1', 0.6708392152116041), ([[138, 422], [306, 422], [306, 494], [138, 494]], '오늘 예무', 0.2025622041476781), ([[8, 490], [438, 490], [438, 562], [8, 562]], '@제만 부래고 왜눈결째용', 0.009646321002534887), ([[130, 578], [158, 578], [158, 610], [130, 610]], '미', 0.9804275439647405), ([[166, 566], [284, 566], [284, 622], [166, 622]], '@매안', 0.28443434729847467), ([[275, 595], [313, 595], [313, 615], [275, 615]], '000', 0.7884429434495863)]
[([[276, 210], [532, 210], [532, 264], [276, 264]], '[공손하게 사양]', 0.9753813022574078), ([[265, 429], [875, 429], [875, 492], [265, 492]], '[사양은 원 개소리야, 언능 처먹지 못해]', 0.7406976594952902)]
[]
[([[640, 618], [714, 618], [714, 692], [640, 692]], '거', 0.002112929606095673), ([[351.8514511202689, 353.0550916507966], [532.4988844661892, 189.3340603026502], [585.148548879731, 272.9449083492034], [405.5011155338108, 435.6659396973498]], '들:몹', 0.005530491168574994)]
[([[352, 166], [406, 166], [406, 222], [352, 222]], '1', 0.0049124613017648144)]
[([[83, 33], [191, 33], [191, 101], [83, 101]], '우월빵', 0.01840772688995545), ([[24, 100], [250, 100], [250, 172], [24, 172]], '숨 똑해없어', 0.19467481419599128), ([[19, 171], [257, 171], [257, 235], [19, 235]], '웬센히 떨어', 0.0744122685849943), ([[85, 759], [213, 759], [213, 827], [85, 827]], '(탤분에', 0.11539857089519501), ([[8, 826], [294, 826], [294, 898], [8, 898]], '웃음 속 @어예', 0.42113653707432325), ([[1051, 1151], [1211, 1151], [1211, 1213], [1051, 1213]], '자 예깨요', 0.03359725306964747), ([[1033, 1211], [1227, 1211], [1227, 1275], [1033, 1275]], '한 조색더', 0.11700817713041652), ([[1041, 1277], [1213, 1277], [1213, 1343], [1041, 1343]], '줄페니봉', 0.04777273163199425), ([[1203, 1319], [1219, 1319], [1219, 1343], [1203, 1343]], '9', 0.4013638367186765), ([[1051, 1347], [1179, 1347], [1179, 1409], [1051, 1409]], '@번엔', 0.9458343040004215), ([[1081, 1417], [1189, 1417], [1189, 1477], [1081, 1477]], '잠깐', 0.8105284536570856)]
[]
[([[113, 239], [325, 239], [325, 303], [113, 303]], '오랜만이야!', 0.973652963631276), ([[953, 239], [1155, 239], [1155, 303], [953, 303]], '잘 지낫어?', 0.3020186500415286)]
[([[730.0293498376011, -20.920965990633203], [922.9565161030907, 3.278948050678486], [912.9706501623989, 51.920965990633206], [721.0434838969093, 27.721051949321513]], '1 +', 0.01115391869097948)]
[]
[([[1052.2800093598175, 1154.0162077879481], [1164.1789354797882, 1221.5866479471158], [1050.7199906401825, 1407.9837922120519], [938.8210645202117, 1339.4133520528842]], '연', 0.003944045579165556), ([[1066.8626652879327, 1336.6077314031056], [1278.6233875474795, 1260.8318924026632], [1313.1373347120673, 1373.3922685968944], [1100.3766124525205, 1449.1681075973368]], '&6.4', 0.0038834039587527514)]
[([[235, 275], [835, 275], [835, 335], [235, 335]], '오늘이 영원히 끝나지 않앞으면 좋계어.', 0.24796525897616742)]
[([[147, 67], [317, 67], [317, 135], [147, 135]], '호텔패체', 0.25367382168769836), ([[129, 137], [335, 137], [335, 199], [129, 199]], '떼떠다주제', 0.2553899323394084), ([[549, 109], [617, 109], [617, 223], [549, 223]], '5', 0.11024364270548404), ([[151, 205], [313, 205], [313, 271], [151, 271]], '않아예로', 0.037621185183525085), ([[120, 268], [342, 268], [342, 340], [120, 340]], '괜없-아눈데', 0.06648389362763309), ([[553, 289], [617, 289], [617, 375], [553, 375]], '"', 0.0875348810015888), ([[940, 517], [1208, 517], [1208, 590], [940, 590]], '굉장활젠 없예', 0.2799163812959421), ([[958, 586], [1174, 586], [1174, 658], [958, 658]], '그렇^ 톤애', 0.061378173843289856), ([[538, 652], [612, 652], [612, 702], [538, 702]], '언', 0.0060909062158348015), ([[928, 654], [1224, 654], [1224, 726], [928, 726]], "'문은젠 @내짜", 0.021256785490768447), ([[1008, 732], [1141, 732], [1141, 787], [1008, 787]], '술하', 0.020911186535595747), ([[467, 859], [599, 859], [599, 923], [467, 923]], '@제는', 0.021563154386987655), ([[448, 922], [621, 922], [621, 995], [448, 995]], '안녕@', 0.07805406968182531), ([[501, 995], [569, 995], [569, 1057], [501, 1057]], '응공', 0.028754754034115506)]
[([[107, 73], [277, 73], [277, 141], [107, 141]], '오늘 하루', 0.4917325821967893), ([[911, 105], [1175, 105], [1175, 171], [911, 171]], '떼액 친절함예', 0.0878828965695762), ([[7, 139], [377, 139], [377, 207], [7, 207]], '함께 제널 속 엔어세', 0.10095018524784924), ([[806, 170], [1280, 170], [1280, 242], [806, 242]], '어떻페 보답-활 속 @음제로', 0.15435844562506063), ([[80, 204], [302, 204], [302, 276], [80, 276]], '정말 가웨어', 0.13397972159178487), ([[935, 241], [1155, 241], [1155, 309], [935, 309]], '모롭켓눈길.', 0.01956373692880948), ([[173, 315], [209, 315], [209, 331], [173, 331]], '009', 0.28613004714074197), ([[899, 815], [1069, 815], [1069, 877], [899, 877]], '@주@?', 0.04941565915942192), ([[117, 845], [215, 845], [215, 907], [117, 907]], '잠깐', 0.1780612397738173), ([[203, 877], [241, 877], [241, 897], [203, 897]], '000', 0.5206872935437213), ([[116, 914], [242, 914], [242, 970], [116, 970]], '에쩌면', 0.0532432654493439), ([[87, 981], [277, 981], [277, 1043], [87, 1043]], '@음제로하', 0.013269443319794726), ([[947, 1255], [1271, 1255], [1271, 1321], [947, 1321]], '잠깐 눈 같아보', 0.21056561222571388), ([[1016, 1332], [1200, 1332], [1200, 1380], [1016, 1380]], '그-그리고', 0.9909738264113763), ([[949, 1393], [1269, 1393], [1269, 1455], [949, 1455]], '절대 뜨면 안도', 0.49661262811967416), ([[736.3920745334448, 240.43701614698983], [815.5934059454573, 217.45014337407014], [831.6079254665552, 284.56298385301017], [752.4065940545427, 307.54985662592986]], ',사', 0.1302625492154508)]
[([[1065, 443], [1231, 443], [1231, 533], [1065, 533]], '똑유', 0.028772406852235168), ([[1019, 1007], [1055, 1007], [1055, 1023], [1019, 1023]], '00', 0.25740094452264584), ([[879, 1171], [989, 1171], [989, 1231], [879, 1231]], '흐음6', 0.38277994048940905)]
[([[1067, 83], [1163, 83], [1163, 145], [1067, 145]], '@월', 0.10349543735697911), ([[126, 610], [242, 610], [242, 666], [126, 666]], '흐음', 0.9373218612429747), ([[0, 843], [109, 843], [109, 965], [0, 965]], '(', 0.08823763971635401), ([[357, 853], [513, 853], [513, 913], [357, 913]], '@@유고@', 0.055765211244233254), ([[783, 883], [881, 883], [881, 945], [783, 945]], '패약', 0.342599220376674)]
[([[274, 196], [744, 196], [744, 252], [274, 252]], '미-미안 나도 모르게 그만', 0.5850484777871342), ([[737, 229], [769, 229], [769, 243], [737, 243]], '999', 0.04700974772910283), ([[397, 379], [663, 379], [663, 443], [397, 443]], '혹시 괜찮다면.', 0.9580082989014412), ([[281, 445], [809, 445], [809, 511], [281, 511]], '조금만 더 같이 있어도 펼까', 0.28203168437958914)]
[([[982, 508], [1062, 508], [1062, 596], [982, 596]], '11', 0.19978223538337528)]
[([[80, 136], [240, 136], [240, 186], [80, 186]], '내 머리?', 0.8675594434505761), ([[958, 116], [1246, 116], [1246, 172], [958, 172]], '이상하게 보이지', 0.7615295725257316), ([[931, 179], [1275, 179], [1275, 247], [931, 247]], '않아으면 쫓계는데', 0.2619852218444668), ([[991, 691], [1213, 691], [1213, 759], [991, 759]], '오늘따라 더', 0.8251427974827913), ([[1001, 761], [1197, 761], [1197, 821], [1001, 821]], '"사귀"처럼', 0.8822301444985617), ([[127, 795], [197, 795], [197, 857], [127, 857]], '틈?', 0.4435749370739001), ([[1019, 831], [1189, 831], [1189, 891], [1019, 891]], '보인다구?', 0.9811202002717874), ([[1050, 904], [1156, 904], [1156, 952], [1050, 952]], '그래?', 0.999991465640968)]
[]
[([[439, 1], [523, 1], [523, 61], [439, 61]], '7', 0.38411971730511496), ([[101, 1143], [289, 1143], [289, 1207], [101, 1207]], '우리 둘다', 0.7852018120094388), ([[68, 1214], [306, 1214], [306, 1286], [68, 1286]], '분위기틀 너무', 0.6864012584748612), ([[43, 1291], [349, 1291], [349, 1355], [43, 1355]], '타버린 것 끝네', 0.8224142759620262), ([[1055, 1273], [1185, 1273], [1185, 1335], [1055, 1335]], '하지만', 0.9995154152789807), ([[1029, 1343], [1207, 1343], [1207, 1403], [1029, 1403]], '나도 이젠', 0.46171785507959595), ([[1015, 1407], [1201, 1407], [1201, 1473], [1015, 1473]], '못 참계어.', 0.534375436211135), ([[1189, 1443], [1223, 1443], [1223, 1459], [1189, 1459]], '069', 0.11064728888822621)]
[([[55, 1163], [353, 1163], [353, 1229], [55, 1229]], '키스햇올 때부터', 0.5724504933663117), ([[23, 1231], [357, 1231], [357, 1297], [23, 1297]], '이렇제 돼버로는결.', 0.14663515309837505)]
[([[948, 160], [1233, 160], [1233, 241], [948, 241]], '엄령 올란하지)', 0.12814539563966995), ([[979, 235], [1195, 235], [1195, 297], [979, 297]], '나도 알아', 0.8559513339239282), ([[68, 1124], [156, 1124], [156, 1178], [68, 1178]], '미안', 0.9994120178123789)]
[([[256, 156], [876, 156], [876, 230], [256, 230]], '음려해@ 그렇제만 네액 그런 부분로', 0.06857206730628555), ([[373, 227], [759, 227], [759, 295], [373, 295]], '나는 사랑하고 @어어', 0.19991526952796582), ([[354, 402], [658, 402], [658, 476], [354, 476]], '오유9 뜻행애 보소', 0.21604971198140524)]
[([[765, 235], [827, 235], [827, 297], [765, 297]], '기진', 0.0017414167538300463), ([[966, 254], [1056, 254], [1056, 302], [966, 302]], '(푸', 0.012625217226003592), ([[98, 846], [184, 846], [184, 902], [98, 902]], '[옛', 0.2711285454162112), ([[91, 911], [199, 911], [199, 973], [91, 973]], '깜깐', 0.15195565009338738), ([[58, 1245], [372, 1245], [372, 1319], [58, 1319]], '그런 달달하 말은', 0.26414865751575145), ([[75, 1319], [315, 1319], [315, 1383], [75, 1383]], '반퀴이많아(', 0.027589216108490796), ([[897.9266873708001, 240.09678053940056], [975.3381733097871, 251.26067422260928], [965.0733126291999, 306.9032194605994], [888.6618266902129, 295.7393257773907]], '씨', 0.34789743810509677)]
[([[631, 35], [723, 35], [723, 95], [631, 95]], '구', 0.06631877103544426), ([[113, 153], [267, 153], [267, 219], [113, 219]], '날 월해', 0.33133834960235914), ([[53, 219], [325, 219], [325, 287], [53, 287]], '한번만 떼 눈음', 0.34242640987483935), ([[109, 289], [277, 289], [277, 353], [109, 353]], '같아주6', 0.027940208092331886), ([[446, 314], [496, 314], [496, 362], [446, 362]], '데', 0.06401774222038004), ([[494, 300], [840, 300], [840, 376], [494, 376]], '좋은 선물올 줄제', 0.20650456079166868), ([[890, 334], [1114, 334], [1114, 414], [890, 414]], '제 @ 액', 0.7922163756194129), ([[1123, 379], [1161, 379], [1161, 399], [1123, 399]], '00', 0.6740819219381293), ([[269, 1123], [347, 1123], [347, 1191], [269, 1191]], '불', 0.05028683446149729), ([[983, 1367], [1065, 1367], [1065, 1435], [983, 1435]], '꿈틀', 0.14562307661175988)]
[([[29, 285], [185, 285], [185, 351], [29, 351]], '훈처보면', 0.16437653490439005), ([[97, 355], [239, 355], [239, 419], [97, 419]], '알격지!', 0.11912693828344345), ([[307, 631], [349, 631], [349, 681], [307, 681]], '륙', 0.05410543741223606), ([[569, 811], [611, 811], [611, 863], [569, 863]], '틈', 0.04105378940275628), ([[197.01005050633884, 281.0703535443718], [315.70011717527285, 302.9730737957158], [301.9899494936612, 364.9296464556282], [183.29988282472718, 343.0269262042842]], '안되 ,', 0.15587949752807617)]
[([[819, 219], [881, 219], [881, 281], [819, 281]], '1', 0.8048384092904257), ([[929, 275], [981, 275], [981, 317], [929, 317]], '0', 0.13506882885180005), ([[482, 636], [584, 636], [584, 708], [482, 708]], '@교', 0.03945223119480105), ([[161, 679], [259, 679], [259, 747], [161, 747]], '활교', 0.05912832297190377), ([[418, 1168], [474, 1168], [474, 1224], [418, 1224]], '1', 0.7091356631572268), ([[217, 1407], [299, 1407], [299, 1473], [217, 1473]], '균롭', 0.01725252581327745)]
[([[737, 405], [835, 405], [835, 465], [737, 465]], '흐흡', 0.15180477650552537)]
[([[72, 124], [302, 124], [302, 172], [72, 172]], '그래 사키야!', 0.6333828841501137), ([[925, 571], [1175, 571], [1175, 635], [925, 635]], '그럼 서두르자!', 0.44626089125088814), ([[913, 637], [1185, 637], [1185, 703], [913, 703]], '이미 늦없다구', 0.7801945774180407)]
[([[430, 118], [564, 118], [564, 196], [430, 196]], '회@', 0.15754022050123195), ([[1037, 205], [1129, 205], [1129, 249], [1037, 249]], '하아', 0.9606738265780413), ([[273, 505], [367, 505], [367, 549], [273, 549]], '하아', 0.8664651296897015), ([[1053, 509], [1225, 509], [1225, 571], [1053, 571]], '나도 조금', 0.999485560186664), ([[19, 545], [189, 545], [189, 611], [19, 611]], '너무 많이', 0.6059776010651415), ([[1007, 573], [1275, 573], [1275, 641], [1007, 641]], '방심햇올지도', 0.2566924750571626), ([[18, 612], [194, 612], [194, 685], [18, 685]], '싸티아', 0.06611732465806845), ([[320, 972], [410, 972], [410, 1044], [320, 1044]], '울필', 0.40526668016686956), ([[1002, 972], [1208, 972], [1208, 1140], [1002, 1140]], ')', 0.9656621356498682)]
[([[239, 187], [335, 187], [335, 249], [239, 249]], '할짝', 0.7433738046349805), ([[373, 165], [463, 165], [463, 233], [373, 233]], '제"\'', 0.041488366512982704), ([[45, 421], [225, 421], [225, 487], [45, 487]], '가슴 속이', 0.9987742016551551), ([[0, 489], [271, 489], [271, 555], [0, 555]], '계속 두근거려.', 0.15253463916268964), ([[1071, 1157], [1279, 1157], [1279, 1217], [1071, 1217]], '하-할까', 0.6410170197486877)]
[([[82, 151], [284, 151], [284, 216], [82, 216]], '자-잠깐빵', 0.4173626304017085), ([[181, 765], [221, 765], [221, 813], [181, 813]], '주', 0.8696008356921858), ([[313, 801], [353, 801], [353, 855], [313, 855]], '륙', 0.06093837962281001), ([[612, 919], [877, 919], [877, 1070], [612, 1070]], "'나내", 0.09694072340256873), ([[1027, 1263], [1201, 1263], [1201, 1325], [1027, 1325]], '거짓 엄청', 0.5729624850617815), ([[965, 1329], [1265, 1329], [1265, 1395], [965, 1395]], '민감하단 말야', 0.7066740150757623), ([[88, 1404], [176, 1404], [176, 1476], [88, 1476]], '움필', 0.6710011553499741)]
[([[153, 113], [261, 113], [261, 203], [153, 203]], '무', 0.9711222156767327), ([[28, 210], [392, 210], [392, 314], [28, 314]], '무슨 짓이앗?', 0.54608621134435), ([[363, 457], [547, 457], [547, 521], [363, 521]], '거-거기록', 0.7007349620445756), ([[347, 523], [567, 523], [567, 591], [347, 591]], '할아진 적은', 0.6049538337677532), ([[347, 595], [571, 595], [571, 657], [347, 657]], '처음인데에!', 0.538686803209038), ([[437, 1113], [533, 1113], [533, 1175], [437, 1175]], '할짝', 0.7161078212381917), ([[45, 1343], [143, 1343], [143, 1407], [45, 1407]], '할짝', 0.37438605789959795)]
[([[997, 61], [1075, 61], [1075, 105], [997, 105]], '나.', 0.8608999429692802), ([[453, 81], [571, 81], [571, 125], [453, 125]], '나아 ', 0.4802651981943922), ([[87, 217], [389, 217], [389, 281], [87, 281]], '멈추야 하는데', 0.38448671810791135), ([[55, 283], [417, 283], [417, 351], [55, 351]], '기분이 너무 좋아.0', 0.5045445674577067), ([[363, 473], [559, 473], [559, 539], [363, 539]], '그-그렇계', 0.49578828944713793), ([[304, 540], [620, 540], [620, 616], [304, 616]], '계속 빨아버리면 9', 0.37554911587221146), ([[391, 611], [527, 611], [527, 673], [391, 673]], '나 곧.', 0.4067496539301233), ([[453, 837], [537, 837], [537, 905], [453, 905]], '균롭', 0.01302727020733813), ([[97, 1407], [181, 1407], [181, 1475], [97, 1475]], '균름', 0.008259564178638159)]
[([[87, 1021], [371, 1021], [371, 1133], [87, 1133]], '흐아양써', 0.1213882565498352)]
[([[978, 22], [1136, 22], [1136, 76], [978, 76]], '이-이센', 0.5003716945648193), ([[673, 67], [767, 67], [767, 111], [673, 111]], '하아', 0.9999044965770547), ([[761, 95], [793, 95], [793, 109], [761, 109]], '060', 0.2549354135990143), ([[921, 80], [1166, 80], [1166, 153], [921, 153]], '멈출 수 없어.', 0.8283314086245483), ([[837, 155], [1280, 155], [1280, 219], [837, 219]], '몸 안이 타오르는 것 같아', 0.9640967963793782), ([[1121, 285], [1209, 285], [1209, 347], [1121, 347]], '계속', 0.9999118299314287), ([[1061, 363], [1105, 363], [1105, 403], [1061, 403]], '더', 0.9999492174873836), ([[1111, 351], [1269, 351], [1269, 419], [1111, 419]], '해주기틀', 0.38058122992515564), ([[19, 486], [108, 486], [108, 537], [19, 537]], '하 ', 0.45673897067702157), ([[59, 1359], [191, 1359], [191, 1419], [59, 1419]], '원하6@@', 0.07409906633635573)]
[([[469, 235], [559, 235], [559, 303], [469, 303]], '으흡', 0.38533600197424794), ([[57, 697], [327, 697], [327, 761], [57, 761]], "막 가버린_후예'", 0.6708353927239735), ([[56, 768], [294, 768], [294, 824], [56, 824]], '키스해버리면', 0.889426111742169), ([[285, 797], [321, 797], [321, 817], [285, 817]], '869', 0.23121725298298448), ([[495, 1025], [573, 1025], [573, 1085], [495, 1085]], '스욕', 0.11308653981913745), ([[131, 1417], [282, 1417], [282, 1470], [131, 1470]], '@@@ ', 0.025054851546883583), ([[434.00636944292773, 169.4146497187338], [515.1511056544555, 159.2128290605799], [518.9936305570723, 201.5853502812662], [436.8488943455445, 211.7871709394201]], '(', 0.01131524147220292)]
[([[729, 85], [1045, 85], [1045, 149], [729, 149]], '다른 사람 앞에서', 0.7992477020242308), ([[688, 148], [1082, 148], [1082, 220], [688, 220]], '이렇계 전부 보여주논건', 0.5201232147218405), ([[719, 219], [1059, 219], [1059, 287], [719, 287]], '조금 부끄러움지도 ', 0.4124985745233152), ([[277.15046541746176, 81.07269942127826], [346.86540143745003, 104.84766808060394], [330.84953458253824, 148.92730057872174], [261.13459856254997, 125.15233191939606]], '1시', 0.0020632220278579494)]
[([[83, 161], [215, 161], [215, 221], [83, 221]], '하지만', 0.9620585317970568), ([[15, 229], [283, 229], [283, 291], [15, 291]], '너와 함께라면', 0.7469890971264443), ([[7, 293], [267, 293], [267, 361], [7, 361]], '아무렇지 않아', 0.638035208498737), ([[1033, 425], [1081, 425], [1081, 465], [1033, 465]], '내', 0.9999837876023321), ([[1083, 413], [1187, 413], [1187, 477], [1083, 477]], '전부로', 0.9849964744162749), ([[1073, 485], [1143, 485], [1143, 529], [1073, 529]], '너도', 0.886271536980805), ([[941, 535], [1279, 535], [1279, 601], [941, 601]], '(끼분 좋아져으면 해', 0.3822861695384981), ([[337, 977], [415, 977], [415, 1043], [337, 1043]], '특곧', 0.6299391237955085)]
[([[313, 205], [789, 205], [789, 269], [313, 269]], '(절대 이 손올 놓지 않울거야)', 0.4202507943498948), ([[247, 419], [857, 419], [857, 481], [247, 481]], '(안돼! 오늘은 그렇고 그런 생각은 금지다!', 0.46266115321845136), ([[386, 478], [720, 478], [720, 534], [386, 534]], '착실한 모습만 보이자!)', 0.5530189347810885)]
[([[281, 195], [759, 195], [759, 263], [281, 263]], '함께 기분 좋아지자 사귀', 0.882780265570392), ([[247, 395], [887, 395], [887, 463], [247, 463]], '너클 더욱 기분 좋아지게 해주고 싶어', 0.3763974103947906), ([[877, 435], [911, 435], [911, 449], [877, 449]], '덕', 0.0013396113510904528)]
[([[875, 27], [1025, 27], [1025, 89], [875, 89]], '그-그럼', 0.9994303584098816), ([[796, 106], [927, 106], [927, 147], [796, 147]], '너에계', 0.26662417742899913), ([[933, 95], [1103, 95], [1103, 161], [933, 161]], '맡기켓어.', 0.25452861985013503), ([[859, 417], [909, 417], [909, 461], [859, 461]], '/', 0.034548772803305816)]
[([[501, 123], [887, 123], [887, 215], [501, 215]], '흐나아양 ', 0.03917297707523831), ([[711, 349], [803, 349], [803, 393], [711, 393]], '하아', 0.8299015812014362), ([[1158, 662], [1254, 662], [1254, 710], [1158, 710]], '하아', 0.9107683826700776), ([[137, 953], [229, 953], [229, 1015], [137, 1015]], '찰짝', 0.1761750719051036), ([[93, 1271], [185, 1271], [185, 1335], [93, 1335]], '찰짝', 0.41145612414707566)]
[([[945, 107], [1169, 107], [1169, 175], [945, 175]], '계속 개교@', 0.07047316248918564), ([[942, 172], [1178, 172], [1178, 248], [942, 248]], '불예없으편.', 0.031292661424158), ([[123, 421], [215, 421], [215, 487], [123, 487]], '계속', 0.6589190845342938), ([[1147, 435], [1221, 435], [1221, 479], [1147, 479]], '8', 0.8217493493366987), ([[7, 493], [327, 493], [327, 553], [7, 553]], '하레월체하 @어{어어@', 0.00019368048970370933), ([[91, 947], [141, 947], [141, 989], [91, 989]], '하', 0.9977713141754663), ([[1041, 1249], [1131, 1249], [1131, 1293], [1041, 1293]], '마체', 0.6186305467906298), ([[143, 1263], [223, 1263], [223, 1327], [143, 1327]], "'투곧", 0.3791450256931029), ([[577, 1313], [663, 1313], [663, 1381], [577, 1381]], '울', 0.5625987096218523), ([[909, 1305], [1269, 1305], [1269, 1373], [909, 1373]], '곧 테즈길 것 같야', 0.04184463915461503), ([[1034.037927696395, 38.09343125161421], [1123.7539913431704, 52.45094664098945], [1114.962072303605, 98.90656874838578], [1025.2460086568296, 84.54905335901054]], '몰페', 0.020647717829027343), ([[53.915347710906715, 252.11906469908024], [129.61168854926683, 262.0680764185504], [122.08465228909328, 306.88093530091976], [46.38831145073316, 296.9319235814496]], '8', 0.13141187644066932)]
[([[90, 56], [182, 56], [182, 112], [90, 112]], '@@', 0.39433188795560176), ([[171, 87], [211, 87], [211, 107], [171, 107]], '000', 0.2179515932503566), ([[522, 168], [650, 168], [650, 218], [522, 218]], '하@', 0.18400538491725138), ([[959, 201], [1121, 201], [1121, 285], [959, 285]], '가', 0.30682607964627095), ([[853, 321], [1235, 321], [1235, 435], [853, 435]], '매메터엿이', 0.004640984104459459), ([[55, 753], [97, 753], [97, 807], [55, 807]], '예', 0.19419513010154876), ([[273, 995], [351, 995], [351, 1063], [273, 1063]], '빛빛', 0.2814205226232312)]
[([[758, 26], [1252, 26], [1252, 98], [758, 98]], '오늘 밤울 최대한 활용하자', 0.596130626527868), ([[516, 112], [684, 112], [684, 185], [516, 185]], '으흐움0', 0.6387913227081299), ([[589, 839], [797, 839], [797, 905], [589, 905]], '괜항@면어', 0.00256725937843843), ([[703, 921], [831, 921], [831, 983], [703, 983]], '@`팬엔', 0.12197153270244598), ([[103, 999], [195, 999], [195, 1067], [103, 1067]], "'합", 0.26733931019642), ([[635, 985], [901, 985], [901, 1053], [635, 1053]], '내개 올라-되도', 0.17671252544346086), ([[713, 1053], [829, 1053], [829, 1121], [713, 1121]], '텔째&', 0.007353301497725485)]
[([[455, 13], [679, 13], [679, 57], [455, 57]], '이렇꾸 하는 거.', 0.1501675755502641), ([[1033, 15], [1143, 15], [1143, 55], [1033, 55]], '미-미안', 0.9930257201194763), ([[1135, 37], [1159, 37], [1159, 51], [1135, 51]], '@@@', 0.129363344912325), ([[529, 61], [609, 61], [609, 101], [529, 101]], '맞지', 0.4058757069212175), ([[87, 981], [171, 981], [171, 1047], [87, 1047]], '들썩', 0.9701203606283877), ([[812, 1028], [838, 1028], [838, 1058], [812, 1058]], '산', 0.029308794494902424), ([[947, 1179], [999, 1179], [999, 1221], [947, 1221]], '스음', 0.18053177406795007), ([[185, 1283], [323, 1283], [323, 1325], [185, 1325]], '@롯내하', 0.04093356058001518), ([[114, 1332], [394, 1332], [394, 1386], [114, 1386]], '@령애개 제꽂대로', 0.02330213231917539), ([[113, 1387], [395, 1387], [395, 1447], [113, 1447]], '움직@는 것 같이', 0.09600269935566123), ([[63.951383141735626, 717.0171858229367], [463.5896486952864, 827.6046079007334], [382.0486168582644, 1085.9828141770633], [-17.589648695286446, 975.3953920992666]], '>', 0.7575163909280036)]
[([[510, 40], [638, 40], [638, 88], [510, 88]], '하아형처', 0.013769404962658882), ([[897, 343], [939, 343], [939, 405], [897, 405]], '뿐', 0.33452182548603915), ([[1000, 194], [1176, 194], [1176, 400], [1000, 400]], '1 ,', 0.978657066822052), ([[911, 405], [955, 405], [955, 469], [911, 469]], '올', 0.11005745315016213), ([[23, 645], [147, 645], [147, 689], [23, 689]], '8이', 0.19823251667205483), ([[11, 1077], [387, 1077], [387, 1161], [11, 1161]], '하-하아@히@', 0.09125545435498078)]
[([[922, 48], [1086, 48], [1086, 126], [922, 126]], '장@빵', 0.001744243229153965), ([[1047, 129], [1131, 129], [1131, 189], [1047, 189]], '안쇄', 0.2601123755048131), ([[1044, 190], [1140, 190], [1140, 240], [1044, 240]], '잠깐생', 0.2186926109859302), ([[35, 237], [73, 237], [73, 273], [35, 273]], '1', 0.011477992374440193), ([[1001, 253], [1047, 253], [1047, 289], [1001, 289]], '애', 0.7778069268655976), ([[1050, 244], [1180, 244], [1180, 298], [1050, 298]], '태우기는', 0.6500244736671448), ([[1006, 300], [1176, 300], [1176, 352], [1006, 352]], '그-그만 !', 0.7707967224524424), ([[711, 511], [783, 511], [783, 571], [711, 571]], '주름', 0.7203910428797881), ([[892, 698], [960, 698], [960, 750], [892, 750]], '스음', 0.4272137565169612), ([[1150, 878], [1218, 878], [1218, 930], [1150, 930]], '스음', 0.39417188711625106), ([[307, 989], [519, 989], [519, 1031], [307, 1031]], '아까 가버리고', 0.8550898263154638), ([[376, 1044], [448, 1044], [448, 1092], [376, 1092]], '전혀', 0.9990325297828954), ([[261, 1093], [541, 1093], [541, 1153], [261, 1153]], '추스리지 못햇는데', 0.20432845629248456), ([[529, 1123], [559, 1123], [559, 1141], [529, 1141]], '870', 0.12156081035243246)]
[([[894, 510], [986, 510], [986, 588], [894, 588]], '뷰봇', 0.15136342577042375), ([[738, 566], [802, 566], [802, 622], [738, 622]], ';름', 0.035448955042240535), ([[331, 959], [457, 959], [457, 1023], [331, 1023]], '이렇계', 0.5842755381709608), ([[273, 1025], [517, 1025], [517, 1091], [273, 1091]], '계속 가버리면', 0.9686833026350248), ([[288, 1098], [504, 1098], [504, 1154], [288, 1154]], '미처버려엿', 0.18617181772415506)]
[([[931, 41], [1143, 41], [1143, 103], [931, 103]], '@해 @로', 0.03979007705706263), ([[840, 105], [1241, 105], [1241, 180], [840, 180]], '떨어젠 광어 쌀계튼9', 0.01949479257202735), ([[849, 173], [1227, 173], [1227, 241], [849, 241]], '그로쎄: @ 주말에습', 0.03696040801128268), ([[857, 243], [1217, 243], [1217, 311], [857, 311]], '호텔예 떼물고 옛예', 0.02708410898535295), ([[419, 515], [583, 515], [583, 691], [419, 691]], '새', 0.3948555073753255), ([[986, 394], [1280, 394], [1280, 642], [986, 642]], '씨', 0.03028855390624785), ([[109, 777], [203, 777], [203, 819], [109, 819]], '네가', 0.9994898926608026), ([[209, 767], [289, 767], [289, 833], [209, 833]], '오늘', 0.9995000906892233), ([[75, 835], [327, 835], [327, 899], [75, 899]], '만냐고 싶다하', 0.25571580782958603), ([[86, 904], [140, 904], [140, 964], [86, 964]], '햇', 0.5555953196495835), ([[131, 903], [319, 903], [319, 967], [131, 967]], '올 때예늄', 0.4169695497339727), ([[73, 969], [329, 969], [329, 1037], [73, 1037]], '정말로 카웨에', 0.028951072146040924), ([[704.889902103441, 382.0237092205208], [951.7955716434017, 455.5228453211888], [883.110097896559, 667.9762907794792], [636.2044283565983, 594.4771546788112]], '귀4', 0.05490000714281533)]
[([[61, 75], [229, 75], [229, 143], [61, 143]], '뒤까지', 0.466938225386741), ([[46, 160], [246, 160], [246, 238], [46, 238]], '한다고?', 0.998430073261261), ([[475, 147], [561, 147], [561, 207], [475, 207]], '(할짝', 0.20613035840237495), ([[920, 246], [1002, 246], [1002, 302], [920, 302]], '할짝', 0.2619835986970869), ([[855, 913], [931, 913], [931, 975], [855, 975]], '움필', 0.1945798346598937), ([[929, 1241], [1243, 1241], [1243, 1305], [929, 1305]], '현가 깊은 곳짜지', 0.41092437841860063), ([[947, 1311], [1229, 1311], [1229, 1375], [947, 1375]], '들어오버려어옛', 0.3051723739513235)]
[([[43, 29], [219, 29], [219, 73], [43, 73]], '흐에에에', 0.9360257983207703), ([[74, 88], [212, 88], [212, 150], [74, 150]], '구석구석', 0.9997749328613281), ([[1, 155], [287, 155], [287, 219], [1, 219]], '헌아지고 있어', 0.2118754823235876), ([[386, 150], [468, 150], [468, 206], [386, 206]], '할짝', 0.46305541821379026), ([[992, 238], [1072, 238], [1072, 290], [992, 290]], '할짝', 0.6400027868473919), ([[733, 959], [805, 959], [805, 1021], [733, 1021]], '울필', 0.1447330039717898), ([[1008, 1090], [1232, 1090], [1232, 1146], [1008, 1146]], "'메사 속이 완", 0.13187162431371405), ([[1016, 1138], [1228, 1138], [1228, 1210], [1016, 1210]], '뒤출박죽이야9', 0.22028873182491315), ([[1067, 1207], [1175, 1207], [1175, 1251], [1067, 1251]], '제대로', 0.9999770811385548), ([[976, 1258], [1266, 1258], [1266, 1314], [976, 1314]], '생각활-수도 없어', 0.7242956610309703), ([[881, 1333], [959, 1333], [959, 1369], [881, 1369]], '@제', 0.32481202164877876), ([[866.6712678358369, 1388.5754088880901], [939.7228472032325, 1372.66227492124], [947.3287321641631, 1416.4245911119099], [874.2771527967675, 1431.33772507876]], '된양', 0.08704924114885067)]
[([[21, 87], [313, 87], [313, 155], [21, 155]], '부탁하게 만들체', 0.6655683517583078), ([[843, 101], [911, 101], [911, 161], [843, 161]], '문질', 0.9996155580956317), ([[63, 157], [231, 157], [231, 219], [63, 219]], '말아주@(', 0.13862594051481908), ([[73, 495], [159, 495], [159, 533], [73, 533]], '제4', 0.01332278123318291), ([[41, 547], [185, 547], [185, 613], [41, 613]], '제빨이 %', 0.012098334524263357)]
[([[556, 64], [778, 64], [778, 138], [556, 138]], '@@@:형', 0.025394826481553157), ([[57, 117], [333, 117], [333, 179], [57, 179]], '하@@', 0.3542527546351004), ([[1034, 540], [1112, 540], [1112, 592], [1034, 592]], '촬짝', 0.18693452791985074), ([[464, 628], [544, 628], [544, 680], [464, 680]], '촬씬', 0.005710025027239312), ([[71, 1051], [159, 1051], [159, 1115], [71, 1115]], '정말', 0.9993661702479564), ([[13, 1119], [221, 1119], [221, 1185], [13, 1185]], '들어앉어', 0.36837321519851685), ([[519, 1347], [693, 1347], [693, 1411], [519, 1411]], '무제 깨규;', 0.0037671839256730546), ([[350, 1442], [434, 1442], [434, 1496], [350, 1496]], '할교', 0.033326894520353985)]
[([[481, 99], [587, 99], [587, 141], [481, 141]], '하아', 0.9250349275709625), ([[331, 185], [551, 185], [551, 253], [331, 253]], '튀어세스레 (', 0.0837504192671619), ([[133, 389], [239, 389], [239, 429], [133, 429]], '하아}', 0.21163010649926192), ([[111, 447], [349, 447], [349, 509], [111, 509]], '전부 느껴저엇.@', 0.10823982724326998), ([[42, 806], [122, 806], [122, 860], [42, 860]], '촬짝', 0.5590533087601053), ([[342, 982], [422, 982], [422, 1036], [342, 1036]], '탓싹', 0.03997459723536415), ([[883, 1131], [949, 1131], [949, 1173], [883, 1173]], '너로', 0.9949466862320829), ([[876, 1184], [956, 1184], [956, 1232], [876, 1232]], '하양', 0.5587164295280063), ([[618, 1210], [700, 1210], [700, 1264], [618, 1264]], '텔@', 0.039643256586224224), ([[892, 1238], [966, 1238], [966, 1288], [892, 1288]], '가득', 0.9953481403210941), ([[802, 1293], [1056, 1293], [1056, 1344], [802, 1344]], '채월지고 있어.', 0.06480701717284336)]
[([[645, 327], [731, 327], [731, 451], [645, 451]], '시', 0.9285016027422586), ([[922, 380], [1132, 380], [1132, 456], [922, 456]], '이대로면', 0.9719861149787903), ([[941, 479], [1125, 479], [1125, 543], [941, 543]], '가버.`', 0.1092105507850647), ([[70, 1018], [144, 1018], [144, 1066], [70, 1066]], '쉬잇', 0.3295824469227601), ([[510, 1300], [590, 1300], [590, 1372], [510, 1372]], '무지', 0.16610033082619965), ([[443, 1373], [613, 1373], [613, 1433], [443, 1433]], '따뜻해. (', 0.22588988293657458), ([[6, 1442], [102, 1442], [102, 1490], [6, 1490]], '하아', 0.5947024254247912), ([[90, 1466], [130, 1466], [130, 1490], [90, 1490]], '%)', 0.027714975378831296)]
[([[215, 113], [425, 113], [425, 175], [215, 175]], '7세간 뜻편', 0.025077155118239405), ([[155, 181], [489, 181], [489, 245], [155, 245]], '일나@ 하외깥@5', 0.025751684888208833), ([[782, 214], [1034, 214], [1034, 288], [782, 288]], '네무 분위기@', 0.07808856997258437), ([[737, 280], [1080, 280], [1080, 360], [737, 360]], '훨플래체 말아예야', 0.1897881412268996), ([[775, 353], [1045, 353], [1045, 421], [775, 421]], '햇습데 @@야', 0.2608370919943195), ([[863, 433], [955, 433], [955, 477], [863, 477]], '하하', 0.9846504602675994), ([[953, 1181], [1097, 1181], [1097, 1245], [953, 1245]], '안돼넣!', 0.26344606280326843), ([[961, 1249], [1085, 1249], [1085, 1313], [961, 1313]], '너랑은', 0.5656943335826441), ([[861, 1315], [1185, 1315], [1185, 1383], [861, 1383]], '같이 갈 수 없어.', 0.645316188629629), ([[280.10984978810245, 29.056828347199048], [386.8186804017035, 60.417092049604555], [367.89015021189755, 120.94317165280096], [261.1813195982965, 89.58290795039545]], '@(권?', 0.006583945360034704)]
[([[630, 46], [708, 46], [708, 100], [630, 100]], '쓰람', 0.06805179463995119), ([[1088, 146], [1168, 146], [1168, 200], [1088, 200]], '쓰담', 0.05267353003287238), ([[103, 185], [251, 185], [251, 253], [103, 253]], '그매-안요', 0.0849397867560072), ([[112, 254], [236, 254], [236, 304], [112, 304]], '@@로', 0.08812457881950571), ([[4, 312], [348, 312], [348, 384], [4, 384]], '예 속 없으때', 0.1633408139378063), ([[1155, 673], [1251, 673], [1251, 717], [1155, 717]], '@음', 0.45113231905763024), ([[98, 838], [255, 838], [255, 919], [98, 919]], '알아에이 ', 0.046048439397443366), ([[83, 911], [267, 911], [267, 977], [83, 977]], '알@다입', 0.21199755370616913), ([[139, 981], [213, 981], [213, 1041], [139, 1041]], '씬이', 0.00525028417355514), ([[27, 1047], [327, 1047], [327, 1113], [27, 1113]], '쓰다틈기는 그만', 0.09492705563831093), ([[122, 1122], [226, 1122], [226, 1170], [122, 1170]], '흉핸', 0.006433366128690682)]
[([[173, 127], [275, 127], [275, 169], [173, 169]], '그래로', 0.04223146371212617), ([[130, 178], [314, 178], [314, 230], [130, 230]], '떼액 @@정은', 0.14294971829064815), ([[121, 231], [325, 231], [325, 291], [121, 291]], '그리월제계체', 0.08595360575335444), ([[209, 319], [239, 319], [239, 335], [209, 335]], '0', 0.749753563566685), ([[1038, 528], [1116, 528], [1116, 584], [1038, 584]], '쓰담', 0.19553055704168001), ([[89, 823], [279, 823], [279, 883], [89, 883]], '세무록해체체', 0.16104909928823524), ([[129, 879], [245, 879], [245, 939], [129, 939]], '빨랜권', 0.006581019978209023), ([[108, 1050], [386, 1050], [386, 1106], [108, 1106]], '(와 맨발 때다', 0.03903109376851088), ([[192, 1104], [300, 1104], [300, 1160], [192, 1160]], '@렇페', 0.3572685343778835), ([[105, 1159], [389, 1159], [389, 1219], [105, 1219]], '헬떼 활 수 웨다편', 0.038169062221583935), ([[91, 1214], [408, 1214], [408, 1276], [91, 1276]], '조금 개릭-리늄 겨몸은', 0.023149547841371094), ([[148, 1274], [352, 1274], [352, 1328], [148, 1328]], '괜찮으내륙 ~', 0.015059173063501692)]
[([[536, 558], [744, 558], [744, 630], [536, 630]], '금방 다시', 0.9992508059575238), ([[561, 639], [717, 639], [717, 705], [561, 705]], '만나자.', 0.9785770773887634), ([[581, 708], [688, 708], [688, 789], [581, 789]], '약속.', 0.9544678882730847), ([[1144, 1464], [1258, 1464], [1258, 1518], [1144, 1518]], '도시)', 0.0028498924046480457)]
[([[145, 17], [339, 17], [339, 83], [145, 83]], '그리고 식후', 0.3518576920877596), ([[75, 87], [407, 87], [407, 149], [75, 149]], '작은 디저트입내다', 0.8360793067575353), ([[0, 153], [489, 153], [489, 217], [0, 217]], '데이트틀 위한 서배스예요서', 0.14517846694036612), ([[329, 233], [401, 233], [401, 293], [329, 293]], '옛?', 0.9373728941294323), ([[1061, 1243], [1139, 1243], [1139, 1309], [1061, 1309]], '너무', 0.99996796854539), ([[34, 1284], [186, 1284], [186, 1340], [34, 1340]], '나한데?', 0.9769880771636963), ([[1009, 1317], [1197, 1317], [1197, 1377], [1009, 1377]], '귀여워엇"', 0.568395952373073)]
[]
[([[171, 13], [265, 13], [265, 57], [171, 57]], '하하', 0.9998146431921386), ([[803, 47], [881, 47], [881, 87], [803, 87]], '저기', 0.9995346462187245), ([[1151, 43], [1205, 43], [1205, 81], [1151, 81]], '~', 0.013937454695742924), ([[113, 69], [325, 69], [325, 135], [113, 135]], '저도 이렇계', 0.7530387269587595), ([[735, 115], [781, 115], [781, 155], [735, 155]], '저', 0.9999878406894283), ([[787, 103], [917, 103], [917, 167], [787, 167]], '사람은', 0.9944553466190397), ([[1, 139], [441, 139], [441, 203], [1, 203]], '귀여운 여친이 있없으면', 0.39171957663689666), ([[16, 202], [428, 202], [428, 276], [16, 276]], '정말 행운이터호 손넥', 0.023481547184416238), ([[750, 978], [1000, 978], [1000, 1026], [750, 1026]], '게다가 저도 ', 0.739185347672738), ([[1010.8674325266986, 22.129959864804015], [1071.5017447642097, 31.824156697298637], [1063.1325674733014, 74.87004013519598], [1002.4982552357903, 65.17584330270137]], '7어', 0.0514461634162614)]
[([[287, 247], [317, 247], [317, 263], [287, 263]], '009', 0.14049684614953342), ([[307, 213], [613, 213], [613, 273], [307, 273]], '달끔하고 사랑스럽지', 0.6121265816935775), ([[313, 430], [580, 430], [580, 485], [313, 485]], '.지고의 낭낭이다', 0.2407755159438709)]
