2678111
2677823
2677204
2677001
2677001
2677001
2676439
2676405
2676362
2676297
2676051
2676051
2675676
2675676
2675487
2674714
2674569
2674569
2673910
2673910
2673910
2673676
2673388
2672987
2672735
2672570
2672570
2672450
2672406
2672341
2671671
2671483
2671483
2671388
2671202
2670926
2670199
2670199
2669963
2669661
2669236
2668995
2668995
2668417
2668417
2668204
2668199
2668190
2668123
2668062
2668021
2668021
2667372
2667204
2666980
2666980
2666206
2666040
2666040
2665717
2665084
2664936
2664936
2664130
2663726
2663726
2663726
2663208
2662990
2662990
2662812
2662674
2662674
2662500
2662500
2661977
2661711
2661367
2661367
2661226
2661226
2661226
2661226
2660822
2660561
2660485
2660446
2660241
2660164
2660164
