2678161
2677826
2677704
2677571
2677290
2676504
2676407
2676407
2676363
2676331
2676331
2676268
2675678
2675678
2675578
2674733
2674513
2674513
2674295
2673679
2673679
2673403
2673403
2673009
2672766
2672577
2672571
2672545
2672414
2672414
2671674
2671674
2671531
2671412
2671203
2670928
2670445
2670055
2669964
2669964
2669730
2669262
2669062
2668849
2668849
2668245
2668200
2668191
2668185
2668063
2668025
2667864
2667864
2667226
2667015
2667015
2666709
2666292
2666150
2666047
2665746
2665366
2664879
2664170
2664170
2664170
2663797
2663626
2663626
2663265
2662826
2662826
2662776
2662714
2662640
2662331
2662331
2662214
2661985
2661555
2661555
2661402
2661250
2660823
2660823
2660566
2660507
2660452
2660387
2660304
2660039
2660039
2659628
2659628
2659484
2659390
2659353
2659286
2659122
2658877
2658615
2658615
2658412
2657622
2657622
2657410
2657102
2656992
2656201
2656201
2656146
2656027
2655840
2655603
2655104
2655104
2654948
2654597
2654264
2653655
2653655
2653655
2653518
2653064
2652890
2652111
2652111
2651997
2651850
2651447
2651243
2650898
2650411
2650411
2650099
2649392
2649392
2648991
2648683
2648517
2648517
2648242
2648043
2647750
2647688
2647434
2647434
2647269
