2678029
2677801
2677550
2677550
2677080
2676903
2676433
2676366
2676286
2676243
2676243
2675943
2675675
2675478
2674891
2674891
2674075
2674075
2673741
2673673
2673375
2673375
2673375
2672942
2672575
2672575
2672538
2672538
2672396
2672396
2671649
2671649
2671462
2671324
2671196
2671196
2670918
2670082
2670033
2669950
2669576
2669409
2668957
2668361
2668203
2668203
2668195
2668136
2668136
2668122
2668059
2667777
2667342
2667342
2666945
2666371
2666193
2666193
2666126
2665513
2665513
2665228
2664935
