2677988
2677742
2677077
2676618
2676618
2676618
2676428
2676428
2676365
2676335
2676280
2676238
2675632
2675632
2675394
2674847
2674532
2673924
2673924
2673650
2673650
2673650
2673374
2672872
2672573
2672568
2672568
2672469
2672441
2672394
2671616
2671616
2671419
2671317
2671207
2671125
2670020
2670020
2669900
2669517
2669517
2669132
2668275
2668275
2668275
2668202
2668193
2668188
2668133
2668040
2668040
2667331
2667331
2667141
2667141
2666933
2666334
2666177
2666090
2665955
2665465
2665035
2665035
2664455
2664455
2663882
2663882
2663702
2663461
2663101
2662798
2662798
2662662
2662662
2662240
2662240
2662036
2661790
2661620
2661620
