2677839
2677839
2677740
2677583
2677334
2676868
2676616
2676616
2676364
2676364
2676333
2676115
2675629
2675629
2674746
2674666
2674666
2674516
2674516
2674341
2673917
2673711
2673328
2673328
2672806
2672605
2672572
2672567
2672464
2672438
2672364
2671690
2671417
2671417
2671206
2671206
2670763
2670763
2669968
2669805
2669484
2669484
2669269
2669103
2668268
2668268
2668201
2668192
2668186
2668132
2668034
2667521
2667521
2667521
2667310
2667019
2666308
2666308
2666151
2666066
2665938
2665409
2665026
2664917
2664280
2664095
2664095
2663644
2663028
2663028
2662864
2662864
2662795
2662728
2662535
2662346
2662216
2661995
